409374293;23763
409390967;23764
409407640;23765
409424314;23766
409440988;23767
409457661;23768
409474335;23769
409491009;23770
409524356;23771
409541030;23772
409557703;23773
409574377;23774
409591051;23775
409607724;23776
409624398;23777
409641072;23778
409657745;23779
409674419;23780
409691093;23781
409707766;23782
409724440;23783
409741114;23784
409757787;23785
409774461;23786
409791135;23787
409807808;23788
409824482;23789
409841156;23790
409857829;23791
409874503;23792
409891177;23793
409907850;23794
409924524;23795
409941197;23796
409957871;23797
409974545;23798
409991218;23799
410007892;23800
410041239;23801
410057913;23802
410074587;23803
410091260;23804
410107934;23805
410124608;23806
410141281;23807
410157955;23808
410174629;23809
410191302;23810
410207976;23811
410224650;23812
410241323;23813
410257997;23814
410274671;23815
410291344;23816
410308018;23817
410324692;23818
410341365;23819
410358039;23820
410374713;23821
410391386;23822
410408060;23823
410424734;23824
410441407;23825
410458081;23826
410474755;23827
410491428;23828
410508102;23829
410541449;23830
410558123;23831
410574797;23832
410591470;23833
410608144;23834
410624818;23835
410641491;23836
410658165;23837
410674839;23838
410691512;23839
410708186;23840
410724860;23841
410741533;23842
410758207;23843
410774881;23844
410791554;23845
410808228;23846
410824902;23847
410841575;23848
410858249;23849
410874923;23850
410891596;23851
410908270;23852
410924944;23853
410941617;23854
410958291;23855
410974965;23856
410991638;23857
411008312;23858
411041659;23859
411058333;23860
411075007;23861
411091680;23862
411108354;23863
411125028;23864
411141701;23865
411158375;23866
411175048;23867
411191722;23868
411208396;23869
411225070;23870
411241743;23871
411258417;23872
411275091;23873
411291764;23874
411308438;23875
411325112;23876
411341785;23877
411358459;23878
411375132;23879
411391806;23880
411408480;23881
411425153;23882
411441827;23883
411458501;23884
411475175;23885
411491848;23886
411508522;23887
411541869;23888
411558543;23889
411575217;23890
411591890;23891
411608564;23892
411625238;23893
411641911;23894
411658585;23895
411675259;23896
411691932;23897
411708606;23898
411725280;23899
411741953;23900
411758627;23901
411775301;23902
411791974;23903
411808648;23904
411825322;23905
411841995;23906
411858669;23907
411875343;23908
411892016;23909
411908690;23910
411925364;23911
411942037;23912
411958711;23913
411975384;23914
411992058;23915
412008732;23916
412042079;23917
412058753;23918
412075427;23919
412092100;23920
412108774;23921
412125448;23922
412142121;23923
412158795;23924
412175469;23925
412192142;23926
412208816;23927
412225490;23928
412242163;23929
412258837;23930
412275511;23931
412292184;23932
412308858;23933
412325532;23934
412342205;23935
412358879;23936
412375553;23937
412392226;23938
412408900;23939
412425574;23940
412442247;23941
412458921;23942
412475595;23943
412492268;23944
412508942;23945
412542289;23946
412558963;23947
412575637;23948
412592310;23949
412608984;23950
412625658;23951
412642331;23952
412659005;23953
412675679;23954
412692352;23955
412709026;23956
412725700;23957
412742373;23958
412759047;23959
412775721;23960
412792394;23961
412809068;23962
412825742;23963
412842415;23964
412859089;23965
412875763;23966
412892436;23967
412909110;23968
412925784;23969
412942457;23970
412959131;23971
412975805;23972
412992478;23973
413009152;23974
413042499;23975
413059173;23976
413075847;23977
413092521;23978
413109194;23979
413125868;23980
413142542;23981
413159215;23982
413175889;23983
413192563;23984
413209236;23985
413225910;23986
413242584;23987
413259257;23988
413275931;23989
413292605;23990
413309278;23991
413325952;23992
413342626;23993
413359299;23994
413375973;23995
413392647;23996
413409320;23997
413425994;23998
413442668;23999
413459341;24000
413476015;24001
413492689;24002
413509362;24003
413542710;24004
413559383;24005
413576057;24006
413592731;24007
413609404;24008
413626078;24009
413642752;24010
413659425;24011
413676099;24012
413692773;24013
413709446;24014
413726120;24015
413742794;24016
413759467;24017
413776141;24018
413792815;24019
413809488;24020
413826162;24021
413842836;24022
413859509;24023
413876183;24024
413892857;24025
413909531;24026
413926204;24027
413942878;24028
413959552;24029
413976225;24030
413992899;24031
414009573;24032
414026246;24033
414059594;24034
414076267;24035
414092941;24036
414109615;24037
414126288;24038
414142962;24039
414159636;24040
414176309;24041
414192983;24042
414209657;24043
414226330;24044
414243004;24045
414259678;24046
414276351;24047
414293025;24048
414309699;24049
414326372;24050
414343046;24051
414359720;24052
414376393;24053
414393067;24054
414409741;24055
414426414;24056
414443088;24057
414459762;24058
414476436;24059
414493109;24060
414509783;24061
414526457;24062
414559804;24063
414576478;24064
414593151;24065
414609825;24066
414626499;24067
414643172;24068
414659846;24069
414676520;24070
414693193;24071
414709867;24072
414726541;24073
414743214;24074
414759888;24075
414776562;24076
414793235;24077
414809909;24078
414826583;24079
414843256;24080
414859930;24081
414876604;24082
414893277;24083
414909951;24084
414926625;24085
414943298;24086
414959972;24087
414976646;24088
414993319;24089
415009993;24090
415026667;24091
415060014;24092
415076688;24093
415093362;24094
415110035;24095
415126709;24096
415143383;24097
415160056;24098
415176730;24099
415193404;24100
415210077;24101
415226751;24102
415243425;24103
415260098;24104
415276772;24105
415293446;24106
415310119;24107
415326793;24108
415343467;24109
415360140;24110
415376814;24111
415393488;24112
415410161;24113
415426835;24114
415443509;24115
415460182;24116
415476856;24117
415493530;24118
415510204;24119
415526877;24120
415560225;24121
415576898;24122
415593572;24123
415610246;24124
415626919;24125
415643593;24126
415660267;24127
415676940;24128
415693614;24129
415710288;24130
415726961;24131
415743635;24132
415760309;24133
415776982;24134
415793656;24135
415810330;24136
415827003;24137
415843677;24138
415860351;24139
415877024;24140
415893698;24141
415910372;24142
415927046;24143
415943719;24144
415960393;24145
415977067;24146
415993740;24147
416010414;24148
416027088;24149
416060435;24150
416077109;24151
416093782;24152
416110456;24153
416127130;24154
416143803;24155
416160477;24156
416177151;24157
416193825;24158
416210498;24159
416227172;24160
416243845;24161
416260519;24162
416277193;24163
416293867;24164
416310540;24165
416327214;24166
416343888;24167
416360561;24168
416377235;24169
416393909;24170
416410582;24171
416427256;24172
416443930;24173
416460603;24174
416477277;24175
416493951;24176
416510624;24177
416527298;24178
416560645;24179
416577319;24180
416593993;24181
416610667;24182
416627340;24183
416644014;24184
416660688;24185
416677361;24186
416694035;24187
416710709;24188
416727382;24189
416744056;24190
416760730;24191
416777403;24192
416794077;24193
416810751;24194
416827424;24195
416844098;24196
416860772;24197
416877445;24198
416894119;24199
416910793;24200
416927466;24201
416944140;24202
416960814;24203
416977488;24204
416994161;24205
417010835;24206
417027509;24207
417060856;24208
417077530;24209
417094203;24210
417110877;24211
417127551;24212
417144224;24213
417160898;24214
417177572;24215
417194245;24216
417210919;24217
417227593;24218
417244267;24219
417260940;24220
417277614;24221
417294288;24222
417310961;24223
417327635;24224
417344309;24225
417360982;24226
417377656;24227
417394330;24228
417411003;24229
417427677;24230
417444351;24231
417461024;24232
417477698;24233
417494372;24234
417511045;24235
417527719;24236
417561066;24237
417577740;24238
417594414;24239
417611088;24240
417627761;24241
417644435;24242
417661109;24243
417677782;24244
417694456;24245
417711130;24246
417727803;24247
417744477;24248
417761151;24249
417777824;24250
417794498;24251
417811172;24252
417827846;24253
417844519;24254
417861193;24255
417877867;24256
417894540;24257
417911214;24258
417927888;24259
417944561;24260
417961235;24261
417977909;24262
417994582;24263
418011256;24264
418027930;24265
418061277;24266
418077951;24267
418094624;24268
418111298;24269
418127972;24270
418144645;24271
418161319;24272
418177993;24273
418194667;24274
418211340;24275
418228014;24276
418244688;24277
418261361;24278
418278035;24279
418294709;24280
418311382;24281
418328056;24282
418344730;24283
418361403;24284
418378077;24285
418394751;24286
418411424;24287
418428098;24288
418444772;24289
418461446;24290
418478119;24291
418494793;24292
418511467;24293
418528140;24294
418561488;24295
418578161;24296
418594835;24297
418611509;24298
418628182;24299
418644856;24300
418661530;24301
418678204;24302
418694877;24303
418711551;24304
418728225;24305
418744898;24306
418761572;24307
418778246;24308
418794919;24309
418811593;24310
418828267;24311
418844940;24312
418861614;24313
418878288;24314
418894961;24315
418911635;24316
418928309;24317
418944983;24318
418961656;24319
418978330;24320
418995003;24321
419011677;24322
419028351;24323
419061698;24324
419078372;24325
419095046;24326
419111719;24327
419128393;24328
419145067;24329
419161740;24330
419178414;24331
419195088;24332
419211762;24333
419228435;24334
419245109;24335
419261783;24336
419278456;24337
419295130;24338
419311804;24339
419328477;24340
419345151;24341
419361825;24342
419378498;24343
419395172;24344
419411846;24345
419428519;24346
419445193;24347
419461867;24348
419478541;24349
419495214;24350
419511888;24351
419528562;24352
419561909;24353
419578583;24354
419595256;24355
419611930;24356
419628604;24357
419645277;24358
419661951;24359
419678625;24360
419695298;24361
419711972;24362
419728646;24363
419745320;24364
419761993;24365
419778667;24366
419795341;24367
419812014;24368
419828688;24369
419845362;24370
419862035;24371
419878709;24372
419895383;24373
419912056;24374
419928730;24375
419945404;24376
419962077;24377
419978751;24378
419995425;24379
420012099;24380
420028772;24381
420062120;24382
420078793;24383
420095467;24384
420112141;24385
420128814;24386
420145488;24387
420162162;24388
420178835;24389
420195509;24390
420212183;24391
420228856;24392
420245530;24393
420262204;24394
420278878;24395
420295551;24396
420312225;24397
420328899;24398
420345572;24399
420362246;24400
420378920;24401
420395593;24402
420412267;24403
420428941;24404
420445614;24405
420462288;24406
420478962;24407
420495636;24408
420512309;24409
420528983;24410
420562330;24411
420579004;24412
420595678;24413
420612351;24414
420629025;24415
420645699;24416
420662373;24417
420679046;24418
420695720;24419
420712394;24420
420729067;24421
420745741;24422
420762415;24423
420779088;24424
420795762;24425
420812436;24426
420829109;24427
420845783;24428
420862457;24429
420879130;24430
420895804;24431
420912478;24432
420929151;24433
420945825;24434
420962499;24435
420979173;24436
420995846;24437
421012520;24438
421029194;24439
421062541;24440
421079215;24441
421095888;24442
421112562;24443
421129236;24444
421145910;24445
421162583;24446
421179257;24447
421195931;24448
421212604;24449
421229278;24450
421245952;24451
421262625;24452
421279299;24453
421295973;24454
421312646;24455
421329320;24456
421345994;24457
421362667;24458
421379341;24459
421396015;24460
421412689;24461
421429362;24462
421446036;24463
421462710;24464
421479383;24465
421496057;24466
421512731;24467
421529405;24468
421562752;24469
421579426;24470
421596099;24471
421612773;24472
421629447;24473
421646120;24474
421662794;24475
421679468;24476
421696141;24477
421712815;24478
421729489;24479
421746162;24480
421762836;24481
421779510;24482
421796184;24483
421812857;24484
421829531;24485
421846205;24486
421862878;24487
421879552;24488
421896226;24489
421912899;24490
421929573;24491
421946247;24492
421962920;24493
421979594;24494
421996268;24495
422012942;24496
422029615;24497
422062963;24498
422079636;24499
422096310;24500
422112984;24501
422129657;24502
422146331;24503
422163005;24504
422179678;24505
422196352;24506
422213026;24507
422229700;24508
422246373;24509
422263047;24510
422279721;24511
422296394;24512
422313068;24513
422329742;24514
422346415;24515
422363089;24516
422379763;24517
422396437;24518
422413110;24519
422429784;24520
422446458;24521
422463131;24522
422479805;24523
422496479;24524
422513152;24525
422529826;24526
422563173;24527
422579847;24528
422596521;24529
422613194;24530
422629868;24531
422646542;24532
422663216;24533
422679889;24534
422696563;24535
422713237;24536
422729910;24537
422746584;24538
422763258;24539
422779932;24540
422796605;24541
422813279;24542
422829953;24543
422846626;24544
422863300;24545
422879974;24546
422896647;24547
422913321;24548
422929995;24549
422946668;24550
422963342;24551
422980016;24552
422996689;24553
423013363;24554
423030037;24555
423063384;24556
423080058;24557
423096732;24558
423113405;24559
423130079;24560
423146753;24561
423163426;24562
423180100;24563
423196774;24564
423213448;24565
423230121;24566
423246795;24567
423263469;24568
423280142;24569
423296816;24570
423313490;24571
423330163;24572
423346837;24573
423363511;24574
423380184;24575
423396858;24576
423413532;24577
423430205;24578
423446879;24579
423463553;24580
423480227;24581
423496900;24582
423513574;24583
423530248;24584
423563595;24585
423580269;24586
423596942;24587
423613616;24588
423630290;24589
423646964;24590
423663637;24591
423680311;24592
423696985;24593
423713658;24594
423730332;24595
423747006;24596
423763679;24597
423780353;24598
423797027;24599
423813700;24600
423830374;24601
423847048;24602
423863722;24603
423880395;24604
423897069;24605
423913743;24606
423930416;24607
423947090;24608
423963764;24609
423980437;24610
423997111;24611
424013785;24612
424030458;24613
424063806;24614
424080480;24615
424097153;24616
424113827;24617
424130501;24618
424147174;24619
424163848;24620
424180522;24621
424197196;24622
424213869;24623
424230543;24624
424247217;24625
424263890;24626
424280564;24627
424297238;24628
424313911;24629
424330585;24630
424347259;24631
424363932;24632
424380606;24633
424397280;24634
424413954;24635
424430627;24636
424447301;24637
424463975;24638
424480648;24639
424497322;24640
424513996;24641
424530669;24642
424564017;24643
424580690;24644
424597364;24645
424614038;24646
424630712;24647
424647385;24648
424664059;24649
424680733;24650
424697406;24651
424714080;24652
424730754;24653
424747427;24654
424764101;24655
424780775;24656
424797448;24657
424814122;24658
424830796;24659
424847470;24660
424864143;24661
424880817;24662
424897491;24663
424914164;24664
424930838;24665
424947512;24666
424964185;24667
424980859;24668
424997533;24669
425014207;24670
425030880;24671
425064228;24672
425080901;24673
425097575;24674
425114249;24675
425130922;24676
425147596;24677
425164270;24678
425180944;24679
425197617;24680
425214291;24681
425230965;24682
425247638;24683
425264312;24684
425280986;24685
425297659;24686
425314333;24687
425331007;24688
425347680;24689
425364354;24690
425381028;24691
425397702;24692
425414375;24693
425431049;24694
425447723;24695
425464396;24696
425481070;24697
425497744;24698
425514417;24699
425531091;24700
425564439;24701
425581112;24702
425597786;24703
425614460;24704
425631133;24705
425647807;24706
425664481;24707
425681154;24708
425697828;24709
425714502;24710
425731175;24711
425747849;24712
425764523;24713
425781197;24714
425797870;24715
425814544;24716
425831218;24717
425847891;24718
425864565;24719
425881239;24720
425897912;24721
425914586;24722
425931260;24723
425947933;24724
425964607;24725
425981281;24726
425997955;24727
426014628;24728
426031302;24729
426064649;24730
426081323;24731
426097997;24732
426114670;24733
426131344;24734
426148018;24735
426164691;24736
426181365;24737
426198039;24738
426214713;24739
426231386;24740
426248060;24741
426264734;24742
426281407;24743
426298081;24744
426314755;24745
426331429;24746
426348102;24747
426364776;24748
426381449;24749
426398123;24750
426414797;24751
426431471;24752
426448144;24753
426464818;24754
426481492;24755
426498165;24756
426514839;24757
426531513;24758
426564860;24759
426581534;24760
426598208;24761
426614881;24762
426631555;24763
426648229;24764
426664902;24765
426681576;24766
426698250;24767
426714923;24768
426731597;24769
426748271;24770
426764944;24771
426781618;24772
426798292;24773
426814966;24774
426831639;24775
426848313;24776
426864987;24777
426881660;24778
426898334;24779
426915008;24780
426931681;24781
426948355;24782
426965029;24783
426981703;24784
426998376;24785
427015050;24786
427031724;24787
427065071;24788
427081745;24789
427098418;24790
427115092;24791
427131766;24792
427148440;24793
427165113;24794
427181787;24795
427198461;24796
427215134;24797
427231808;24798
427248482;24799
427265155;24800
427281829;24801
427298503;24802
427315177;24803
427331850;24804
427348524;24805
427365197;24806
427381871;24807
427398545;24808
427415219;24809
427431892;24810
427448566;24811
427465240;24812
427481913;24813
427498587;24814
427515261;24815
427531935;24816
427565282;24817
427581956;24818
427598629;24819
427615303;24820
427631977;24821
427648650;24822
427665324;24823
427681998;24824
427698671;24825
427715345;24826
427732019;24827
427748693;24828
427765366;24829
427782040;24830
427798714;24831
427815387;24832
427832061;24833
427848735;24834
427865408;24835
427882082;24836
427898756;24837
427915429;24838
427932103;24839
427948777;24840
427965451;24841
427982124;24842
427998798;24843
428015472;24844
428032145;24845
428065493;24846
428082166;24847
428098840;24848
428115514;24849
428132188;24850
428148861;24851
428165535;24852
428182209;24853
428198882;24854
428215556;24855
428232230;24856
428248903;24857
428265577;24858
428282251;24859
428298924;24860
428315598;24861
428332272;24862
428348946;24863
428365619;24864
428382293;24865
428398967;24866
428415640;24867
428432314;24868
428448988;24869
428465661;24870
428482335;24871
428499009;24872
428515682;24873
428532356;24874
428565704;24875
428582377;24876
428599051;24877
428615725;24878
428632398;24879
428649072;24880
428665746;24881
428682419;24882
428699093;24883
428715767;24884
428732440;24885
428749114;24886
428765788;24887
428782462;24888
428799135;24889
428815809;24890
428832483;24891
428849156;24892
428865830;24893
428882504;24894
428899177;24895
428915851;24896
428932525;24897
428949198;24898
428965872;24899
428982546;24900
428999220;24901
429015893;24902
429032567;24903
429065914;24904
429082588;24905
429099262;24906
429115935;24907
429132609;24908
429149283;24909
429165956;24910
429182630;24911
429199304;24912
429215978;24913
429232651;24914
429249325;24915
429265999;24916
429282672;24917
429299346;24918
429316020;24919
429332693;24920
429349367;24921
429366041;24922
429382715;24923
429399388;24924
429416062;24925
429432736;24926
429449409;24927
429466083;24928
429482757;24929
429499430;24930
429516104;24931
429532778;24932
429566125;24933
429582799;24934
429599472;24935
429616146;24936
429632820;24937
429649494;24938
429666167;24939
429682841;24940
429699515;24941
429716188;24942
429732862;24943
429749536;24944
429766209;24945
429782883;24946
429799557;24947
429816231;24948
429832904;24949
429849578;24950
429866252;24951
429882925;24952
429899599;24953
429916273;24954
429932946;24955
429949620;24956
429966294;24957
429982967;24958
429999641;24959
430016315;24960
430032989;24961
430066336;24962
430083010;24963
430099683;24964
430116357;24965
430133031;24966
430149704;24967
430166378;24968
430183052;24969
430199726;24970
430216399;24971
430233073;24972
430249747;24973
430266420;24974
430283094;24975
430299768;24976
430316441;24977
430333115;24978
430349789;24979
430366462;24980
430383136;24981
430399810;24982
430416483;24983
430433157;24984
430449831;24985
430466505;24986
430483178;24987
430499852;24988
430516526;24989
430533199;24990
430566547;24991
430583220;24992
430599894;24993
430616568;24994
430633241;24995
430649915;24996
430666589;24997
430683263;24998
430699936;24999
430716610;25000
430733284;25001
430749957;25002
430766631;25003
430783305;25004
430799978;25005
430816652;25006
430833326;25007
430849999;25008
430866673;25009
430883347;25010
430900021;25011
430916694;25012
430933368;25013
430950042;25014
430966715;25015
430983389;25016
431000063;25017
431016736;25018
431033410;25019
431066757;25020
431083431;25021
431100105;25022
431116779;25023
431133452;25024
431150126;25025
431166800;25026
431183473;25027
431200147;25028
431216821;25029
431233494;25030
431250168;25031
431266842;25032
431283515;25033
431300189;25034
431316863;25035
431333536;25036
431350210;25037
431366884;25038
431383558;25039
431400231;25040
431416905;25041
431433579;25042
431450252;25043
431466926;25044
431483600;25045
431500273;25046
431516947;25047
431533621;25048
431566968;25049
431583642;25050
431600316;25051
431616989;25052
431633663;25053
431650337;25054
431667010;25055
431683684;25056
431700358;25057
431717031;25058
431733705;25059
431750379;25060
431767052;25061
431783726;25062
431800400;25063
431817074;25064
431833747;25065
431850421;25066
431867095;25067
431883768;25068
431900442;25069
431917116;25070
431933789;25071
431950463;25072
431967137;25073
431983810;25074
432000484;25075
432017158;25076
432033832;25077
432067179;25078
432083853;25079
432100526;25080
432117200;25081
432133874;25082
432150547;25083
432167221;25084
432183895;25085
432200568;25086
432217242;25087
432233916;25088
432250590;25089
432267263;25090
432283937;25091
432300611;25092
432317284;25093
432333958;25094
432350632;25095
432367305;25096
432383979;25097
432400653;25098
432417326;25099
432434000;25100
432450674;25101
432467347;25102
432484021;25103
432500695;25104
432517369;25105
432534042;25106
432567390;25107
432584063;25108
432600737;25109
432617411;25110
432634084;25111
432650758;25112
432667432;25113
432684105;25114
432700779;25115
432717453;25116
432734126;25117
432750800;25118
432767474;25119
432784148;25120
432800821;25121
432817495;25122
432834169;25123
432850842;25124
432867516;25125
432884190;25126
432900863;25127
432917537;25128
432934211;25129
432950884;25130
432967558;25131
432984232;25132
433000906;25133
433017579;25134
433034253;25135
433067600;25136
433084274;25137
433100948;25138
433117621;25139
433134295;25140
433150969;25141
433167642;25142
433184316;25143
433200990;25144
433217663;25145
433234337;25146
433251011;25147
433267685;25148
433284358;25149
433301032;25150
433317706;25151
433334379;25152
433351053;25153
433367727;25154
433384400;25155
433401074;25156
433417748;25157
433434421;25158
433451095;25159
433467769;25160
433484442;25161
433501116;25162
433517790;25163
433534463;25164
433567811;25165
433584484;25166
433601158;25167
433617832;25168
433634506;25169
433651179;25170
433667853;25171
433684527;25172
433701200;25173
433717874;25174
433734548;25175
433751221;25176
433767895;25177
433784569;25178
433801242;25179
433817916;25180
433834590;25181
433851264;25182
433867937;25183
433884611;25184
433901285;25185
433917958;25186
433934632;25187
433951306;25188
433967979;25189
433984653;25190
434001327;25191
434018000;25192
434034674;25193
434068021;25194
434084695;25195
434101369;25196
434118043;25197
434134716;25198
434151390;25199
434168064;25200
434184737;25201
434201411;25202
434218085;25203
434234758;25204
434251432;25205
434268106;25206
434284779;25207
434301453;25208
434318127;25209
434334800;25210
434351474;25211
434368148;25212
434384821;25213
434401495;25214
434418169;25215
434434843;25216
434451516;25217
434468190;25218
434484864;25219
434501537;25220
434518211;25221
434534885;25222
434568232;25223
434584906;25224
434601579;25225
434618253;25226
434634927;25227
434651600;25228
434668274;25229
434684948;25230
434701621;25231
434718295;25232
434734969;25233
434751643;25234
434768316;25235
434784990;25236
434801664;25237
434818337;25238
434835011;25239
434851685;25240
434868358;25241
434885032;25242
434901706;25243
434918379;25244
434935053;25245
434951727;25246
434968400;25247
434985074;25248
435001748;25249
435018421;25250
435035095;25251
435068443;25252
435085116;25253
435101790;25254
435118464;25255
435135137;25256
435151811;25257
435168485;25258
435185158;25259
435201832;25260
435218506;25261
435235179;25262
435251853;25263
435268527;25264
435285200;25265
435301874;25266
435318548;25267
435335221;25268
435351895;25269
435368569;25270
435385243;25271
435401916;25272
435418590;25273
435435264;25274
435451937;25275
435468611;25276
435485285;25277
435501958;25278
435518632;25279
435535306;25280
435568653;25281
435585327;25282
435602000;25283
435618674;25284
435635348;25285
435652021;25286
435668695;25287
435685369;25288
435702042;25289
435718716;25290
435735390;25291
435752063;25292
435768737;25293
435785411;25294
435802085;25295
435818758;25296
435835432;25297
435852106;25298
435868779;25299
435885453;25300
435902127;25301
435918800;25302
435935474;25303
435952148;25304
435968821;25305
435985495;25306
436002169;25307
436018842;25308
436035516;25309
436068864;25310
436085537;25311
436102211;25312
436118885;25313
436135558;25314
436152232;25315
436168906;25316
436185579;25317
436202253;25318
436218927;25319
436235600;25320
436252274;25321
436268948;25322
436285621;25323
436302295;25324
436318969;25325
436335642;25326
436352316;25327
436368990;25328
436385663;25329
436402337;25330
436419011;25331
436435684;25332
436452358;25333
436469032;25334
436485705;25335
436502379;25336
436519053;25337
436535727;25338
436569074;25339
436585748;25340
436602421;25341
436619095;25342
436635769;25343
436652442;25344
436669116;25345
436685790;25346
436702463;25347
436719137;25348
436735811;25349
436752484;25350
436769158;25351
436785832;25352
436802505;25353
436819179;25354
436835853;25355
436852527;25356
436869200;25357
436885874;25358
436902547;25359
436919221;25360
436935895;25361
436952569;25362
436969242;25363
436985916;25364
437002590;25365
437019263;25366
437035937;25367
437069284;25368
437085958;25369
437102632;25370
437119305;25371
437135979;25372
437152653;25373
437169326;25374
437186000;25375
437202674;25376
437219347;25377
437236021;25378
437252695;25379
437269368;25380
437286042;25381
437302716;25382
437319390;25383
437336063;25384
437352737;25385
437369411;25386
437386084;25387
437402758;25388
437419432;25389
437436105;25390
437452779;25391
437469453;25392
437486126;25393
437502800;25394
437519474;25395
437536147;25396
437569495;25397
437586168;25398
437602842;25399
437619516;25400
437636189;25401
437652863;25402
437669537;25403
437686210;25404
437702884;25405
437719558;25406
437736231;25407
437752905;25408
437769579;25409
437786252;25410
437802926;25411
437819600;25412
437836273;25413
437852947;25414
437869621;25415
437886294;25416
437902968;25417
437919642;25418
437936316;25419
437952989;25420
437969663;25421
437986337;25422
438003010;25423
438019684;25424
438036358;25425
438069705;25426
438086379;25427
438103052;25428
438119726;25429
438136400;25430
438153073;25431
438169747;25432
438186421;25433
438203094;25434
438219768;25435
438236442;25436
438253115;25437
438269789;25438
438286463;25439
438303136;25440
438319810;25441
438336484;25442
438353157;25443
438369831;25444
438386505;25445
438403178;25446
438419852;25447
438436526;25448
438453199;25449
438469873;25450
438486547;25451
438503221;25452
438519894;25453
438536568;25454
438569915;25455
438586589;25456
438603263;25457
438619936;25458
438636610;25459
438653284;25460
438669957;25461
438686631;25462
438703305;25463
438719978;25464
438736652;25465
438753326;25466
438769999;25467
438786673;25468
438803347;25469
438820020;25470
438836694;25471
438853368;25472
438870041;25473
438886715;25474
438903389;25475
438920062;25476
438936736;25477
438953410;25478
438970083;25479
438986757;25480
439003431;25481
439020104;25482
439036778;25483
439070125;25484
439086799;25485
439103473;25486
439120146;25487
439136820;25488
439153494;25489
439170167;25490
439186841;25491
439203515;25492
439220188;25493
439236862;25494
439253536;25495
439270209;25496
439286883;25497
439303557;25498
439320230;25499
439336904;25500
439353578;25501
439370252;25502
439386925;25503
439403599;25504
439420273;25505
439436946;25506
439453620;25507
439470294;25508
439486967;25509
439503641;25510
439520315;25511
439536988;25512
439570336;25513
439587009;25514
439603683;25515
439620357;25516
439637030;25517
439653704;25518
439670378;25519
439687051;25520
439703725;25521
439720399;25522
439737072;25523
439753746;25524
439770420;25525
439787093;25526
439803767;25527
439820441;25528
439837114;25529
439853788;25530
439870462;25531
439887135;25532
439903809;25533
439920483;25534
439937156;25535
439953830;25536
439970504;25537
439987177;25538
440003851;25539
440020525;25540
440037198;25541
440070546;25542
440087219;25543
440103893;25544
440120567;25545
440137240;25546
440153914;25547
440170588;25548
440187261;25549
440203935;25550
440220609;25551
440237282;25552
440253956;25553
440270630;25554
440287303;25555
440303977;25556
440320651;25557
440337324;25558
440353998;25559
440370672;25560
440387346;25561
440404019;25562
440420693;25563
440437366;25564
440454040;25565
440470714;25566
440487387;25567
440504061;25568
440520735;25569
440537409;25570
440570756;25571
440587430;25572
440604103;25573
440620777;25574
440637451;25575
440654124;25576
440670798;25577
440687472;25578
440704145;25579
440720819;25580
440737493;25581
440754166;25582
440770840;25583
440787514;25584
440804187;25585
440820861;25586
440837535;25587
440854208;25588
440870882;25589
440887556;25590
440904229;25591
440920903;25592
440937576;25593
440954250;25594
440970924;25595
440987598;25596
441004271;25597
441020945;25598
441037619;25599
441070966;25600
441087640;25601
441104313;25602
441120987;25603
441137661;25604
441154334;25605
441171008;25606
441187682;25607
441204355;25608
441221029;25609
441237702;25610
441254376;25611
441271050;25612
441287724;25613
441304397;25614
441321071;25615
441337745;25616
441354418;25617
441371092;25618
441387766;25619
441404439;25620
441421113;25621
441437787;25622
441454460;25623
441471134;25624
441487807;25625
441504481;25626
441521155;25627
441537829;25628
441571176;25629
441587850;25630
441604523;25631
441621197;25632
441637871;25633
441654544;25634
441671218;25635
441687892;25636
441704565;25637
441721239;25638
441737912;25639
441754586;25640
441771260;25641
441787934;25642
441804607;25643
441821281;25644
441837954;25645
441854628;25646
441871302;25647
441887975;25648
441904649;25649
441921323;25650
441937997;25651
441954670;25652
441971344;25653
441988018;25654
442004691;25655
442021365;25656
442038038;25657
442071386;25658
442088059;25659
442104733;25660
442121407;25661
442138081;25662
442154754;25663
442171428;25664
442188101;25665
442204775;25666
442221449;25667
442238122;25668
442254796;25669
442271470;25670
442288143;25671
442304817;25672
442321491;25673
442338164;25674
442354838;25675
442371512;25676
442388185;25677
442404859;25678
442421533;25679
442438206;25680
442454880;25681
442471554;25682
442488227;25683
442504901;25684
442521575;25685
442538248;25686
442571596;25687
442588269;25688
442604943;25689
442621617;25690
442638290;25691
442654964;25692
442671638;25693
442688311;25694
442704985;25695
442721659;25696
442738332;25697
442755006;25698
442771680;25699
442788353;25700
442805027;25701
442821701;25702
442838374;25703
442855048;25704
442871722;25705
442888395;25706
442905069;25707
442921743;25708
442938416;25709
442955090;25710
442971763;25711
442988437;25712
443005111;25713
443021784;25714
443038458;25715
443071806;25716
443088479;25717
443105153;25718
443121827;25719
443138500;25720
443155174;25721
443171847;25722
443188521;25723
443205195;25724
443221868;25725
443238542;25726
443255216;25727
443271889;25728
443288563;25729
443305237;25730
443321910;25731
443338584;25732
443355258;25733
443371931;25734
443388605;25735
443405279;25736
443421952;25737
443438626;25738
443455300;25739
443471973;25740
443488647;25741
443505321;25742
443521994;25743
443538668;25744
443572015;25745
443588689;25746
443605363;25747
443622036;25748
443638710;25749
443655383;25750
443672057;25751
443688731;25752
443705405;25753
443722078;25754
443738752;25755
443755426;25756
443772099;25757
443788773;25758
443805446;25759
443822120;25760
443838794;25761
443855467;25762
443872141;25763
443888815;25764
443905488;25765
443922162;25766
443938836;25767
443955509;25768
443972183;25769
443988857;25770
444005530;25771
444022204;25772
444038878;25773
444072225;25774
444088899;25775
444105572;25776
444122246;25777
444138920;25778
444155593;25779
444172267;25780
444188941;25781
444205614;25782
444222288;25783
444238962;25784
444255635;25785
444272309;25786
444288982;25787
444305656;25788
444322330;25789
444339003;25790
444355677;25791
444372351;25792
444389024;25793
444405698;25794
444422372;25795
444439045;25796
444455719;25797
444472393;25798
444489066;25799
444505740;25800
444522414;25801
444539087;25802
444572435;25803
444589108;25804
444605782;25805
444622456;25806
444639129;25807
444655803;25808
444672477;25809
444689150;25810
444705824;25811
444722498;25812
444739171;25813
444755845;25814
444772519;25815
444789192;25816
444805866;25817
444822540;25818
444839213;25819
444855887;25820
444872560;25821
444889234;25822
444905908;25823
444922581;25824
444939255;25825
444955929;25826
444972602;25827
444989276;25828
445005950;25829
445022623;25830
445039297;25831
445072644;25832
445089318;25833
445105992;25834
445122665;25835
445139339;25836
445156013;25837
445172686;25838
445189360;25839
445206034;25840
445222707;25841
445239381;25842
445256055;25843
445272728;25844
445289402;25845
445306075;25846
445322749;25847
445339423;25848
445356097;25849
445372770;25850
445389444;25851
445406117;25852
445422791;25853
445439465;25854
445456138;25855
445472812;25856
445489486;25857
445506159;25858
445522833;25859
445539507;25860
445572854;25861
445589528;25862
445606201;25863
445622875;25864
445639548;25865
445656222;25866
445672896;25867
445689570;25868
445706243;25869
445722917;25870
445739590;25871
445756264;25872
445772938;25873
445789611;25874
445806285;25875
445822959;25876
445839632;25877
445856306;25878
445872980;25879
445889653;25880
445906327;25881
445923001;25882
445939674;25883
445956348;25884
445973022;25885
445989695;25886
446006369;25887
446023043;25888
446039716;25889
446073064;25890
446089737;25891
446106411;25892
446123084;25893
446139758;25894
446156432;25895
446173105;25896
446189779;25897
446206453;25898
446223126;25899
446239800;25900
446256474;25901
446273147;25902
446289821;25903
446306495;25904
446323168;25905
446339842;25906
446356516;25907
446373189;25908
446389863;25909
446406537;25910
446423210;25911
446439884;25912
446456558;25913
446473231;25914
446489905;25915
446506578;25916
446523252;25917
446539926;25918
446573273;25919
446589947;25920
446606620;25921
446623294;25922
446639968;25923
446656641;25924
446673315;25925
446689989;25926
446706662;25927
446723336;25928
446740010;25929
446756683;25930
446773357;25931
446790031;25932
446806704;25933
446823378;25934
446840052;25935
446856725;25936
446873399;25937
446890073;25938
446906746;25939
446923420;25940
446940093;25941
446956767;25942
446973441;25943
446990114;25944
447006788;25945
447023462;25946
447040135;25947
447073483;25948
447090156;25949
447106830;25950
447123504;25951
447140177;25952
447156851;25953
447173525;25954
447190198;25955
447206872;25956
447223545;25957
447240219;25958
447256893;25959
447273566;25960
447290240;25961
447306914;25962
447323587;25963
447340261;25964
447356935;25965
447373608;25966
447390282;25967
447406956;25968
447423629;25969
447440303;25970
447456977;25971
447473650;25972
447490324;25973
447506998;25974
447523671;25975
447540345;25976
447573692;25977
447590366;25978
447607039;25979
447623713;25980
447640387;25981
447657060;25982
447673734;25983
447690408;25984
447707081;25985
447723755;25986
447740429;25987
447757102;25988
447773776;25989
447790450;25990
447807123;25991
447823797;25992
447840471;25993
447857144;25994
447873818;25995
447890492;25996
447907165;25997
447923839;25998
447940512;25999
447957186;26000
447973860;26001
447990533;26002
448007207;26003
448023881;26004
448040554;26005
448073902;26006
448090575;26007
448107249;26008
448123923;26009
448140596;26010
448157270;26011
448173944;26012
448190617;26013
448207291;26014
448223965;26015
448240638;26016
448257312;26017
448273985;26018
448290659;26019
448307333;26020
448324006;26021
448340680;26022
448357354;26023
448374027;26024
448390701;26025
448407375;26026
448424048;26027
448440722;26028
448457396;26029
448474069;26030
448490743;26031
448507417;26032
448524090;26033
448540764;26034
448574111;26035
448590785;26036
448607458;26037
448624132;26038
448640806;26039
448657479;26040
448674153;26041
448690827;26042
448707500;26043
448724174;26044
448740848;26045
448757521;26046
448774195;26047
448790869;26048
448807542;26049
448824216;26050
448840889;26051
448857563;26052
448874237;26053
448890910;26054
448907584;26055
448924258;26056
448940931;26057
448957605;26058
448974279;26059
448990952;26060
449007626;26061
449024300;26062
449040973;26063
449074321;26064
449090994;26065
449107668;26066
449124341;26067
449141015;26068
449157689;26069
449174362;26070
449191036;26071
449207710;26072
449224383;26073
449241057;26074
449257731;26075
449274404;26076
449291078;26077
449307752;26078
449324425;26079
449341099;26080
449357773;26081
449374446;26082
449391120;26083
449407793;26084
449424467;26085
449441141;26086
449457814;26087
449474488;26088
449491162;26089
449507835;26090
449524509;26091
449541183;26092
449574530;26093
449591204;26094
449607877;26095
449624551;26096
449641225;26097
449657898;26098
449674572;26099
449691245;26100
449707919;26101
449724593;26102
449741266;26103
449757940;26104
449774614;26105
449791287;26106
449807961;26107
449824635;26108
449841308;26109
449857982;26110
449874656;26111
449891329;26112
449908003;26113
449924677;26114
449941350;26115
449958024;26116
449974697;26117
449991371;26118
450008045;26119
450024718;26120
450041392;26121
450074739;26122
450091413;26123
450108087;26124
450124760;26125
450141434;26126
450158108;26127
450174781;26128
450191455;26129
450208129;26130
450224802;26131
450241476;26132
450258149;26133
450274823;26134
450291497;26135
450308170;26136
450324844;26137
450341518;26138
450358191;26139
450374865;26140
450391539;26141
450408212;26142
450424886;26143
450441560;26144
450458233;26145
450474907;26146
450491580;26147
450508254;26148
450524928;26149
450541601;26150
450574949;26151
450591622;26152
450608296;26153
450624970;26154
450641643;26155
450658317;26156
450674991;26157
450691664;26158
450708338;26159
450725011;26160
450741685;26161
450758359;26162
450775032;26163
450791706;26164
450808380;26165
450825053;26166
450841727;26167
450858401;26168
450875074;26169
450891748;26170
450908422;26171
450925095;26172
450941769;26173
450958442;26174
450975116;26175
450991790;26176
451008464;26177
451025137;26178
451041811;26179
451075158;26180
451091832;26181
451108505;26182
451125179;26183
451141853;26184
451158526;26185
451175200;26186
451191874;26187
451208547;26188
451225221;26189
451241895;26190
451258568;26191
451275242;26192
451291915;26193
451308589;26194
451325263;26195
451341936;26196
451358610;26197
451375284;26198
451391957;26199
451408631;26200
451425305;26201
451441978;26202
451458652;26203
451475325;26204
451491999;26205
451508673;26206
451525346;26207
451542020;26208
451575367;26209
451592041;26210
451608715;26211
451625388;26212
451642062;26213
451658735;26214
451675409;26215
451692083;26216
451708756;26217
451725430;26218
451742104;26219
451758777;26220
451775451;26221
451792125;26222
451808798;26223
451825472;26224
451842146;26225
451858819;26226
451875493;26227
451892167;26228
451908840;26229
451925514;26230
451942187;26231
451958861;26232
451975535;26233
451992208;26234
452008882;26235
452025556;26236
452042229;26237
452075577;26238
452092250;26239
452108924;26240
452125597;26241
452142271;26242
452158945;26243
452175619;26244
452192292;26245
452208966;26246
452225639;26247
452242313;26248
452258987;26249
452275660;26250
452292334;26251
452309008;26252
452325681;26253
452342355;26254
452359029;26255
452375702;26256
452392376;26257
452409049;26258
452425723;26259
452442397;26260
452459070;26261
452475744;26262
452492418;26263
452509091;26264
452525765;26265
452542439;26266
452575786;26267
452592459;26268
452609133;26269
452625807;26270
452642481;26271
452659154;26272
452675828;26273
452692501;26274
452709175;26275
452725849;26276
452742522;26277
452759196;26278
452775870;26279
452792543;26280
452809217;26281
452825890;26282
452842564;26283
452859238;26284
452875911;26285
452892585;26286
452909259;26287
452925932;26288
452942606;26289
452959280;26290
452975953;26291
452992627;26292
453009301;26293
453025974;26294
453042648;26295
453075995;26296
453092669;26297
453109342;26298
453126016;26299
453142690;26300
453159363;26301
453176037;26302
453192711;26303
453209384;26304
453226058;26305
453242731;26306
453259405;26307
453276079;26308
453292752;26309
453309426;26310
453326100;26311
453342773;26312
453359447;26313
453376121;26314
453392794;26315
453409468;26316
453426142;26317
453442815;26318
453459489;26319
453476163;26320
453492836;26321
453509510;26322
453526184;26323
453542857;26324
453576204;26325
453592878;26326
453609552;26327
453626225;26328
453642899;26329
453659573;26330
453676246;26331
453692920;26332
453709593;26333
453726267;26334
453742941;26335
453759614;26336
453776288;26337
453792962;26338
453809635;26339
453826309;26340
453842983;26341
453859656;26342
453876330;26343
453893004;26344
453909677;26345
453926351;26346
453943024;26347
453959698;26348
453976372;26349
453993045;26350
454009719;26351
454026393;26352
454043066;26353
454076414;26354
454093087;26355
454109761;26356
454126434;26357
454143108;26358
454159782;26359
454176455;26360
454193129;26361
454209803;26362
454226476;26363
454243150;26364
454259824;26365
454276497;26366
454293171;26367
454309845;26368
454326518;26369
454343192;26370
454359865;26371
454376539;26372
454393213;26373
454409886;26374
454426560;26375
454443234;26376
454459907;26377
454476581;26378
454493255;26379
454509928;26380
454526602;26381
454543276;26382
454576623;26383
454593297;26384
454609970;26385
454626644;26386
454643317;26387
454659991;26388
454676665;26389
454693338;26390
454710012;26391
454726686;26392
454743359;26393
454760033;26394
454776706;26395
454793380;26396
454810054;26397
454826727;26398
454843401;26399
454860075;26400
454876748;26401
454893422;26402
454910096;26403
454926769;26404
454943443;26405
454960117;26406
454976790;26407
454993464;26408
455010137;26409
455026811;26410
455043485;26411
455076832;26412
455093506;26413
455110179;26414
455126853;26415
455143527;26416
455160200;26417
455176874;26418
455193548;26419
455210221;26420
455226895;26421
455243569;26422
455260242;26423
455276916;26424
455293589;26425
455310263;26426
455326937;26427
455343610;26428
455360284;26429
455376958;26430
455393631;26431
455410305;26432
455426979;26433
455443652;26434
455460326;26435
455476999;26436
455493673;26437
455510347;26438
455527020;26439
455543694;26440
455577041;26441
455593715;26442
455610389;26443
455627062;26444
455643736;26445
455660410;26446
455677083;26447
455693757;26448
455710430;26449
455727104;26450
455743778;26451
455760451;26452
455777125;26453
455793799;26454
455810472;26455
455827146;26456
455843820;26457
455860493;26458
455877167;26459
455893840;26460
455910514;26461
455927188;26462
455943861;26463
455960535;26464
455977209;26465
455993882;26466
456010556;26467
456027230;26468
456043903;26469
456077251;26470
456093924;26471
456110598;26472
456127271;26473
456143945;26474
456160619;26475
456177292;26476
456193966;26477
456210640;26478
456227313;26479
456243987;26480
456260661;26481
456277334;26482
456294008;26483
456310681;26484
456327355;26485
456344029;26486
456360702;26487
456377376;26488
456394050;26489
456410723;26490
456427397;26491
456444071;26492
456460744;26493
456477418;26494
456494092;26495
456510765;26496
456527439;26497
456544112;26498
456560786;26499
456594133;26500
456610807;26501
456627481;26502
456644154;26503
456660828;26504
456677502;26505
456694175;26506
456710849;26507
456727523;26508
456744196;26509
456760870;26510
456777543;26511
456794217;26512
456810891;26513
456827564;26514
456844238;26515
456860912;26516
456877585;26517
456894259;26518
456910933;26519
456927606;26520
456944280;26521
456960953;26522
456977627;26523
456994301;26524
457010974;26525
457027648;26526
457044322;26527
457060995;26528
457094343;26529
457111016;26530
457127690;26531
457144364;26532
457161037;26533
457177711;26534
457194384;26535
457211058;26536
457227732;26537
457244405;26538
457261079;26539
457277753;26540
457294426;26541
457311100;26542
457327774;26543
457344447;26544
457361121;26545
457377794;26546
457394468;26547
457411142;26548
457427815;26549
457444489;26550
457461163;26551
457477836;26552
457494510;26553
457511184;26554
457527857;26555
457544531;26556
457561205;26557
457594552;26558
457611225;26559
457627899;26560
457644573;26561
457661246;26562
457677920;26563
457694594;26564
457711267;26565
457727941;26566
457744615;26567
457761288;26568
457777962;26569
457794636;26570
457811309;26571
457827983;26572
457844656;26573
457861330;26574
457878004;26575
457894677;26576
457911351;26577
457928025;26578
457944698;26579
457961372;26580
457978046;26581
457994719;26582
458011393;26583
458028066;26584
458044740;26585
458061413;26586
458094761;26587
458111435;26588
458128108;26589
458144782;26590
458161456;26591
458178129;26592
458194803;26593
458211476;26594
458228150;26595
458244824;26596
458261497;26597
458278171;26598
458294845;26599
458311518;26600
458328192;26601
458344866;26602
458361539;26603
458378213;26604
458394887;26605
458411560;26606
458428234;26607
458444907;26608
458461581;26609
458478255;26610
458494928;26611
458511602;26612
458528276;26613
458544949;26614
458561623;26615
458594970;26616
458611644;26617
458628317;26618
458644991;26619
458661665;26620
458678338;26621
458695012;26622
458711686;26623
458728359;26624
458745033;26625
458761707;26626
458778380;26627
458795054;26628
458811728;26629
458828401;26630
458845075;26631
458861748;26632
458878422;26633
458895096;26634
458911769;26635
458928443;26636
458945117;26637
458961790;26638
458978464;26639
458995138;26640
459011811;26641
459028485;26642
459045159;26643
459061832;26644
459095179;26645
459111853;26646
459128527;26647
459145200;26648
459161874;26649
459178548;26650
459195221;26651
459211895;26652
459228569;26653
459245242;26654
459261916;26655
459278590;26656
459295263;26657
459311937;26658
459328610;26659
459345284;26660
459361958;26661
459378631;26662
459395305;26663
459411979;26664
459428652;26665
459445326;26666
459462000;26667
459478673;26668
459495347;26669
459512020;26670
459528694;26671
459545368;26672
459562041;26673
459595389;26674
459612062;26675
459628736;26676
459645410;26677
459662083;26678
459678757;26679
459695431;26680
459712104;26681
459728778;26682
459745451;26683
459762125;26684
459778799;26685
459795472;26686
459812146;26687
459828820;26688
459845493;26689
459862167;26690
459878841;26691
459895514;26692
459912188;26693
459928862;26694
459945535;26695
459962209;26696
459978882;26697
459995556;26698
460012230;26699
460028903;26700
460045577;26701
460062251;26702
460095598;26703
460112272;26704
460128945;26705
460145619;26706
460162292;26707
460178966;26708
460195640;26709
460212313;26710
460228987;26711
460245661;26712
460262334;26713
460279008;26714
460295682;26715
460312355;26716
460329029;26717
460345703;26718
460362376;26719
460379050;26720
460395723;26721
460412397;26722
460429071;26723
460445744;26724
460462418;26725
460479092;26726
460495765;26727
460512439;26728
460529113;26729
460545786;26730
460562460;26731
460595807;26732
460612481;26733
460629154;26734
460645828;26735
460662502;26736
460679175;26737
460695849;26738
460712523;26739
460729196;26740
460745870;26741
460762544;26742
460779217;26743
460795891;26744
460812564;26745
460829238;26746
460845912;26747
460862585;26748
460879259;26749
460895933;26750
460912606;26751
460929280;26752
460945954;26753
460962627;26754
460979301;26755
460995975;26756
461012648;26757
461029322;26758
461045996;26759
461062669;26760
461096016;26761
461112690;26762
461129364;26763
461146037;26764
461162711;26765
461179385;26766
461196058;26767
461212732;26768
461229406;26769
461246079;26770
461262753;26771
461279427;26772
461296100;26773
461312774;26774
461329447;26775
461346121;26776
461362795;26777
461379468;26778
461396142;26779
461412816;26780
461429489;26781
461446163;26782
461462837;26783
461479510;26784
461496184;26785
461512858;26786
461529531;26787
461546205;26788
461562879;26789
461596226;26790
461612899;26791
461629573;26792
461646247;26793
461662920;26794
461679594;26795
461696268;26796
461712941;26797
461729615;26798
461746289;26799
461762962;26800
461779636;26801
461796309;26802
461812983;26803
461829657;26804
461846330;26805
461863004;26806
461879678;26807
461896351;26808
461913025;26809
461929699;26810
461946372;26811
461963046;26812
461979720;26813
461996393;26814
462013067;26815
462029740;26816
462046414;26817
462063088;26818
462096435;26819
462113109;26820
462129782;26821
462146456;26822
462163130;26823
462179803;26824
462196477;26825
462213151;26826
462229824;26827
462246498;26828
462263172;26829
462279845;26830
462296519;26831
462313193;26832
462329866;26833
462346540;26834
462363214;26835
462379887;26836
462396561;26837
462413234;26838
462429908;26839
462446582;26840
462463255;26841
462479929;26842
462496603;26843
462513276;26844
462529950;26845
462546624;26846
462563297;26847
462596645;26848
462613318;26849
462629992;26850
462646666;26851
462663339;26852
462680013;26853
462696686;26854
462713360;26855
462730034;26856
462746707;26857
462763381;26858
462780055;26859
462796728;26860
462813402;26861
462830076;26862
462846749;26863
462863423;26864
462880097;26865
462896770;26866
462913444;26867
462930118;26868
462946791;26869
462963465;26870
462980138;26871
462996812;26872
463013486;26873
463030159;26874
463046833;26875
463063507;26876
463096854;26877
463113528;26878
463130201;26879
463146875;26880
463163549;26881
463180222;26882
463196896;26883
463213570;26884
463230243;26885
463246917;26886
463263591;26887
463280264;26888
463296938;26889
463313612;26890
463330285;26891
463346959;26892
463363632;26893
463380306;26894
463396980;26895
463413653;26896
463430327;26897
463447001;26898
463463674;26899
463480348;26900
463497022;26901
463513695;26902
463530369;26903
463547043;26904
463563716;26905
463597064;26906
463613737;26907
463630411;26908
463647085;26909
463663758;26910
463680432;26911
463697106;26912
463713779;26913
463730453;26914
463747126;26915
463763800;26916
463780474;26917
463797147;26918
463813821;26919
463830495;26920
463847168;26921
463863842;26922
463880516;26923
463897189;26924
463913863;26925
463930537;26926
463947210;26927
463963884;26928
463980558;26929
463997231;26930
464013905;26931
464030579;26932
464047252;26933
464063926;26934
464097273;26935
464113947;26936
464130621;26937
464147294;26938
464163968;26939
464180641;26940
464197315;26941
464213989;26942
464230662;26943
464247336;26944
464264010;26945
464280683;26946
464297357;26947
464314031;26948
464330704;26949
464347378;26950
464364052;26951
464380725;26952
464397399;26953
464414073;26954
464430746;26955
464447420;26956
464464094;26957
464480767;26958
464497441;26959
464514115;26960
464530788;26961
464547462;26962
464564136;26963
464597483;26964
464614157;26965
464630830;26966
464647504;26967
464664178;26968
464680851;26969
464697525;26970
464714199;26971
464730872;26972
464747546;26973
464764220;26974
464780893;26975
464797567;26976
464814241;26977
464830914;26978
464847588;26979
464864262;26980
464880935;26981
464897609;26982
464914282;26983
464930956;26984
464947630;26985
464964304;26986
464980977;26987
464997651;26988
465014324;26989
465030998;26990
465047672;26991
465064345;26992
465097693;26993
465114366;26994
465131040;26995
465147714;26996
465164387;26997
465181061;26998
465197735;26999
465214408;27000
465231082;27001
465247756;27002
465264429;27003
465281103;27004
465297777;27005
465314450;27006
465331124;27007
465347798;27008
465364471;27009
465381145;27010
465397819;27011
465414492;27012
465431166;27013
465447840;27014
465464513;27015
465481187;27016
465497861;27017
465514534;27018
465531208;27019
465547882;27020
465564555;27021
465597903;27022
465614576;27023
465631250;27024
465647924;27025
465664597;27026
465681271;27027
465697945;27028
465714618;27029
465731292;27030
465747966;27031
465764639;27032
465781313;27033
465797987;27034
465814660;27035
465831334;27036
465848008;27037
465864681;27038
465881355;27039
465898029;27040
465914702;27041
465931376;27042
465948050;27043
465964723;27044
465981397;27045
465998071;27046
466014744;27047
466031418;27048
466048092;27049
466064765;27050
466098113;27051
466114786;27052
466131460;27053
466148134;27054
466164807;27055
466181481;27056
466198155;27057
466214828;27058
466231502;27059
466248176;27060
466264849;27061
466281523;27062
466298197;27063
466314870;27064
466331544;27065
466348218;27066
466364891;27067
466381565;27068
466398239;27069
466414912;27070
466431586;27071
466448260;27072
466464934;27073
466481607;27074
466498281;27075
466514954;27076
466531628;27077
466548302;27078
466564975;27079
466598323;27080
466614996;27081
466631670;27082
466648344;27083
466665018;27084
466681691;27085
466698365;27086
466715039;27087
466731712;27088
466748386;27089
466765060;27090
466781733;27091
466798407;27092
466815081;27093
466831754;27094
466848428;27095
466865102;27096
466881775;27097
466898449;27098
466915123;27099
466931796;27100
466948470;27101
466965144;27102
466981817;27103
466998491;27104
467015165;27105
467031838;27106
467048512;27107
467065186;27108
467098533;27109
467115207;27110
467131880;27111
467148554;27112
467165228;27113
467181901;27114
467198575;27115
467215249;27116
467231923;27117
467248596;27118
467265270;27119
467281944;27120
467298617;27121
467315291;27122
467331965;27123
467348638;27124
467365312;27125
467381986;27126
467398659;27127
467415333;27128
467432007;27129
467448680;27130
467465354;27131
467482028;27132
467498701;27133
467515375;27134
467532049;27135
467548722;27136
467565396;27137
467598743;27138
467615417;27139
467632091;27140
467648764;27141
467665438;27142
467682112;27143
467698786;27144
467715459;27145
467732133;27146
467748807;27147
467765480;27148
467782154;27149
467798828;27150
467815501;27151
467832175;27152
467848849;27153
467865522;27154
467882196;27155
467898870;27156
467915543;27157
467932217;27158
467948891;27159
467965564;27160
467982238;27161
467998912;27162
468015585;27163
468032259;27164
468048933;27165
468065606;27166
468098954;27167
468115628;27168
468132301;27169
468148975;27170
468165649;27171
468182322;27172
468198996;27173
468215670;27174
468232343;27175
468249017;27176
468265691;27177
468282364;27178
468299038;27179
468315712;27180
468332386;27181
468349059;27182
468365733;27183
468382406;27184
468399080;27185
468415754;27186
468432428;27187
468449101;27188
468465775;27189
468482449;27190
468499122;27191
468515796;27192
468532470;27193
468549143;27194
468565817;27195
468599165;27196
468615838;27197
468632512;27198
468649186;27199
468665859;27200
468682533;27201
468699207;27202
468715880;27203
468732554;27204
468749228;27205
468765901;27206
468782575;27207
468799249;27208
468815922;27209
468832596;27210
468849270;27211
468865944;27212
468882617;27213
468899291;27214
468915965;27215
468932638;27216
468949312;27217
468965986;27218
468982659;27219
468999333;27220
469016007;27221
469032680;27222
469049354;27223
469066028;27224
469099375;27225
469116049;27226
469132723;27227
469149396;27228
469166070;27229
469182744;27230
469199417;27231
469216091;27232
469232765;27233
469249438;27234
469266112;27235
469282786;27236
469299459;27237
469316133;27238
469332807;27239
469349481;27240
469366154;27241
469382828;27242
469399502;27243
469416175;27244
469432849;27245
469449523;27246
469466196;27247
469482870;27248
469499544;27249
469516218;27250
469532891;27251
469549565;27252
469566239;27253
469599586;27254
469616260;27255
469632933;27256
469649607;27257
469666281;27258
469682954;27259
469699628;27260
469716302;27261
469732976;27262
469749649;27263
469766323;27264
469782997;27265
469799670;27266
469816344;27267
469833018;27268
469849691;27269
469866365;27270
469883039;27271
469899713;27272
469916386;27273
469933060;27274
469949734;27275
469966407;27276
469983081;27277
469999755;27278
470016428;27279
470033102;27280
470049776;27281
470066449;27282
470099797;27283
470116471;27284
470133144;27285
470149818;27286
470166492;27287
470183165;27288
470199839;27289
470216513;27290
470233187;27291
470249860;27292
470266534;27293
470283208;27294
470299881;27295
470316555;27296
470333229;27297
470349902;27298
470366576;27299
470383250;27300
470399924;27301
470416597;27302
470433271;27303
470449945;27304
470466618;27305
470483292;27306
470499966;27307
470516639;27308
470533313;27309
470549987;27310
470566661;27311
470600008;27312
470616682;27313
470633355;27314
470650029;27315
470666703;27316
470683377;27317
470700050;27318
470716724;27319
470733398;27320
470750071;27321
470766745;27322
470783419;27323
470800092;27324
470816766;27325
470833440;27326
470850114;27327
470866787;27328
470883461;27329
470900135;27330
470916808;27331
470933482;27332
470950156;27333
470966829;27334
470983503;27335
471000177;27336
471016851;27337
471033524;27338
471050198;27339
471066872;27340
471100219;27341
471116893;27342
471133567;27343
471150240;27344
471166914;27345
471183588;27346
471200261;27347
471216935;27348
471233609;27349
471250283;27350
471266956;27351
471283630;27352
471300304;27353
471316977;27354
471333651;27355
471350325;27356
471366999;27357
471383672;27358
471400346;27359
471417020;27360
471433693;27361
471450367;27362
471467041;27363
471483714;27364
471500388;27365
471517062;27366
471533736;27367
471550409;27368
471567083;27369
471600430;27370
471617104;27371
471633778;27372
471650452;27373
471667125;27374
471683799;27375
471700473;27376
471717146;27377
471733820;27378
471750494;27379
471767168;27380
471783841;27381
471800515;27382
471817189;27383
471833862;27384
471850536;27385
471867210;27386
471883884;27387
471900557;27388
471917231;27389
471933905;27390
471950578;27391
471967252;27392
471983926;27393
472000600;27394
472017273;27395
472033947;27396
472050621;27397
472067294;27398
472100642;27399
472117316;27400
472133989;27401
472150663;27402
472167337;27403
472184010;27404
472200684;27405
472217358;27406
472234032;27407
472250705;27408
472267379;27409
472284053;27410
472300726;27411
472317400;27412
472334074;27413
472350748;27414
472367421;27415
472384095;27416
472400769;27417
472417443;27418
472434116;27419
472450790;27420
472467464;27421
472484137;27422
472500811;27423
472517485;27424
472534158;27425
472550832;27426
472567506;27427
472600853;27428
472617527;27429
472634201;27430
472650875;27431
472667548;27432
472684222;27433
472700896;27434
472717569;27435
472734243;27436
472750917;27437
472767591;27438
472784264;27439
472800938;27440
472817612;27441
472834286;27442
472850959;27443
472867633;27444
472884307;27445
472900980;27446
472917654;27447
472934328;27448
472951002;27449
472967675;27450
472984349;27451
473001023;27452
473017696;27453
473034370;27454
473051044;27455
473067718;27456
473101065;27457
473117739;27458
473134412;27459
473151086;27460
473167760;27461
473184434;27462
473201107;27463
473217781;27464
473234455;27465
473251129;27466
473267802;27467
473284476;27468
473301150;27469
473317824;27470
473334497;27471
473351171;27472
473367845;27473
473384518;27474
473401192;27475
473417866;27476
473434540;27477
473451213;27478
473467887;27479
473484561;27480
473501235;27481
473517908;27482
473534582;27483
473551256;27484
473567929;27485
473601277;27486
473617951;27487
473634624;27488
473651298;27489
473667972;27490
473684646;27491
473701319;27492
473717993;27493
473734667;27494
473751341;27495
473768014;27496
473784688;27497
473801362;27498
473818035;27499
473834709;27500
473851383;27501
473868057;27502
473884730;27503
473901404;27504
473918078;27505
473934751;27506
473951425;27507
473968099;27508
473984773;27509
474001446;27510
474018120;27511
474034794;27512
474051468;27513
474068141;27514
474101489;27515
474118163;27516
474134836;27517
474151510;27518
474168184;27519
474184857;27520
474201531;27521
474218205;27522
474234879;27523
474251552;27524
474268226;27525
474284900;27526
474301574;27527
474318247;27528
474334921;27529
474351595;27530
474368269;27531
474384942;27532
474401616;27533
474418290;27534
474434964;27535
474451637;27536
474468311;27537
474484985;27538
474501658;27539
474518332;27540
474535006;27541
474551680;27542
474568354;27543
474601701;27544
474618375;27545
474635048;27546
474651722;27547
474668396;27548
474685070;27549
474701743;27550
474718417;27551
474735091;27552
474751765;27553
474768438;27554
474785112;27555
474801786;27556
474818460;27557
474835133;27558
474851807;27559
474868481;27560
474885154;27561
474901828;27562
474918502;27563
474935176;27564
474951850;27565
474968523;27566
474985197;27567
475001871;27568
475018544;27569
475035218;27570
475051892;27571
475068566;27572
475101913;27573
475118587;27574
475135261;27575
475151934;27576
475168608;27577
475185282;27578
475201956;27579
475218629;27580
475235303;27581
475251977;27582
475268651;27583
475285324;27584
475301998;27585
475318672;27586
475335346;27587
475352019;27588
475368693;27589
475385367;27590
475402041;27591
475418714;27592
475435388;27593
475452062;27594
475468736;27595
475485409;27596
475502083;27597
475518757;27598
475535431;27599
475552104;27600
475568778;27601
475602126;27602
475618799;27603
475635473;27604
475652147;27605
475668821;27606
475685494;27607
475702168;27608
475718842;27609
475735516;27610
475752189;27611
475768863;27612
475785537;27613
475802211;27614
475818884;27615
475835558;27616
475852232;27617
475868905;27618
475885579;27619
475902253;27620
475918927;27621
475935600;27622
475952274;27623
475968948;27624
475985622;27625
476002295;27626
476018969;27627
476035643;27628
476052317;27629
476068991;27630
476102338;27631
476119012;27632
476135686;27633
476152359;27634
476169033;27635
476185707;27636
476202381;27637
476219054;27638
476235728;27639
476252402;27640
476269075;27641
476285749;27642
476302423;27643
476319097;27644
476335771;27645
476352444;27646
476369118;27647
476385792;27648
476402466;27649
476419139;27650
476435813;27651
476452487;27652
476469161;27653
476485834;27654
476502508;27655
476519182;27656
476535856;27657
476552529;27658
476569203;27659
476602551;27660
476619224;27661
476635898;27662
476652572;27663
476669246;27664
476685919;27665
476702593;27666
476719267;27667
476735941;27668
476752614;27669
476769288;27670
476785962;27671
476802636;27672
476819310;27673
476835983;27674
476852657;27675
476869331;27676
476886005;27677
476902678;27678
476919352;27679
476936026;27680
476952700;27681
476969373;27682
476986047;27683
477002721;27684
477019395;27685
477036068;27686
477052742;27687
477069416;27688
477102763;27689
477119437;27690
477136111;27691
477152785;27692
477169458;27693
477186132;27694
477202806;27695
477219480;27696
477236153;27697
477252827;27698
477269501;27699
477286175;27700
477302849;27701
477319522;27702
477336196;27703
477352870;27704
477369544;27705
477386217;27706
477402891;27707
477419565;27708
477436239;27709
477452912;27710
477469586;27711
477486260;27712
477502934;27713
477519607;27714
477536281;27715
477552955;27716
477569629;27717
477602976;27718
477619650;27719
477636324;27720
477652998;27721
477669671;27722
477686345;27723
477703019;27724
477719693;27725
477736366;27726
477753040;27727
477769714;27728
477786388;27729
477803061;27730
477819735;27731
477836409;27732
477853083;27733
477869757;27734
477886430;27735
477903104;27736
477919778;27737
477936452;27738
477953125;27739
477969799;27740
477986473;27741
478003147;27742
478019820;27743
478036494;27744
478053168;27745
478069842;27746
478103189;27747
478119863;27748
478136537;27749
478153211;27750
478169884;27751
478186558;27752
478203232;27753
478219906;27754
478236579;27755
478253253;27756
478269927;27757
478286601;27758
478303275;27759
478319948;27760
478336622;27761
478353296;27762
478369970;27763
478386643;27764
478403317;27765
478419991;27766
478436665;27767
478453338;27768
478470012;27769
478486686;27770
478503360;27771
478520034;27772
478536707;27773
478553381;27774
478570055;27775
478603402;27776
478620076;27777
478636750;27778
478653424;27779
478670098;27780
478686771;27781
478703445;27782
478720119;27783
478736793;27784
478753466;27785
478770140;27786
478786814;27787
478803488;27788
478820161;27789
478836835;27790
478853509;27791
478870183;27792
478886857;27793
478903530;27794
478920204;27795
478936878;27796
478953552;27797
478970225;27798
478986899;27799
479003573;27800
479020247;27801
479036920;27802
479053594;27803
479070268;27804
479103616;27805
479120289;27806
479136963;27807
479153637;27808
479170311;27809
479186985;27810
479203658;27811
479220332;27812
479237006;27813
479253680;27814
479270353;27815
479287027;27816
479303701;27817
479320375;27818
479337049;27819
479353722;27820
479370396;27821
479387070;27822
479403744;27823
479420417;27824
479437091;27825
479453765;27826
479470439;27827
479487113;27828
479503786;27829
479520460;27830
479537134;27831
479553808;27832
479570481;27833
479603829;27834
479620503;27835
479637177;27836
479653850;27837
479670524;27838
479687198;27839
479703872;27840
479720546;27841
479737219;27842
479753893;27843
479770567;27844
479787241;27845
479803914;27846
479820588;27847
479837262;27848
479853936;27849
479870610;27850
479887283;27851
479903957;27852
479920631;27853
479937305;27854
479953978;27855
479970652;27856
479987326;27857
480004000;27858
480020673;27859
480037347;27860
480054021;27861
480070695;27862
480104042;27863
480120716;27864
480137390;27865
480154064;27866
480170738;27867
480187411;27868
480204085;27869
480220759;27870
480237433;27871
480254106;27872
480270780;27873
480287454;27874
480304128;27875
480320802;27876
480337475;27877
480354149;27878
480370823;27879
480387497;27880
480404171;27881
480420844;27882
480437518;27883
480454192;27884
480470866;27885
480487540;27886
480504213;27887
480520887;27888
480537561;27889
480554235;27890
480570908;27891
480604256;27892
480620930;27893
480637604;27894
480654277;27895
480670951;27896
480687625;27897
480704299;27898
480720973;27899
480737646;27900
480754320;27901
480770994;27902
480787668;27903
480804342;27904
480821015;27905
480837689;27906
480854363;27907
480871037;27908
480887710;27909
480904384;27910
480921058;27911
480937732;27912
480954406;27913
480971079;27914
480987753;27915
481004427;27916
481021101;27917
481037774;27918
481054448;27919
481071122;27920
481104470;27921
481121144;27922
481137817;27923
481154491;27924
481171165;27925
481187839;27926
481204512;27927
481221186;27928
481237860;27929
481254534;27930
481271208;27931
481287881;27932
481304555;27933
481321229;27934
481337903;27935
481354577;27936
481371250;27937
481387924;27938
481404598;27939
481421272;27940
481437946;27941
481454619;27942
481471293;27943
481487967;27944
481504641;27945
481521315;27946
481537988;27947
481554662;27948
481571336;27949
481604684;27950
481621357;27951
481638031;27952
481654705;27953
481671379;27954
481688052;27955
481704726;27956
481721400;27957
481738074;27958
481754748;27959
481771421;27960
481788095;27961
481804769;27962
481821443;27963
481838117;27964
481854790;27965
481871464;27966
481888138;27967
481904812;27968
481921486;27969
481938159;27970
481954833;27971
481971507;27972
481988181;27973
482004855;27974
482021528;27975
482038202;27976
482054876;27977
482071550;27978
482104897;27979
482121571;27980
482138245;27981
482154919;27982
482171593;27983
482188266;27984
482204940;27985
482221614;27986
482238288;27987
482254962;27988
482271635;27989
482288309;27990
482304983;27991
482321657;27992
482338330;27993
482355004;27994
482371678;27995
482388352;27996
482405026;27997
482421699;27998
482438373;27999
482455047;28000
482471721;28001
482488395;28002
482505068;28003
482521742;28004
482538416;28005
482555090;28006
482571764;28007
482605111;28008
482621785;28009
482638459;28010
482655133;28011
482671806;28012
482688480;28013
482705154;28014
482721828;28015
482738502;28016
482755175;28017
482771849;28018
482788523;28019
482805197;28020
482821871;28021
482838544;28022
482855218;28023
482871892;28024
482888566;28025
482905240;28026
482921913;28027
482938587;28028
482955261;28029
482971935;28030
482988609;28031
483005282;28032
483021956;28033
483038630;28034
483055304;28035
483071978;28036
483105325;28037
483121999;28038
483138673;28039
483155347;28040
483172020;28041
483188694;28042
483205368;28043
483222042;28044
483238716;28045
483255389;28046
483272063;28047
483288737;28048
483305411;28049
483322085;28050
483338758;28051
483355432;28052
483372106;28053
483388780;28054
483405454;28055
483422127;28056
483438801;28057
483455475;28058
483472149;28059
483488823;28060
483505496;28061
483522170;28062
483538844;28063
483555518;28064
483572192;28065
483605539;28066
483622213;28067
483638887;28068
483655561;28069
483672234;28070
483688908;28071
483705582;28072
483722256;28073
483738930;28074
483755603;28075
483772277;28076
483788951;28077
483805625;28078
483822299;28079
483838973;28080
483855646;28081
483872320;28082
483888994;28083
483905668;28084
483922341;28085
483939015;28086
483955689;28087
483972363;28088
483989037;28089
484005710;28090
484022384;28091
484039058;28092
484055732;28093
484072406;28094
484105753;28095
484122427;28096
484139101;28097
484155775;28098
484172449;28099
484189122;28100
484205796;28101
484222470;28102
484239144;28103
484255818;28104
484272491;28105
484289165;28106
484305839;28107
484322513;28108
484339187;28109
484355860;28110
484372534;28111
484389208;28112
484405882;28113
484422556;28114
484439229;28115
484455903;28116
484472577;28117
484489251;28118
484505925;28119
484522599;28120
484539272;28121
484555946;28122
484572620;28123
484605968;28124
484622641;28125
484639315;28126
484655989;28127
484672663;28128
484689337;28129
484706010;28130
484722684;28131
484739358;28132
484756032;28133
484772706;28134
484789379;28135
484806053;28136
484822727;28137
484839401;28138
484856075;28139
484872748;28140
484889422;28141
484906096;28142
484922770;28143
484939444;28144
484956117;28145
484972791;28146
484989465;28147
485006139;28148
485022813;28149
485039487;28150
485056160;28151
485072834;28152
485106182;28153
485122856;28154
485139529;28155
485156203;28156
485172877;28157
485189551;28158
485206225;28159
485222898;28160
485239572;28161
485256246;28162
485272920;28163
485289594;28164
485306268;28165
485322941;28166
485339615;28167
485356289;28168
485372963;28169
485389637;28170
485406310;28171
485422984;28172
485439658;28173
485456332;28174
485473006;28175
485489679;28176
485506353;28177
485523027;28178
485539701;28179
485556375;28180
485573048;28181
485606396;28182
485623070;28183
485639744;28184
485656418;28185
485673091;28186
485689765;28187
485706439;28188
485723113;28189
485739787;28190
485756460;28191
485773134;28192
485789808;28193
485806482;28194
485823156;28195
485839829;28196
485856503;28197
485873177;28198
485889851;28199
485906525;28200
485923199;28201
485939872;28202
485956546;28203
485973220;28204
485989894;28205
486006568;28206
486023241;28207
486039915;28208
486056589;28209
486073263;28210
486106610;28211
486123284;28212
486139958;28213
486156632;28214
486173306;28215
486189980;28216
486206653;28217
486223327;28218
486240001;28219
486256675;28220
486273349;28221
486290022;28222
486306696;28223
486323370;28224
486340044;28225
486356718;28226
486373391;28227
486390065;28228
486406739;28229
486423413;28230
486440087;28231
486456761;28232
486473434;28233
486490108;28234
486506782;28235
486523456;28236
486540130;28237
486556803;28238
486573477;28239
486606825;28240
486623499;28241
486640173;28242
486656846;28243
486673520;28244
486690194;28245
486706868;28246
486723542;28247
486740215;28248
486756889;28249
486773563;28250
486790237;28251
486806911;28252
486823584;28253
486840258;28254
486856932;28255
486873606;28256
486890280;28257
486906953;28258
486923627;28259
486940301;28260
486956975;28261
486973649;28262
486990323;28263
487006996;28264
487023670;28265
487040344;28266
487057018;28267
487073692;28268
487107039;28269
487123713;28270
487140387;28271
487157061;28272
487173734;28273
487190408;28274
487207082;28275
487223756;28276
487240430;28277
487257104;28278
487273777;28279
487290451;28280
487307125;28281
487323799;28282
487340473;28283
487357146;28284
487373820;28285
487390494;28286
487407168;28287
487423842;28288
487440516;28289
487457189;28290
487473863;28291
487490537;28292
487507211;28293
487523885;28294
487540558;28295
487557232;28296
487573906;28297
487607254;28298
487623928;28299
487640601;28300
487657275;28301
487673949;28302
487690623;28303
487707297;28304
487723970;28305
487740644;28306
487757318;28307
487773992;28308
487790666;28309
487807340;28310
487824013;28311
487840687;28312
487857361;28313
487874035;28314
487890709;28315
487907382;28316
487924056;28317
487940730;28318
487957404;28319
487974078;28320
487990751;28321
488007425;28322
488024099;28323
488040773;28324
488057447;28325
488074121;28326
488107468;28327
488124142;28328
488140816;28329
488157490;28330
488174163;28331
488190837;28332
488207511;28333
488224185;28334
488240859;28335
488257533;28336
488274206;28337
488290880;28338
488307554;28339
488324228;28340
488340902;28341
488357575;28342
488374249;28343
488390923;28344
488407597;28345
488424271;28346
488440944;28347
488457618;28348
488474292;28349
488490966;28350
488507640;28351
488524314;28352
488540987;28353
488557661;28354
488574335;28355
488607683;28356
488624357;28357
488641030;28358
488657704;28359
488674378;28360
488691052;28361
488707726;28362
488724399;28363
488741073;28364
488757747;28365
488774421;28366
488791095;28367
488807768;28368
488824442;28369
488841116;28370
488857790;28371
488874464;28372
488891138;28373
488907811;28374
488924485;28375
488941159;28376
488957833;28377
488974507;28378
488991180;28379
489007854;28380
489024528;28381
489041202;28382
489057876;28383
489074550;28384
489107897;28385
489124571;28386
489141245;28387
489157919;28388
489174592;28389
489191266;28390
489207940;28391
489224614;28392
489241288;28393
489257962;28394
489274635;28395
489291309;28396
489307983;28397
489324657;28398
489341331;28399
489358004;28400
489374678;28401
489391352;28402
489408026;28403
489424700;28404
489441373;28405
489458047;28406
489474721;28407
489491395;28408
489508069;28409
489524743;28410
489541416;28411
489558090;28412
489574764;28413
489608112;28414
489624785;28415
489641459;28416
489658133;28417
489674807;28418
489691481;28419
489708155;28420
489724828;28421
489741502;28422
489758176;28423
489774850;28424
489791524;28425
489808197;28426
489824871;28427
489841545;28428
489858219;28429
489874893;28430
489891567;28431
489908240;28432
489924914;28433
489941588;28434
489958262;28435
489974936;28436
489991609;28437
490008283;28438
490024957;28439
490041631;28440
490058305;28441
490074979;28442
490108326;28443
490125000;28444
490141674;28445
490158348;28446
490175021;28447
490191695;28448
490208369;28449
490225043;28450
490241717;28451
490258391;28452
490275064;28453
490291738;28454
490308412;28455
490325086;28456
490341760;28457
490358433;28458
490375107;28459
490391781;28460
490408455;28461
490425129;28462
490441802;28463
490458476;28464
490475150;28465
490491824;28466
490508498;28467
490525172;28468
490541845;28469
490558519;28470
490575193;28471
490608541;28472
490625214;28473
490641888;28474
490658562;28475
490675236;28476
490691910;28477
490708583;28478
490725257;28479
490741931;28480
490758605;28481
490775279;28482
490791953;28483
490808626;28484
490825300;28485
490841974;28486
490858648;28487
490875322;28488
490891995;28489
490908669;28490
490925343;28491
490942017;28492
490958691;28493
490975365;28494
490992038;28495
491008712;28496
491025386;28497
491042060;28498
491058734;28499
491075407;28500
491108755;28501
491125429;28502
491142103;28503
491158777;28504
491175450;28505
491192124;28506
491208798;28507
491225472;28508
491242146;28509
491258819;28510
491275493;28511
491292167;28512
491308841;28513
491325515;28514
491342189;28515
491358862;28516
491375536;28517
491392210;28518
491408884;28519
491425558;28520
491442231;28521
491458905;28522
491475579;28523
491492253;28524
491508927;28525
491525600;28526
491542274;28527
491558948;28528
491575622;28529
491608969;28530
491625643;28531
491642317;28532
491658991;28533
491675665;28534
491692339;28535
491709012;28536
491725686;28537
491742360;28538
491759034;28539
491775708;28540
491792381;28541
491809055;28542
491825729;28543
491842403;28544
491859077;28545
491875750;28546
491892424;28547
491909098;28548
491925772;28549
491942446;28550
491959120;28551
491975793;28552
491992467;28553
492009141;28554
492025815;28555
492042489;28556
492059162;28557
492075836;28558
492109184;28559
492125858;28560
492142531;28561
492159205;28562
492175879;28563
492192553;28564
492209227;28565
492225901;28566
492242574;28567
492259248;28568
492275922;28569
492292596;28570
492309270;28571
492325943;28572
492342617;28573
492359291;28574
492375965;28575
492392639;28576
492409312;28577
492425986;28578
492442660;28579
492459334;28580
492476008;28581
492492681;28582
492509355;28583
492526029;28584
492542703;28585
492559377;28586
492576051;28587
492609398;28588
492626072;28589
492642746;28590
492659420;28591
492676093;28592
492692767;28593
492709441;28594
492726115;28595
492742789;28596
492759462;28597
492776136;28598
492792810;28599
492809484;28600
492826158;28601
492842831;28602
492859505;28603
492876179;28604
492892853;28605
492909527;28606
492926201;28607
492942874;28608
492959548;28609
492976222;28610
492992896;28611
493009570;28612
493026243;28613
493042917;28614
493059591;28615
493076265;28616
493109612;28617
493126286;28618
493142960;28619
493159634;28620
493176308;28621
493192981;28622
493209655;28623
493226329;28624
493243003;28625
493259677;28626
493276351;28627
493293024;28628
493309698;28629
493326372;28630
493343046;28631
493359719;28632
493376393;28633
493393067;28634
493409741;28635
493426415;28636
493443088;28637
493459762;28638
493476436;28639
493493110;28640
493509784;28641
493526458;28642
493543131;28643
493559805;28644
493576479;28645
493609827;28646
493626500;28647
493643174;28648
493659848;28649
493676522;28650
493693196;28651
493709869;28652
493726543;28653
493743217;28654
493759891;28655
493776565;28656
493793239;28657
493809912;28658
493826586;28659
493843260;28660
493859934;28661
493876607;28662
493893281;28663
493909955;28664
493926629;28665
493943303;28666
493959977;28667
493976650;28668
493993324;28669
494009998;28670
494026672;28671
494043345;28672
494060019;28673
494076693;28674
494110041;28675
494126715;28676
494143388;28677
494160062;28678
494176736;28679
494193410;28680
494210084;28681
494226757;28682
494243431;28683
494260105;28684
494276779;28685
494293452;28686
494310126;28687
494326800;28688
494343474;28689
494360148;28690
494376822;28691
494393495;28692
494410169;28693
494426843;28694
494443517;28695
494460191;28696
494476864;28697
494493538;28698
494510212;28699
494526886;28700
494543560;28701
494560233;28702
494576907;28703
494610255;28704
494626929;28705
494643602;28706
494660276;28707
494676950;28708
494693624;28709
494710298;28710
494726971;28711
494743645;28712
494760319;28713
494776993;28714
494793667;28715
494810340;28716
494827014;28717
494843688;28718
494860362;28719
494877036;28720
494893709;28721
494910383;28722
494927057;28723
494943731;28724
494960405;28725
494977078;28726
494993752;28727
495010426;28728
495027100;28729
495043774;28730
495060447;28731
495077121;28732
495110469;28733
495127143;28734
495143816;28735
495160490;28736
495177164;28737
495193838;28738
495210512;28739
495227185;28740
495243859;28741
495260533;28742
495277207;28743
495293881;28744
495310554;28745
495327228;28746
495343902;28747
495360576;28748
495377250;28749
495393923;28750
495410597;28751
495427271;28752
495443945;28753
495460619;28754
495477292;28755
495493966;28756
495510640;28757
495527314;28758
495543987;28759
495560661;28760
495577335;28761
495610683;28762
495627357;28763
495644030;28764
495660704;28765
495677378;28766
495694052;28767
495710726;28768
495727399;28769
495744073;28770
495760747;28771
495777421;28772
495794094;28773
495810768;28774
495827442;28775
495844116;28776
495860790;28777
495877463;28778
495894137;28779
495910811;28780
495927485;28781
495944159;28782
495960832;28783
495977506;28784
495994180;28785
496010854;28786
496027528;28787
496044201;28788
496060875;28789
496077549;28790
496110897;28791
496127570;28792
496144244;28793
496160918;28794
496177592;28795
496194266;28796
496210939;28797
496227613;28798
496244287;28799
496260961;28800
496277635;28801
496294308;28802
496310982;28803
496327656;28804
496344330;28805
496361003;28806
496377677;28807
496394351;28808
496411025;28809
496427699;28810
496444372;28811
496461046;28812
496477720;28813
496494394;28814
496511068;28815
496527741;28816
496544415;28817
496561089;28818
496577763;28819
496611110;28820
496627784;28821
496644458;28822
496661132;28823
496677806;28824
496694479;28825
496711153;28826
496727827;28827
496744501;28828
496761175;28829
496777848;28830
496794522;28831
496811196;28832
496827870;28833
496844544;28834
496861217;28835
496877891;28836
496894565;28837
496911239;28838
496927912;28839
496944586;28840
496961260;28841
496977934;28842
496994608;28843
497011281;28844
497027955;28845
497044629;28846
497061303;28847
497077977;28848
497111324;28849
497127998;28850
497144672;28851
497161346;28852
497178019;28853
497194693;28854
497211367;28855
497228041;28856
497244715;28857
497261388;28858
497278062;28859
497294736;28860
497311410;28861
497328083;28862
497344757;28863
497361431;28864
497378105;28865
497394779;28866
497411452;28867
497428126;28868
497444800;28869
497461474;28870
497478148;28871
497494821;28872
497511495;28873
497528169;28874
497544843;28875
497561516;28876
497578190;28877
497611538;28878
497628212;28879
497644885;28880
497661559;28881
497678233;28882
497694907;28883
497711581;28884
497728254;28885
497744928;28886
497761602;28887
497778276;28888
497794949;28889
497811623;28890
497828297;28891
497844971;28892
497861645;28893
497878318;28894
497894992;28895
497911666;28896
497928340;28897
497945014;28898
497961687;28899
497978361;28900
497995035;28901
498011709;28902
498028382;28903
498045056;28904
498061730;28905
498078404;28906
498111751;28907
498128425;28908
498145099;28909
498161773;28910
498178447;28911
498195120;28912
498211794;28913
498228468;28914
498245142;28915
498261815;28916
498278489;28917
498295163;28918
498311837;28919
498328511;28920
498345184;28921
498361858;28922
498378532;28923
498395206;28924
498411879;28925
498428553;28926
498445227;28927
498461901;28928
498478575;28929
498495248;28930
498511922;28931
498528596;28932
498545270;28933
498561943;28934
498578617;28935
498611965;28936
498628639;28937
498645312;28938
498661986;28939
498678660;28940
498695334;28941
498712007;28942
498728681;28943
498745355;28944
498762029;28945
498778703;28946
498795376;28947
498812050;28948
498828724;28949
498845398;28950
498862072;28951
498878745;28952
498895419;28953
498912093;28954
498928767;28955
498945440;28956
498962114;28957
498978788;28958
498995462;28959
499012136;28960
499028809;28961
499045483;28962
499062157;28963
499078831;28964
499112178;28965
499128852;28966
499145526;28967
499162200;28968
499178873;28969
499195547;28970
499212221;28971
499228895;28972
499245568;28973
499262242;28974
499278916;28975
499295590;28976
499312264;28977
499328937;28978
499345611;28979
499362285;28980
499378959;28981
499395632;28982
499412306;28983
499428980;28984
499445654;28985
499462327;28986
499479001;28987
499495675;28988
499512349;28989
499529023;28990
499545696;28991
499562370;28992
499579044;28993
499612392;28994
499629065;28995
499645739;28996
499662413;28997
499679087;28998
499695760;28999
499712434;29000
499729108;29001
499745782;29002
499762455;29003
499779129;29004
499795803;29005
499812477;29006
499829151;29007
499845824;29008
499862498;29009
499879172;29010
499895846;29011
499912519;29012
499929193;29013
499945867;29014
499962541;29015
499979214;29016
499995888;29017
500012562;29018
500029236;29019
500045910;29020
500062583;29021
500079257;29022
500112605;29023
500129278;29024
500145952;29025
500162626;29026
500179300;29027
500195974;29028
500212647;29029
500229321;29030
500245995;29031
500262669;29032
500279342;29033
500296016;29034
500312690;29035
500329364;29036
500346037;29037
500362711;29038
500379385;29039
500396059;29040
500412732;29041
500429406;29042
500446080;29043
500462754;29044
500479428;29045
500496101;29046
500512775;29047
500529449;29048
500546123;29049
500562796;29050
500579470;29051
500612818;29052
500629491;29053
500646165;29054
500662839;29055
500679513;29056
500696187;29057
500712860;29058
500729534;29059
500746208;29060
500762882;29061
500779555;29062
500796229;29063
500812903;29064
500829577;29065
500846251;29066
500862924;29067
500879598;29068
500896272;29069
500912945;29070
500929619;29071
500946293;29072
500962967;29073
500979641;29074
500996314;29075
501012988;29076
501029662;29077
501046336;29078
501063009;29079
501079683;29080
501113031;29081
501129705;29082
501146378;29083
501163052;29084
501179726;29085
501196400;29086
501213073;29087
501229747;29088
501246421;29089
501263095;29090
501279768;29091
501296442;29092
501313116;29093
501329790;29094
501346463;29095
501363137;29096
501379811;29097
501396485;29098
501413158;29099
501429832;29100
501446506;29101
501463180;29102
501479853;29103
501496527;29104
501513201;29105
501529875;29106
501546549;29107
501563222;29108
501579896;29109
501613244;29110
501629917;29111
501646591;29112
501663265;29113
501679939;29114
501696612;29115
501713286;29116
501729960;29117
501746634;29118
501763307;29119
501779981;29120
501796655;29121
501813329;29122
501830002;29123
501846676;29124
501863350;29125
501880024;29126
501896698;29127
501913371;29128
501930045;29129
501946719;29130
501963393;29131
501980066;29132
501996740;29133
502013414;29134
502030088;29135
502046761;29136
502063435;29137
502080109;29138
502113456;29139
502130130;29140
502146804;29141
502163478;29142
502180151;29143
502196825;29144
502213499;29145
502230173;29146
502246846;29147
502263520;29148
502280194;29149
502296868;29150
502313541;29151
502330215;29152
502346889;29153
502363563;29154
502380236;29155
502396910;29156
502413584;29157
502430258;29158
502446931;29159
502463605;29160
502480279;29161
502496953;29162
502513626;29163
502530300;29164
502546974;29165
502563648;29166
502580321;29167
502613669;29168
502630343;29169
502647016;29170
502663690;29171
502680364;29172
502697038;29173
502713711;29174
502730385;29175
502747059;29176
502763733;29177
502780406;29178
502797080;29179
502813754;29180
502830428;29181
502847102;29182
502863775;29183
502880449;29184
502897123;29185
502913796;29186
502930470;29187
502947144;29188
502963818;29189
502980491;29190
502997165;29191
503013839;29192
503030513;29193
503047187;29194
503063860;29195
503080534;29196
503113882;29197
503130555;29198
503147229;29199
503163903;29200
503180576;29201
503197250;29202
503213924;29203
503230598;29204
503247271;29205
503263945;29206
503280619;29207
503297293;29208
503313966;29209
503330640;29210
503347314;29211
503363988;29212
503380661;29213
503397335;29214
503414009;29215
503430683;29216
503447356;29217
503464030;29218
503480704;29219
503497378;29220
503514051;29221
503530725;29222
503547399;29223
503564073;29224
503580746;29225
503614094;29226
503630768;29227
503647441;29228
503664115;29229
503680789;29230
503697463;29231
503714136;29232
503730810;29233
503747484;29234
503764158;29235
503780831;29236
503797505;29237
503814179;29238
503830853;29239
503847526;29240
503864200;29241
503880874;29242
503897548;29243
503914221;29244
503930895;29245
503947569;29246
503964243;29247
503980916;29248
503997590;29249
504014264;29250
504030938;29251
504047611;29252
504064285;29253
504080959;29254
504114306;29255
504130980;29256
504147654;29257
504164327;29258
504181001;29259
504197675;29260
504214349;29261
504231022;29262
504247696;29263
504264370;29264
504281044;29265
504297717;29266
504314391;29267
504331065;29268
504347739;29269
504364412;29270
504381086;29271
504397760;29272
504414434;29273
504431107;29274
504447781;29275
504464455;29276
504481128;29277
504497802;29278
504514476;29279
504531150;29280
504547823;29281
504564497;29282
504581171;29283
504614518;29284
504631192;29285
504647866;29286
504664540;29287
504681213;29288
504697887;29289
504714561;29290
504731234;29291
504747908;29292
504764582;29293
504781256;29294
504797930;29295
504814603;29296
504831277;29297
504847951;29298
504864624;29299
504881298;29300
504897972;29301
504914646;29302
504931319;29303
504947993;29304
504964667;29305
504981341;29306
504998014;29307
505014688;29308
-1;-1
-1;-1
-1;-1
-1;-1
-1;-1
-1;-1
-1;-1
-1;-1
-1;-1
-1;-1
-1;-1
-1;-1
-1;-1
-1;-1
-1;-1
-1;-1
-1;-1
-1;-1
-1;-1
-1;-1
-1;-1
-1;-1
-1;-1
-1;-1
-1;-1
-1;-1
-1;-1
-1;-1
-1;-1
-1;-1
-1;-1
-1;-1
-1;-1
-1;-1
-1;-1
-1;-1
-1;-1
-1;-1
-1;-1
-1;-1
-1;-1
-1;-1
-1;-1
-1;-1
-1;-1
-1;-1
-1;-1
-1;-1
-1;-1
-1;-1
-1;-1
-1;-1
-1;-1
-1;-1
-1;-1
-1;-1
-1;-1
-1;-1
-1;-1
-1;-1
-1;-1
-1;-1
-1;-1
-1;-1
-1;-1
-1;-1
-1;-1
-1;-1
-1;-1
-1;-1
-1;-1
-1;-1
-1;-1
-1;-1
-1;-1
-1;-1
-1;-1
-1;-1
-1;-1
-1;-1
-1;-1
-1;-1
-1;-1
-1;-1
-1;-1
-1;-1
-1;-1
-1;-1
-1;-1
-1;-1
-1;-1
-1;-1
-1;-1
-1;-1
-1;-1
-1;-1
-1;-1
-1;-1
-1;-1
-1;-1
-1;-1
-1;-1
-1;-1
-1;-1
-1;-1
-1;-1
-1;-1
-1;-1
-1;-1
-1;-1
-1;-1
-1;-1
-1;-1
-1;-1
-1;-1
-1;-1
-1;-1
-1;-1
-1;-1
-1;-1
-1;-1
-1;-1
-1;-1
-1;-1
-1;-1
-1;-1
-1;-1
-1;-1
-1;-1
-1;-1
-1;-1
-1;-1
-1;-1
-1;-1
-1;-1
-1;-1
-1;-1
-1;-1
-1;-1
-1;-1
-1;-1
-1;-1
-1;-1
-1;-1
-1;-1
-1;-1
-1;-1
-1;-1
-1;-1
-1;-1
-1;-1
-1;-1
-1;-1
-1;-1
-1;-1
-1;-1
-1;-1
-1;-1
-1;-1
-1;-1
-1;-1
-1;-1
-1;-1
-1;-1
-1;-1
-1;-1
-1;-1
-1;-1
-1;-1
-1;-1
-1;-1
-1;-1
-1;-1
-1;-1
-1;-1
-1;-1
-1;-1
-1;-1
-1;-1
-1;-1
-1;-1
-1;-1
-1;-1
-1;-1
-1;-1
-1;-1
-1;-1
-1;-1
-1;-1
-1;-1
-1;-1
-1;-1
-1;-1
