409374286;23763
409390959;23764
409407633;23765
409424307;23766
409440980;23767
409457654;23768
409474328;23769
409491001;23770
409507675;23771
409524349;23772
409541022;23773
409557696;23774
409574370;23775
409591043;23776
409607717;23777
409624391;23778
409641064;23779
409657738;23780
409674412;23781
409691085;23782
409707759;23783
409724433;23784
409741106;23785
409757780;23786
409774453;23787
409791127;23788
409807801;23789
409824475;23790
409841148;23791
409874495;23792
409891169;23793
409907843;23794
409924516;23795
409941190;23796
409957864;23797
409974538;23798
409991211;23799
410007885;23800
410024558;23801
410041232;23802
410057906;23803
410074580;23804
410091253;23805
410107927;23806
410124600;23807
410141274;23808
410157948;23809
410174621;23810
410191295;23811
410207969;23812
410224642;23813
410241316;23814
410257990;23815
410274663;23816
410291337;23817
410308011;23818
410324684;23819
410341358;23820
410374705;23821
410391379;23822
410408053;23823
410424726;23824
410441400;23825
410458074;23826
410474747;23827
410491421;23828
410508095;23829
410524768;23830
410541442;23831
410558116;23832
410574789;23833
410591463;23834
410608137;23835
410624810;23836
410641484;23837
410658158;23838
410674831;23839
410691505;23840
410708179;23841
410724852;23842
410741526;23843
410758200;23844
410774873;23845
410791547;23846
410808221;23847
410824894;23848
410841568;23849
410874915;23850
410891589;23851
410908263;23852
410924936;23853
410941610;23854
410958284;23855
410974957;23856
410991631;23857
411008305;23858
411024978;23859
411041652;23860
411058326;23861
411074999;23862
411091673;23863
411108347;23864
411125020;23865
411141694;23866
411158368;23867
411175041;23868
411191715;23869
411208389;23870
411225062;23871
411241736;23872
411258410;23873
411275083;23874
411291757;23875
411308431;23876
411325104;23877
411341778;23878
411375125;23879
411391799;23880
411408473;23881
411425146;23882
411441820;23883
411458494;23884
411475167;23885
411491841;23886
411508515;23887
411525188;23888
411541862;23889
411558536;23890
411575209;23891
411591883;23892
411608557;23893
411625230;23894
411641904;23895
411658578;23896
411675251;23897
411691925;23898
411708599;23899
411725273;23900
411741946;23901
411758620;23902
411775293;23903
411791967;23904
411808641;23905
411825314;23906
411841988;23907
411875335;23908
411892009;23909
411908683;23910
411925356;23911
411942030;23912
411958704;23913
411975377;23914
411992051;23915
412008725;23916
412025399;23917
412042072;23918
412058746;23919
412075420;23920
412092093;23921
412108767;23922
412125441;23923
412142114;23924
412158788;23925
412175462;23926
412192135;23927
412208809;23928
412225483;23929
412242156;23930
412258830;23931
412275504;23932
412292177;23933
412308851;23934
412325525;23935
412342198;23936
412375546;23937
412392219;23938
412408893;23939
412425567;23940
412442240;23941
412458914;23942
412475588;23943
412492261;23944
412508935;23945
412525609;23946
412542282;23947
412558956;23948
412575630;23949
412592303;23950
412608977;23951
412625651;23952
412642324;23953
412658998;23954
412675672;23955
412692345;23956
412709019;23957
412725693;23958
412742366;23959
412759040;23960
412775714;23961
412792387;23962
412809061;23963
412825735;23964
412842408;23965
412875756;23966
412892429;23967
412909103;23968
412925777;23969
412942450;23970
412959124;23971
412975798;23972
412992472;23973
413009145;23974
413025819;23975
413042493;23976
413059166;23977
413075840;23978
413092513;23979
413109187;23980
413125861;23981
413142534;23982
413159208;23983
413175882;23984
413192556;23985
413209229;23986
413225903;23987
413242577;23988
413259250;23989
413275924;23990
413292598;23991
413309271;23992
413325945;23993
413342619;23994
413375966;23995
413392640;23996
413409313;23997
413425987;23998
413442661;23999
413459334;24000
413476008;24001
413492682;24002
413509355;24003
413526029;24004
413542703;24005
413559376;24006
413576050;24007
413592724;24008
413609397;24009
413626071;24010
413642745;24011
413659418;24012
413676092;24013
413692766;24014
413709439;24015
413726113;24016
413742787;24017
413759461;24018
413776134;24019
413792808;24020
413809482;24021
413826155;24022
413842829;24023
413876176;24024
413892850;24025
413909524;24026
413926197;24027
413942871;24028
413959545;24029
413976218;24030
413992892;24031
414009566;24032
414026239;24033
414042913;24034
414059587;24035
414076260;24036
414092934;24037
414109608;24038
414126281;24039
414142955;24040
414159629;24041
414176302;24042
414192976;24043
414209650;24044
414226323;24045
414242997;24046
414259671;24047
414276344;24048
414293018;24049
414309692;24050
414326366;24051
414343039;24052
414376387;24053
414393060;24054
414409734;24055
414426408;24056
414443081;24057
414459755;24058
414476429;24059
414493102;24060
414509776;24061
414526450;24062
414543123;24063
414559797;24064
414576471;24065
414593144;24066
414609818;24067
414626492;24068
414643165;24069
414659839;24070
414676513;24071
414693187;24072
414709860;24073
414726534;24074
414743207;24075
414759881;24076
414776555;24077
414793229;24078
414809902;24079
414826576;24080
414843250;24081
414876597;24082
414893271;24083
414909944;24084
414926618;24085
414943292;24086
414959965;24087
414976639;24088
414993313;24089
415009986;24090
415026660;24091
415043334;24092
415060007;24093
415076681;24094
415093355;24095
415110028;24096
415126702;24097
415143376;24098
415160049;24099
415176723;24100
415193397;24101
415210071;24102
415226744;24103
415243418;24104
415260092;24105
415276765;24106
415293439;24107
415310113;24108
415326786;24109
415343460;24110
415376807;24111
415393481;24112
415410155;24113
415426828;24114
415443502;24115
415460176;24116
415476849;24117
415493523;24118
415510197;24119
415526870;24120
415543544;24121
415560218;24122
415576892;24123
415593565;24124
415610239;24125
415626913;24126
415643586;24127
415660260;24128
415676934;24129
415693607;24130
415710281;24131
415726955;24132
415743628;24133
415760302;24134
415776976;24135
415793649;24136
415810323;24137
415826997;24138
415843670;24139
415877018;24140
415893691;24141
415910365;24142
415927039;24143
415943713;24144
415960386;24145
415977060;24146
415993734;24147
416010407;24148
416027081;24149
416043755;24150
416060428;24151
416077102;24152
416093776;24153
416110449;24154
416127123;24155
416143797;24156
416160470;24157
416177144;24158
416193818;24159
416210491;24160
416227165;24161
416243839;24162
416260513;24163
416277186;24164
416293860;24165
416310534;24166
416327207;24167
416343881;24168
416377228;24169
416393902;24170
416410576;24171
416427249;24172
416443923;24173
416460597;24174
416477270;24175
416493944;24176
416510618;24177
416527291;24178
416543965;24179
416560639;24180
416577312;24181
416593986;24182
416610660;24183
416627334;24184
416644007;24185
416660681;24186
416677355;24187
416694028;24188
416710702;24189
416727376;24190
416744049;24191
416760723;24192
416777397;24193
416794070;24194
416810744;24195
416827418;24196
416844091;24197
416877439;24198
416894112;24199
416910786;24200
416927460;24201
416944133;24202
416960807;24203
416977481;24204
416994155;24205
417010828;24206
417027502;24207
417044176;24208
417060849;24209
417077523;24210
417094197;24211
417110870;24212
417127544;24213
417144218;24214
417160891;24215
417177565;24216
417194239;24217
417210913;24218
417227586;24219
417244260;24220
417260934;24221
417277607;24222
417294281;24223
417310955;24224
417327628;24225
417344302;24226
417377649;24227
417394323;24228
417410997;24229
417427670;24230
417444344;24231
417461018;24232
417477691;24233
417494365;24234
417511039;24235
417527713;24236
417544386;24237
417561060;24238
417577734;24239
417594407;24240
417611081;24241
417627755;24242
417644428;24243
417661102;24244
417677776;24245
417694449;24246
417711123;24247
417727797;24248
417744470;24249
417761144;24250
417777818;24251
417794492;24252
417811165;24253
417827839;24254
417844513;24255
417877860;24256
417894534;24257
417911207;24258
417927881;24259
417944555;24260
417961228;24261
417977902;24262
417994576;24263
418011249;24264
418027923;24265
418044597;24266
418061271;24267
418077944;24268
418094618;24269
418111292;24270
418127965;24271
418144639;24272
418161313;24273
418177986;24274
418194660;24275
418211334;24276
418228007;24277
418244681;24278
418261355;24279
418278029;24280
418294702;24281
418311376;24282
418328050;24283
418344723;24284
418378071;24285
418394744;24286
418411418;24287
418428092;24288
418444765;24289
418461439;24290
418478113;24291
418494787;24292
418511460;24293
418528134;24294
418544808;24295
418561481;24296
418578155;24297
418594829;24298
418611502;24299
418628176;24300
418644850;24301
418661523;24302
418678197;24303
418694871;24304
418711544;24305
418728218;24306
418744892;24307
418761565;24308
418778239;24309
418794913;24310
418811586;24311
418828260;24312
418844934;24313
418878281;24314
418894955;24315
418911629;24316
418928302;24317
418944976;24318
418961650;24319
418978323;24320
418994997;24321
419011671;24322
419028344;24323
419045018;24324
419061692;24325
419078366;24326
419095039;24327
419111713;24328
419128387;24329
419145060;24330
419161734;24331
419178408;24332
419195081;24333
419211755;24334
419228429;24335
419245102;24336
419261776;24337
419278450;24338
419295124;24339
419311797;24340
419328471;24341
419345145;24342
419378492;24343
419395166;24344
419411839;24345
419428513;24346
419445187;24347
419461860;24348
419478534;24349
419495208;24350
419511881;24351
419528555;24352
419545229;24353
419561903;24354
419578576;24355
419595250;24356
419611924;24357
419628597;24358
419645271;24359
419661945;24360
419678618;24361
419695292;24362
419711966;24363
419728639;24364
419745313;24365
419761987;24366
419778661;24367
419795334;24368
419812008;24369
419828682;24370
419845355;24371
419878703;24372
419895376;24373
419912050;24374
419928724;24375
419945397;24376
419962071;24377
419978745;24378
419995419;24379
420012092;24380
420028766;24381
420045440;24382
420062113;24383
420078787;24384
420095461;24385
420112134;24386
420128808;24387
420145482;24388
420162155;24389
420178829;24390
420195503;24391
420212177;24392
420228850;24393
420245524;24394
420262198;24395
420278871;24396
420295545;24397
420312219;24398
420328892;24399
420345566;24400
420378913;24401
420395587;24402
420412261;24403
420428934;24404
420445608;24405
420462282;24406
420478956;24407
420495629;24408
420512303;24409
420528977;24410
420545650;24411
420562324;24412
420578998;24413
420595671;24414
420612345;24415
420629019;24416
420645692;24417
420662366;24418
420679040;24419
420695714;24420
420712387;24421
420729061;24422
420745735;24423
420762408;24424
420779082;24425
420795756;24426
420812429;24427
420829103;24428
420845777;24429
420879124;24430
420895798;24431
420912472;24432
420929145;24433
420945819;24434
420962493;24435
420979166;24436
420995840;24437
421012514;24438
421029187;24439
421045861;24440
421062535;24441
421079209;24442
421095882;24443
421112556;24444
421129230;24445
421145903;24446
421162577;24447
421179251;24448
421195924;24449
421212598;24450
421229272;24451
421245945;24452
421262619;24453
421279293;24454
421295966;24455
421312640;24456
421329314;24457
421345988;24458
421379335;24459
421396009;24460
421412682;24461
421429356;24462
421446030;24463
421462703;24464
421479377;24465
421496051;24466
421512725;24467
421529398;24468
421546072;24469
421562746;24470
421579419;24471
421596093;24472
421612767;24473
421629440;24474
421646114;24475
421662788;24476
421679461;24477
421696135;24478
421712809;24479
421729483;24480
421746156;24481
421762830;24482
421779504;24483
421796177;24484
421812851;24485
421829525;24486
421846198;24487
421879546;24488
421896219;24489
421912893;24490
421929567;24491
421946241;24492
421962914;24493
421979588;24494
421996262;24495
422012935;24496
422029609;24497
422046283;24498
422062956;24499
422079630;24500
422096304;24501
422112977;24502
422129651;24503
422146325;24504
422162999;24505
422179672;24506
422196346;24507
422213020;24508
422229693;24509
422246367;24510
422263041;24511
422279714;24512
422296388;24513
422313062;24514
422329736;24515
422346409;24516
422379757;24517
422396430;24518
422413104;24519
422429778;24520
422446451;24521
422463125;24522
422479799;24523
422496473;24524
422513146;24525
422529820;24526
422546494;24527
422563167;24528
422579841;24529
422596515;24530
422613188;24531
422629862;24532
422646536;24533
422663209;24534
422679883;24535
422696557;24536
422713231;24537
422729904;24538
422746578;24539
422763252;24540
422779925;24541
422796599;24542
422813273;24543
422829946;24544
422846620;24545
422879967;24546
422896641;24547
422913315;24548
422929989;24549
422946662;24550
422963336;24551
422980010;24552
422996683;24553
423013357;24554
423030031;24555
423046704;24556
423063378;24557
423080052;24558
423096725;24559
423113399;24560
423130073;24561
423146747;24562
423163420;24563
423180094;24564
423196768;24565
423213441;24566
423230115;24567
423246789;24568
423263462;24569
423280136;24570
423296810;24571
423313484;24572
423330157;24573
423346831;24574
423380178;24575
423396852;24576
423413526;24577
423430200;24578
423446873;24579
423463547;24580
423480221;24581
423496894;24582
423513568;24583
423530242;24584
423546915;24585
423563589;24586
423580263;24587
423596936;24588
423613610;24589
423630284;24590
423646958;24591
423663631;24592
423680305;24593
423696979;24594
423713652;24595
423730326;24596
423747000;24597
423763673;24598
423780347;24599
423797021;24600
423813694;24601
423830368;24602
423847042;24603
423880389;24604
423897063;24605
423913737;24606
423930410;24607
423947084;24608
423963758;24609
423980431;24610
423997105;24611
424013779;24612
424030453;24613
424047126;24614
424063800;24615
424080474;24616
424097147;24617
424113821;24618
424130495;24619
424147168;24620
424163842;24621
424180516;24622
424197190;24623
424213863;24624
424230537;24625
424247211;24626
424263884;24627
424280558;24628
424297232;24629
424313905;24630
424330579;24631
424347253;24632
424380600;24633
424397274;24634
424413947;24635
424430621;24636
424447295;24637
424463969;24638
424480642;24639
424497316;24640
424513990;24641
424530663;24642
424547337;24643
424564011;24644
424580684;24645
424597358;24646
424614032;24647
424630706;24648
424647379;24649
424664053;24650
424680727;24651
424697400;24652
424714074;24653
424730748;24654
424747421;24655
424764095;24656
424780769;24657
424797443;24658
424814116;24659
424830790;24660
424847464;24661
424880811;24662
424897485;24663
424914158;24664
424930832;24665
424947506;24666
424964179;24667
424980853;24668
424997527;24669
425014201;24670
425030874;24671
425047548;24672
425064222;24673
425080895;24674
425097569;24675
425114243;24676
425130916;24677
425147590;24678
425164264;24679
425180938;24680
425197611;24681
425214285;24682
425230959;24683
425247632;24684
425264306;24685
425280980;24686
425297653;24687
425314327;24688
425331001;24689
425347675;24690
425381022;24691
425397696;24692
425414369;24693
425431043;24694
425447717;24695
425464390;24696
425481064;24697
425497738;24698
425514411;24699
425531085;24700
425547759;24701
425564433;24702
425581106;24703
425597780;24704
425614454;24705
425631127;24706
425647801;24707
425664475;24708
425681148;24709
425697822;24710
425714496;24711
425731170;24712
425747843;24713
425764517;24714
425781191;24715
425797864;24716
425814538;24717
425831212;24718
425847885;24719
425881233;24720
425897907;24721
425914580;24722
425931254;24723
425947928;24724
425964601;24725
425981275;24726
425997949;24727
426014622;24728
426031296;24729
426047970;24730
426064643;24731
426081317;24732
426097991;24733
426114665;24734
426131338;24735
426148012;24736
426164686;24737
426181359;24738
426198033;24739
426214707;24740
426231380;24741
426248054;24742
426264728;24743
426281402;24744
426298075;24745
426314749;24746
426331423;24747
426348096;24748
426381444;24749
426398118;24750
426414791;24751
426431465;24752
426448139;24753
426464812;24754
426481486;24755
426498160;24756
426514833;24757
426531507;24758
426548181;24759
426564854;24760
426581528;24761
426598202;24762
426614875;24763
426631549;24764
426648223;24765
426664897;24766
426681570;24767
426698244;24768
426714918;24769
426731591;24770
426748265;24771
426764939;24772
426781612;24773
426798286;24774
426814960;24775
426831634;24776
426848307;24777
426881655;24778
426898328;24779
426915002;24780
426931676;24781
426948349;24782
426965023;24783
426981697;24784
426998371;24785
427015044;24786
427031718;24787
427048392;24788
427065065;24789
427081739;24790
427098413;24791
427115086;24792
427131760;24793
427148434;24794
427165107;24795
427181781;24796
427198455;24797
427215129;24798
427231802;24799
427248476;24800
427265150;24801
427281823;24802
427298497;24803
427315171;24804
427331844;24805
427348518;24806
427381866;24807
427398539;24808
427415213;24809
427431887;24810
427448560;24811
427465234;24812
427481908;24813
427498581;24814
427515255;24815
427531929;24816
427548602;24817
427565276;24818
427581950;24819
427598624;24820
427615297;24821
427631971;24822
427648645;24823
427665318;24824
427681992;24825
427698666;24826
427715339;24827
427732013;24828
427748687;24829
427765360;24830
427782034;24831
427798708;24832
427815382;24833
427832055;24834
427848729;24835
427882076;24836
427898750;24837
427915424;24838
427932097;24839
427948771;24840
427965445;24841
427982119;24842
427998792;24843
428015466;24844
428032140;24845
428048813;24846
428065487;24847
428082161;24848
428098834;24849
428115508;24850
428132182;24851
428148855;24852
428165529;24853
428182203;24854
428198877;24855
428215550;24856
428232224;24857
428248898;24858
428265571;24859
428282245;24860
428298919;24861
428315593;24862
428332266;24863
428348940;24864
428382287;24865
428398961;24866
428415635;24867
428432308;24868
428448982;24869
428465656;24870
428482329;24871
428499003;24872
428515677;24873
428532350;24874
428549024;24875
428565698;24876
428582372;24877
428599045;24878
428615719;24879
428632393;24880
428649066;24881
428665740;24882
428682414;24883
428699087;24884
428715761;24885
428732435;24886
428749108;24887
428765782;24888
428782456;24889
428799130;24890
428815803;24891
428832477;24892
428849151;24893
428882498;24894
428899172;24895
428915846;24896
428932519;24897
428949193;24898
428965867;24899
428982540;24900
428999214;24901
429015888;24902
429032561;24903
429049235;24904
429065909;24905
429082582;24906
429099256;24907
429115930;24908
429132603;24909
429149277;24910
429165951;24911
429182625;24912
429199298;24913
429215972;24914
429232646;24915
429249319;24916
429265993;24917
429282667;24918
429299340;24919
429316014;24920
429332688;24921
429349362;24922
429382709;24923
429399383;24924
429416056;24925
429432730;24926
429449404;24927
429466077;24928
429482751;24929
429499425;24930
429516098;24931
429532772;24932
429549446;24933
429566120;24934
429582793;24935
429599467;24936
429616141;24937
429632814;24938
429649488;24939
429666162;24940
429682835;24941
429699509;24942
429716183;24943
429732856;24944
429749530;24945
429766204;24946
429782878;24947
429799551;24948
429816225;24949
429832899;24950
429849572;24951
429882920;24952
429899593;24953
429916267;24954
429932941;24955
429949614;24956
429966288;24957
429982962;24958
429999636;24959
430016309;24960
430032983;24961
430049657;24962
430066330;24963
430083004;24964
430099678;24965
430116351;24966
430133025;24967
430149699;24968
430166373;24969
430183046;24970
430199720;24971
430216394;24972
430233067;24973
430249741;24974
430266415;24975
430283088;24976
430299762;24977
430316436;24978
430333109;24979
430349783;24980
430383130;24981
430399804;24982
430416478;24983
430433152;24984
430449825;24985
430466499;24986
430483173;24987
430499846;24988
430516520;24989
430533194;24990
430549868;24991
430566541;24992
430583215;24993
430599889;24994
430616562;24995
430633236;24996
430649910;24997
430666583;24998
430683257;24999
430699931;25000
430716604;25001
430733278;25002
430749952;25003
430766625;25004
430783299;25005
430799973;25006
430816647;25007
430833320;25008
430849994;25009
430883341;25010
430900015;25011
430916689;25012
430933362;25013
430950036;25014
430966710;25015
430983383;25016
431000057;25017
431016731;25018
431033405;25019
431050078;25020
431066752;25021
431083426;25022
431100099;25023
431116773;25024
431133447;25025
431150120;25026
431166794;25027
431183468;25028
431200141;25029
431216815;25030
431233489;25031
431250163;25032
431266836;25033
431283510;25034
431300184;25035
431316857;25036
431333531;25037
431350205;25038
431383552;25039
431400226;25040
431416900;25041
431433573;25042
431450247;25043
431466921;25044
431483594;25045
431500268;25046
431516942;25047
431533615;25048
431550289;25049
431566963;25050
431583636;25051
431600310;25052
431616984;25053
431633658;25054
431650331;25055
431667005;25056
431683678;25057
431700352;25058
431717026;25059
431733700;25060
431750373;25061
431767047;25062
431783721;25063
431800394;25064
431817068;25065
431833742;25066
431850415;25067
431883763;25068
431900436;25069
431917110;25070
431933784;25071
431950458;25072
431967131;25073
431983805;25074
432000479;25075
432017152;25076
432033826;25077
432050500;25078
432067173;25079
432083847;25080
432100521;25081
432117195;25082
432133868;25083
432150542;25084
432167216;25085
432183889;25086
432200563;25087
432217237;25088
432233910;25089
432250584;25090
432267258;25091
432283931;25092
432300605;25093
432317279;25094
432333952;25095
432350626;25096
432383974;25097
432400647;25098
432417321;25099
432433995;25100
432450668;25101
432467342;25102
432484016;25103
432500689;25104
432517363;25105
432534037;25106
432550710;25107
432567384;25108
432584058;25109
432600731;25110
432617405;25111
432634079;25112
432650753;25113
432667426;25114
432684100;25115
432700774;25116
432717447;25117
432734121;25118
432750795;25119
432767468;25120
432784142;25121
432800816;25122
432817489;25123
432834163;25124
432850837;25125
432884184;25126
432900858;25127
432917532;25128
432934205;25129
432950879;25130
432967553;25131
432984226;25132
433000900;25133
433017574;25134
433034247;25135
433050921;25136
433067595;25137
433084268;25138
433100942;25139
433117616;25140
433134290;25141
433150963;25142
433167637;25143
433184311;25144
433200984;25145
433217658;25146
433234332;25147
433251005;25148
433267679;25149
433284353;25150
433301026;25151
433317700;25152
433334374;25153
433351047;25154
433384395;25155
433401069;25156
433417742;25157
433434416;25158
433451090;25159
433467763;25160
433484437;25161
433501111;25162
433517784;25163
433534458;25164
433551132;25165
433567805;25166
433584479;25167
433601153;25168
433617827;25169
433634500;25170
433651174;25171
433667848;25172
433684521;25173
433701195;25174
433717869;25175
433734542;25176
433751216;25177
433767890;25178
433784563;25179
433801237;25180
433817911;25181
433834585;25182
433851258;25183
433884606;25184
433901279;25185
433917953;25186
433934627;25187
433951300;25188
433967974;25189
433984648;25190
434001321;25191
434017995;25192
434034669;25193
434051342;25194
434068016;25195
434084690;25196
434101363;25197
434118037;25198
434134711;25199
434151385;25200
434168058;25201
434184732;25202
434201406;25203
434218079;25204
434234753;25205
434251427;25206
434268100;25207
434284774;25208
434301448;25209
434318121;25210
434334795;25211
434351469;25212
434384816;25213
434401490;25214
434418164;25215
434434837;25216
434451511;25217
434468185;25218
434484858;25219
434501532;25220
434518206;25221
434534879;25222
434551553;25223
434568227;25224
434584900;25225
434601574;25226
434618248;25227
434634921;25228
434651595;25229
434668269;25230
434684942;25231
434701616;25232
434718290;25233
434734963;25234
434751637;25235
434768311;25236
434784985;25237
434801658;25238
434818332;25239
434835006;25240
434851679;25241
434885027;25242
434901700;25243
434918374;25244
434935048;25245
434951721;25246
434968395;25247
434985069;25248
435001743;25249
435018416;25250
435035090;25251
435051764;25252
435068437;25253
435085111;25254
435101785;25255
435118458;25256
435135132;25257
435151806;25258
435168479;25259
435185153;25260
435201827;25261
435218500;25262
435235174;25263
435251848;25264
435268521;25265
435285195;25266
435301869;25267
435318543;25268
435335216;25269
435351890;25270
435385237;25271
435401911;25272
435418585;25273
435435258;25274
435451932;25275
435468606;25276
435485279;25277
435501953;25278
435518627;25279
435535300;25280
435551974;25281
435568648;25282
435585321;25283
435601995;25284
435618669;25285
435635343;25286
435652016;25287
435668690;25288
435685364;25289
435702037;25290
435718711;25291
435735385;25292
435752058;25293
435768732;25294
435785406;25295
435802079;25296
435818753;25297
435835427;25298
435852100;25299
435885448;25300
435902121;25301
435918795;25302
435935469;25303
435952142;25304
435968816;25305
435985490;25306
436002164;25307
436018837;25308
436035511;25309
436052185;25310
436068858;25311
436085532;25312
436102206;25313
436118879;25314
436135553;25315
436152227;25316
436168900;25317
436185574;25318
436202248;25319
436218921;25320
436235595;25321
436252269;25322
436268942;25323
436285616;25324
436302290;25325
436318963;25326
436335637;25327
436352311;25328
436385658;25329
436402332;25330
436419006;25331
436435679;25332
436452353;25333
436469027;25334
436485700;25335
436502374;25336
436519048;25337
436535721;25338
436552395;25339
436569069;25340
436585742;25341
436602416;25342
436619090;25343
436635763;25344
436652437;25345
436669111;25346
436685784;25347
436702458;25348
436719132;25349
436735806;25350
436752479;25351
436769153;25352
436785827;25353
436802500;25354
436819174;25355
436835847;25356
436852521;25357
436885869;25358
436902542;25359
436919216;25360
436935890;25361
436952563;25362
436969237;25363
436985911;25364
437002584;25365
437019258;25366
437035932;25367
437052605;25368
437069279;25369
437085953;25370
437102626;25371
437119300;25372
437135974;25373
437152648;25374
437169321;25375
437185995;25376
437202669;25377
437219342;25378
437236016;25379
437252690;25380
437269363;25381
437286037;25382
437302711;25383
437319384;25384
437336058;25385
437352732;25386
437386079;25387
437402753;25388
437419426;25389
437436100;25390
437452774;25391
437469447;25392
437486121;25393
437502795;25394
437519468;25395
437536142;25396
437552816;25397
437569489;25398
437586163;25399
437602837;25400
437619511;25401
437636184;25402
437652858;25403
437669532;25404
437686205;25405
437702879;25406
437719553;25407
437736226;25408
437752900;25409
437769574;25410
437786247;25411
437802921;25412
437819595;25413
437836268;25414
437852942;25415
437886289;25416
437902963;25417
437919637;25418
437936310;25419
437952984;25420
437969658;25421
437986331;25422
438003005;25423
438019679;25424
438036352;25425
438053026;25426
438069700;25427
438086373;25428
438103047;25429
438119721;25430
438136395;25431
438153068;25432
438169742;25433
438186416;25434
438203089;25435
438219763;25436
438236436;25437
438253110;25438
438269784;25439
438286458;25440
438303131;25441
438319805;25442
438336479;25443
438353152;25444
438386500;25445
438403173;25446
438419847;25447
438436521;25448
438453194;25449
438469868;25450
438486542;25451
438503215;25452
438519889;25453
438536563;25454
438553236;25455
438569910;25456
438586584;25457
438603257;25458
438619931;25459
438636605;25460
438653278;25461
438669952;25462
438686626;25463
438703299;25464
438719973;25465
438736647;25466
438753320;25467
438769994;25468
438786668;25469
438803342;25470
438820015;25471
438836689;25472
438853363;25473
438886710;25474
438903384;25475
438920057;25476
438936731;25477
438953405;25478
438970078;25479
438986752;25480
439003426;25481
439020099;25482
439036773;25483
439053447;25484
439070120;25485
439086794;25486
439103468;25487
439120141;25488
439136815;25489
439153489;25490
439170162;25491
439186836;25492
439203510;25493
439220183;25494
439236857;25495
439253531;25496
439270204;25497
439286878;25498
439303552;25499
439320225;25500
439336899;25501
439353573;25502
439386920;25503
439403594;25504
439420267;25505
439436941;25506
439453615;25507
439470288;25508
439486962;25509
439503636;25510
439520309;25511
439536983;25512
439553657;25513
439570331;25514
439587004;25515
439603678;25516
439620351;25517
439637025;25518
439653699;25519
439670372;25520
439687046;25521
439703720;25522
439720394;25523
439737067;25524
439753741;25525
439770415;25526
439787088;25527
439803762;25528
439820436;25529
439837109;25530
439853783;25531
439887130;25532
439903804;25533
439920478;25534
439937151;25535
439953825;25536
439970499;25537
439987172;25538
440003846;25539
440020520;25540
440037193;25541
440053867;25542
440070541;25543
440087214;25544
440103888;25545
440120562;25546
440137235;25547
440153909;25548
440170583;25549
440187256;25550
440203930;25551
440220604;25552
440237277;25553
440253951;25554
440270625;25555
440287298;25556
440303972;25557
440320646;25558
440337319;25559
440353993;25560
440387340;25561
440404014;25562
440420688;25563
440437361;25564
440454035;25565
440470709;25566
440487382;25567
440504056;25568
440520730;25569
440537403;25570
440554077;25571
440570751;25572
440587424;25573
440604098;25574
440620772;25575
440637445;25576
440654119;25577
440670793;25578
440687466;25579
440704140;25580
440720814;25581
440737487;25582
440754161;25583
440770835;25584
440787508;25585
440804182;25586
440820856;25587
440837529;25588
440854203;25589
440887551;25590
440904224;25591
440920898;25592
440937571;25593
440954245;25594
440970919;25595
440987592;25596
441004266;25597
441020940;25598
441037613;25599
441054287;25600
441070961;25601
441087635;25602
441104308;25603
441120982;25604
441137655;25605
441154329;25606
441171003;25607
441187677;25608
441204350;25609
441221024;25610
441237698;25611
441254371;25612
441271045;25613
441287718;25614
441304392;25615
441321066;25616
441337739;25617
441354413;25618
441387760;25619
441404434;25620
441421108;25621
441437781;25622
441454455;25623
441471129;25624
441487802;25625
441504476;25626
441521150;25627
441537824;25628
441554497;25629
441571171;25630
441587844;25631
441604518;25632
441621192;25633
441637865;25634
441654539;25635
441671213;25636
441687886;25637
441704560;25638
441721234;25639
441737907;25640
441754581;25641
441771255;25642
441787928;25643
441804602;25644
441821276;25645
441837949;25646
441854623;25647
441887970;25648
441904644;25649
441921318;25650
441937991;25651
441954665;25652
441971339;25653
441988012;25654
442004686;25655
442021360;25656
442038033;25657
442054707;25658
442071381;25659
442088054;25660
442104728;25661
442121402;25662
442138075;25663
442154749;25664
442171423;25665
442188096;25666
442204770;25667
442221444;25668
442238117;25669
442254791;25670
442271465;25671
442288138;25672
442304812;25673
442321486;25674
442338159;25675
442354833;25676
442388180;25677
442404854;25678
442421528;25679
442438201;25680
442454875;25681
442471549;25682
442488222;25683
442504896;25684
442521570;25685
442538243;25686
442554917;25687
442571591;25688
442588264;25689
442604938;25690
442621612;25691
442638285;25692
442654959;25693
442671633;25694
442688306;25695
442704980;25696
442721654;25697
442738327;25698
442755001;25699
442771675;25700
442788348;25701
442805022;25702
442821696;25703
442838369;25704
442855043;25705
442888390;25706
442905064;25707
442921738;25708
442938411;25709
442955085;25710
442971759;25711
442988432;25712
443005106;25713
443021780;25714
443038453;25715
443055127;25716
443071800;25717
443088474;25718
443105148;25719
443121822;25720
443138495;25721
443155169;25722
443171842;25723
443188516;25724
443205190;25725
443221863;25726
443238537;25727
443255211;25728
443271884;25729
443288558;25730
443305232;25731
443321905;25732
443338579;25733
443355253;25734
443388600;25735
443405274;25736
443421947;25737
443438621;25738
443455295;25739
443471968;25740
443488642;25741
443505316;25742
443521989;25743
443538663;25744
443555337;25745
443572010;25746
443588684;25747
443605358;25748
443622031;25749
443638705;25750
443655378;25751
443672052;25752
443688726;25753
443705400;25754
443722073;25755
443738747;25756
443755420;25757
443772094;25758
443788768;25759
443805441;25760
443822115;25761
443838789;25762
443855462;25763
443888810;25764
443905483;25765
443922157;25766
443938831;25767
443955504;25768
443972178;25769
443988852;25770
444005525;25771
444022199;25772
444038873;25773
444055546;25774
444072220;25775
444088894;25776
444105567;25777
444122241;25778
444138915;25779
444155588;25780
444172262;25781
444188936;25782
444205609;25783
444222283;25784
444238957;25785
444255630;25786
444272304;25787
444288977;25788
444305651;25789
444322325;25790
444338999;25791
444355672;25792
444389019;25793
444405693;25794
444422367;25795
444439040;25796
444455714;25797
444472388;25798
444489061;25799
444505735;25800
444522409;25801
444539082;25802
444555756;25803
444572430;25804
444589103;25805
444605777;25806
444622451;25807
444639124;25808
444655798;25809
444672472;25810
444689145;25811
444705819;25812
444722493;25813
444739166;25814
444755840;25815
444772514;25816
444789187;25817
444805861;25818
444822534;25819
444839208;25820
444855882;25821
444889229;25822
444905903;25823
444922576;25824
444939250;25825
444955924;25826
444972597;25827
444989271;25828
445005945;25829
445022618;25830
445039292;25831
445055966;25832
445072639;25833
445089313;25834
445105987;25835
445122660;25836
445139334;25837
445156008;25838
445172681;25839
445189355;25840
445206029;25841
445222702;25842
445239376;25843
445256050;25844
445272723;25845
445289397;25846
445306071;25847
445322744;25848
445339418;25849
445356091;25850
445389439;25851
445406112;25852
445422786;25853
445439460;25854
445456133;25855
445472807;25856
445489481;25857
445506154;25858
445522828;25859
445539502;25860
445556175;25861
445572849;25862
445589523;25863
445606196;25864
445622870;25865
445639544;25866
445656217;25867
445672891;25868
445689565;25869
445706238;25870
445722912;25871
445739585;25872
445756259;25873
445772933;25874
445789606;25875
445806280;25876
445822954;25877
445839627;25878
445856301;25879
445889648;25880
445906322;25881
445922996;25882
445939669;25883
445956343;25884
445973017;25885
445989690;25886
446006364;25887
446023038;25888
446039711;25889
446056385;25890
446073059;25891
446089732;25892
446106406;25893
446123080;25894
446139753;25895
446156427;25896
446173100;25897
446189774;25898
446206448;25899
446223121;25900
446239795;25901
446256469;25902
446273142;25903
446289816;25904
446306490;25905
446323163;25906
446339837;25907
446356511;25908
446389858;25909
446406532;25910
446423205;25911
446439879;25912
446456553;25913
446473226;25914
446489900;25915
446506574;25916
446523247;25917
446539921;25918
446556595;25919
446573268;25920
446589942;25921
446606615;25922
446623289;25923
446639963;25924
446656636;25925
446673310;25926
446689984;25927
446706657;25928
446723331;25929
446740005;25930
446756678;25931
446773352;25932
446790026;25933
446806699;25934
446823373;25935
446840047;25936
446856720;25937
446890068;25938
446906741;25939
446923415;25940
446940088;25941
446956762;25942
446973436;25943
446990109;25944
447006783;25945
447023457;25946
447040130;25947
447056804;25948
447073478;25949
447090151;25950
447106825;25951
447123499;25952
447140172;25953
447156846;25954
447173520;25955
447190193;25956
447206867;25957
447223541;25958
447240214;25959
447256888;25960
447273561;25961
447290235;25962
447306909;25963
447323583;25964
447340256;25965
447356930;25966
447390277;25967
447406951;25968
447423624;25969
447440298;25970
447456972;25971
447473645;25972
447490319;25973
447506993;25974
447523666;25975
447540340;25976
447557014;25977
447573687;25978
447590361;25979
447607035;25980
447623708;25981
447640382;25982
447657056;25983
447673729;25984
447690403;25985
447707076;25986
447723750;25987
447740424;25988
447757097;25989
447773771;25990
447790445;25991
447807118;25992
447823792;25993
447840466;25994
447857139;25995
447890487;25996
447907160;25997
447923834;25998
447940508;25999
447957181;26000
447973855;26001
447990529;26002
448007202;26003
448023876;26004
448040549;26005
448057223;26006
448073897;26007
448090570;26008
448107244;26009
448123918;26010
448140591;26011
448157265;26012
448173939;26013
448190612;26014
448207286;26015
448223960;26016
448240633;26017
448257307;26018
448273981;26019
448290654;26020
448307328;26021
448324002;26022
448340675;26023
448357349;26024
448390696;26025
448407370;26026
448424043;26027
448440717;26028
448457391;26029
448474064;26030
448490738;26031
448507412;26032
448524085;26033
448540759;26034
448557433;26035
448574106;26036
448590780;26037
448607453;26038
448624127;26039
448640801;26040
448657474;26041
448674148;26042
448690822;26043
448707495;26044
448724169;26045
448740843;26046
448757516;26047
448774190;26048
448790864;26049
448807537;26050
448824211;26051
448840885;26052
448857558;26053
448874232;26054
448907579;26055
448924253;26056
448940926;26057
448957600;26058
448974274;26059
448990947;26060
449007621;26061
449024295;26062
449040968;26063
449057642;26064
449074316;26065
449090989;26066
449107663;26067
449124337;26068
449141010;26069
449157684;26070
449174357;26071
449191031;26072
449207705;26073
449224378;26074
449241052;26075
449257726;26076
449274399;26077
449291073;26078
449307747;26079
449324420;26080
449341094;26081
449357768;26082
449374441;26083
449407789;26084
449424462;26085
449441136;26086
449457810;26087
449474483;26088
449491157;26089
449507830;26090
449524504;26091
449541178;26092
449557851;26093
449574525;26094
449591199;26095
449607872;26096
449624546;26097
449641220;26098
449657893;26099
449674567;26100
449691241;26101
449707914;26102
449724588;26103
449741262;26104
449757935;26105
449774609;26106
449791283;26107
449807956;26108
449824630;26109
449841303;26110
449857977;26111
449874651;26112
449907998;26113
449924672;26114
449941345;26115
449958019;26116
449974693;26117
449991366;26118
450008040;26119
450024714;26120
450041387;26121
450058061;26122
450074735;26123
450091408;26124
450108082;26125
450124755;26126
450141429;26127
450158103;26128
450174776;26129
450191450;26130
450208124;26131
450224797;26132
450241471;26133
450258145;26134
450274818;26135
450291492;26136
450308166;26137
450324839;26138
450341513;26139
450358186;26140
450374860;26141
450408207;26142
450424881;26143
450441555;26144
450458228;26145
450474902;26146
450491576;26147
450508249;26148
450524923;26149
450541597;26150
450558270;26151
450574944;26152
450591617;26153
450608291;26154
450624965;26155
450641638;26156
450658312;26157
450674986;26158
450691659;26159
450708333;26160
450725007;26161
450741680;26162
450758354;26163
450775028;26164
450791701;26165
450808375;26166
450825048;26167
450841722;26168
450858396;26169
450875069;26170
450908417;26171
450925090;26172
450941764;26173
450958438;26174
450975111;26175
450991785;26176
451008459;26177
451025132;26178
451041806;26179
451058480;26180
451075153;26181
451091827;26182
451108501;26183
451125174;26184
451141848;26185
451158521;26186
451175195;26187
451191869;26188
451208542;26189
451225216;26190
451241890;26191
451258563;26192
451275237;26193
451291911;26194
451308584;26195
451325258;26196
451341932;26197
451358605;26198
451375279;26199
451408626;26200
451425300;26201
451441973;26202
451458647;26203
451475321;26204
451491994;26205
451508668;26206
451525342;26207
451542015;26208
451558689;26209
451575362;26210
451592036;26211
451608710;26212
451625383;26213
451642057;26214
451658731;26215
451675404;26216
451692078;26217
451708752;26218
451725425;26219
451742099;26220
451758773;26221
451775446;26222
451792120;26223
451808794;26224
451825467;26225
451842141;26226
451858814;26227
451875488;26228
451908835;26229
451925509;26230
451942183;26231
451958856;26232
451975530;26233
451992204;26234
452008877;26235
452025551;26236
452042225;26237
452058898;26238
452075572;26239
452092245;26240
452108919;26241
452125593;26242
452142266;26243
452158940;26244
452175614;26245
452192287;26246
452208961;26247
452225635;26248
452242308;26249
452258982;26250
452275655;26251
452292329;26252
452309003;26253
452325676;26254
452342350;26255
452359024;26256
452375697;26257
452409045;26258
452425718;26259
452442392;26260
452459066;26261
452475739;26262
452492413;26263
452509087;26264
452525760;26265
452542434;26266
452559107;26267
452575781;26268
452592455;26269
452609128;26270
452625802;26271
452642476;26272
452659149;26273
452675823;26274
452692497;26275
452709170;26276
452725844;26277
452742518;26278
452759191;26279
452775865;26280
452792538;26281
452809212;26282
452825886;26283
452842559;26284
452859233;26285
452875907;26286
452909254;26287
452925928;26288
452942601;26289
452959275;26290
452975949;26291
452992622;26292
453009296;26293
453025969;26294
453042643;26295
453059317;26296
453075990;26297
453092664;26298
453109338;26299
453126011;26300
453142685;26301
453159359;26302
453176032;26303
453192706;26304
453209379;26305
453226053;26306
453242727;26307
453259400;26308
453276074;26309
453292748;26310
453309421;26311
453326095;26312
453342769;26313
453359442;26314
453376116;26315
453409463;26316
453426137;26317
453442811;26318
453459484;26319
453476158;26320
453492831;26321
453509505;26322
453526179;26323
453542852;26324
453559526;26325
453576200;26326
453592873;26327
453609547;26328
453626221;26329
453642894;26330
453659568;26331
453676242;26332
453692915;26333
453709589;26334
453726262;26335
453742936;26336
453759610;26337
453776283;26338
453792957;26339
453809631;26340
453826304;26341
453842978;26342
453859652;26343
453876325;26344
453909672;26345
453926346;26346
453943020;26347
453959693;26348
453976367;26349
453993041;26350
454009714;26351
454026388;26352
454043062;26353
454059735;26354
454076409;26355
454093083;26356
454109756;26357
454126430;26358
454143103;26359
454159777;26360
454176451;26361
454193124;26362
454209798;26363
454226472;26364
454243145;26365
454259819;26366
454276492;26367
454293166;26368
454309840;26369
454326514;26370
454343187;26371
454359861;26372
454376534;26373
454409882;26374
454426555;26375
454443229;26376
454459903;26377
454476576;26378
454493250;26379
454509924;26380
454526597;26381
454543271;26382
454559944;26383
454576618;26384
454593292;26385
454609965;26386
454626639;26387
454643313;26388
454659986;26389
454676660;26390
454693334;26391
454710007;26392
454726681;26393
454743354;26394
454760028;26395
454776702;26396
454793375;26397
454810049;26398
454826723;26399
454843396;26400
454860070;26401
454876744;26402
454910091;26403
454926765;26404
454943438;26405
454960112;26406
454976785;26407
454993459;26408
455010133;26409
455026806;26410
455043480;26411
455060154;26412
455076827;26413
455093501;26414
455110175;26415
455126848;26416
455143522;26417
455160196;26418
455176869;26419
455193543;26420
455210216;26421
455226890;26422
455243564;26423
455260237;26424
455276911;26425
455293585;26426
455310258;26427
455326932;26428
455343606;26429
455360279;26430
455376953;26431
455410300;26432
455426974;26433
455443648;26434
455460321;26435
455476995;26436
455493668;26437
455510342;26438
455527016;26439
455543689;26440
455560363;26441
455577037;26442
455593710;26443
455610384;26444
455627057;26445
455643731;26446
455660405;26447
455677078;26448
455693752;26449
455710426;26450
455727099;26451
455743773;26452
455760447;26453
455777120;26454
455793794;26455
455810468;26456
455827141;26457
455843815;26458
455860488;26459
455877162;26460
455910509;26461
455927183;26462
455943857;26463
455960530;26464
455977204;26465
455993878;26466
456010551;26467
456027225;26468
456043898;26469
456060572;26470
456077246;26471
456093920;26472
456110593;26473
456127267;26474
456143940;26475
456160614;26476
456177288;26477
456193961;26478
456210635;26479
456227309;26480
456243982;26481
456260656;26482
456277329;26483
456294003;26484
456310677;26485
456327350;26486
456344024;26487
456360698;26488
456377371;26489
456410719;26490
456427392;26491
456444066;26492
456460740;26493
456477413;26494
456494087;26495
456510761;26496
456527434;26497
456544108;26498
456560781;26499
456577455;26500
456594129;26501
456610802;26502
456627476;26503
456644150;26504
456660823;26505
456677497;26506
456694170;26507
456710844;26508
456727518;26509
456744192;26510
456760865;26511
456777539;26512
456794212;26513
456810886;26514
456827560;26515
456844233;26516
456860907;26517
456877581;26518
456910928;26519
456927601;26520
456944275;26521
456960949;26522
456977622;26523
456994296;26524
457010970;26525
457027643;26526
457044317;26527
457060991;26528
457077664;26529
457094338;26530
457111012;26531
457127685;26532
457144359;26533
457161033;26534
457177706;26535
457194380;26536
457211053;26537
457227727;26538
457244401;26539
457261074;26540
457277748;26541
457294422;26542
457311095;26543
457327769;26544
457344443;26545
457361116;26546
457377790;26547
457411137;26548
457427811;26549
457444484;26550
457461158;26551
457477832;26552
457494505;26553
457511179;26554
457527853;26555
457544526;26556
457561200;26557
457577874;26558
457594547;26559
457611221;26560
457627895;26561
457644568;26562
457661242;26563
457677915;26564
457694589;26565
457711263;26566
457727936;26567
457744610;26568
457761284;26569
457777957;26570
457794631;26571
457811304;26572
457827978;26573
457844652;26574
457861325;26575
457877999;26576
457911346;26577
457928020;26578
457944694;26579
457961367;26580
457978041;26581
457994715;26582
458011388;26583
458028062;26584
458044735;26585
458061409;26586
458078083;26587
458094756;26588
458111430;26589
458128104;26590
458144777;26591
458161451;26592
458178125;26593
458194798;26594
458211472;26595
458228146;26596
458244819;26597
458261493;26598
458278166;26599
458294840;26600
458311514;26601
458328187;26602
458344861;26603
458361535;26604
458378208;26605
458411556;26606
458428229;26607
458444903;26608
458461577;26609
458478250;26610
458494924;26611
458511597;26612
458528271;26613
458544945;26614
458561618;26615
458578292;26616
458594966;26617
458611639;26618
458628313;26619
458644987;26620
458661660;26621
458678334;26622
458695007;26623
458711681;26624
458728355;26625
458745028;26626
458761702;26627
458778376;26628
458795049;26629
458811723;26630
458828397;26631
458845070;26632
458861744;26633
458878418;26634
458911765;26635
458928438;26636
458945112;26637
458961786;26638
458978459;26639
458995133;26640
459011807;26641
459028480;26642
459045154;26643
459061828;26644
459078501;26645
459095175;26646
459111849;26647
459128522;26648
459145196;26649
459161869;26650
459178543;26651
459195217;26652
459211890;26653
459228564;26654
459245238;26655
459261911;26656
459278585;26657
459295259;26658
459311932;26659
459328606;26660
459345279;26661
459361953;26662
459378627;26663
459411974;26664
459428648;26665
459445321;26666
459461995;26667
459478669;26668
459495342;26669
459512016;26670
459528690;26671
459545363;26672
459562037;26673
459578710;26674
459595384;26675
459612058;26676
459628731;26677
459645405;26678
459662079;26679
459678752;26680
459695426;26681
459712100;26682
459728773;26683
459745447;26684
459762121;26685
459778794;26686
459795468;26687
459812141;26688
459828815;26689
459845489;26690
459862162;26691
459878836;26692
459912183;26693
459928857;26694
459945531;26695
459962204;26696
459978878;26697
459995551;26698
460012225;26699
460028899;26700
460045572;26701
460062246;26702
460078920;26703
460095593;26704
460112267;26705
460128941;26706
460145614;26707
460162288;26708
460178962;26709
460195635;26710
460212309;26711
460228982;26712
460245656;26713
460262330;26714
460279003;26715
460295677;26716
460312351;26717
460329024;26718
460345698;26719
460362372;26720
460379045;26721
460412393;26722
460429066;26723
460445740;26724
460462414;26725
460479087;26726
460495761;26727
460512435;26728
460529108;26729
460545782;26730
460562455;26731
460579129;26732
460595803;26733
460612476;26734
460629150;26735
460645824;26736
460662497;26737
460679171;26738
460695845;26739
460712518;26740
460729192;26741
460745865;26742
460762539;26743
460779213;26744
460795886;26745
460812560;26746
460829234;26747
460845907;26748
460862581;26749
460879255;26750
460912602;26751
460929276;26752
460945949;26753
460962623;26754
460979296;26755
460995970;26756
461012644;26757
461029317;26758
461045991;26759
461062665;26760
461079338;26761
461096012;26762
461112686;26763
461129359;26764
461146033;26765
461162707;26766
461179380;26767
461196054;26768
461212728;26769
461229401;26770
461246075;26771
461262749;26772
461279422;26773
461296096;26774
461312769;26775
461329443;26776
461346117;26777
461362790;26778
461379464;26779
461412811;26780
461429485;26781
461446159;26782
461462832;26783
461479506;26784
461496179;26785
461512853;26786
461529527;26787
461546200;26788
461562874;26789
461579548;26790
461596221;26791
461612895;26792
461629569;26793
461646242;26794
461662916;26795
461679590;26796
461696263;26797
461712937;26798
461729611;26799
461746284;26800
461762958;26801
461779631;26802
461796305;26803
461812979;26804
461829652;26805
461846326;26806
461863000;26807
461879673;26808
461913021;26809
461929694;26810
461946368;26811
461963042;26812
461979715;26813
461996389;26814
462013062;26815
462029736;26816
462046410;26817
462063083;26818
462079757;26819
462096431;26820
462113104;26821
462129778;26822
462146452;26823
462163125;26824
462179799;26825
462196473;26826
462213146;26827
462229820;26828
462246494;26829
462263167;26830
462279841;26831
462296515;26832
462313188;26833
462329862;26834
462346535;26835
462363209;26836
462379883;26837
462413230;26838
462429904;26839
462446577;26840
462463251;26841
462479925;26842
462496598;26843
462513272;26844
462529946;26845
462546619;26846
462563293;26847
462579966;26848
462596640;26849
462613314;26850
462629988;26851
462646661;26852
462663335;26853
462680008;26854
462696682;26855
462713356;26856
462730029;26857
462746703;26858
462763377;26859
462780050;26860
462796724;26861
462813398;26862
462830071;26863
462846745;26864
462863419;26865
462880092;26866
462913439;26867
462930113;26868
462946787;26869
462963460;26870
462980134;26871
462996808;26872
463013481;26873
463030155;26874
463046829;26875
463063502;26876
463080176;26877
463096850;26878
463113523;26879
463130197;26880
463146871;26881
463163544;26882
463180218;26883
463196892;26884
463213565;26885
463230239;26886
463246913;26887
463263586;26888
463280260;26889
463296934;26890
463313607;26891
463330281;26892
463346954;26893
463363628;26894
463380302;26895
463413649;26896
463430323;26897
463446996;26898
463463670;26899
463480344;26900
463497017;26901
463513691;26902
463530365;26903
463547038;26904
463563712;26905
463580386;26906
463597059;26907
463613733;26908
463630407;26909
463647080;26910
463663754;26911
463680428;26912
463697101;26913
463713775;26914
463730449;26915
463747122;26916
463763796;26917
463780469;26918
463797143;26919
463813817;26920
463830490;26921
463847164;26922
463863838;26923
463880511;26924
463913859;26925
463930532;26926
463947206;26927
463963880;26928
463980553;26929
463997227;26930
464013901;26931
464030574;26932
464047248;26933
464063922;26934
464080595;26935
464097269;26936
464113943;26937
464130616;26938
464147290;26939
464163964;26940
464180637;26941
464197311;26942
464213985;26943
464230658;26944
464247332;26945
464264006;26946
464280679;26947
464297353;26948
464314026;26949
464330700;26950
464347374;26951
464364047;26952
464380721;26953
464414068;26954
464430742;26955
464447416;26956
464464089;26957
464480763;26958
464497437;26959
464514110;26960
464530784;26961
464547458;26962
464564131;26963
464580805;26964
464597479;26965
464614152;26966
464630826;26967
464647500;26968
464664173;26969
464680847;26970
464697521;26971
464714194;26972
464730868;26973
464747542;26974
464764215;26975
464780889;26976
464797563;26977
464814236;26978
464830910;26979
464847584;26980
464864257;26981
464880931;26982
464914278;26983
464930952;26984
464947626;26985
464964299;26986
464980973;26987
464997647;26988
465014320;26989
465030994;26990
465047668;26991
465064341;26992
465081015;26993
465097689;26994
465114362;26995
465131036;26996
465147710;26997
465164383;26998
465181057;26999
465197731;27000
465214404;27001
465231078;27002
465247751;27003
465264425;27004
465281099;27005
465297773;27006
465314446;27007
465331120;27008
465347794;27009
465364467;27010
465381141;27011
465414488;27012
465431162;27013
465447836;27014
465464509;27015
465481183;27016
465497857;27017
465514530;27018
465531204;27019
465547878;27020
465564551;27021
465581225;27022
465597899;27023
465614572;27024
465631246;27025
465647920;27026
465664593;27027
465681267;27028
465697941;27029
465714614;27030
465731288;27031
465747962;27032
465764635;27033
465781309;27034
465797983;27035
465814656;27036
465831330;27037
465848004;27038
465864677;27039
465881351;27040
465914698;27041
465931372;27042
465948046;27043
465964719;27044
465981393;27045
465998067;27046
466014740;27047
466031414;27048
466048088;27049
466064761;27050
466081435;27051
466098109;27052
466114782;27053
466131456;27054
466148130;27055
466164803;27056
466181477;27057
466198151;27058
466214824;27059
466231498;27060
466248172;27061
466264845;27062
466281519;27063
466298193;27064
466314866;27065
466331540;27066
466348214;27067
466364887;27068
466381561;27069
466414908;27070
466431582;27071
466448256;27072
466464929;27073
466481603;27074
466498277;27075
466514950;27076
466531624;27077
466548298;27078
466564971;27079
466581645;27080
466598319;27081
466614992;27082
466631666;27083
466648340;27084
466665013;27085
466681687;27086
466698361;27087
466715035;27088
466731708;27089
466748382;27090
466765055;27091
466781729;27092
466798403;27093
466815077;27094
466831750;27095
466848424;27096
466865098;27097
466881771;27098
466915119;27099
466931792;27100
466948466;27101
466965140;27102
466981813;27103
466998487;27104
467015161;27105
467031834;27106
467048508;27107
467065182;27108
467081855;27109
467098529;27110
467115203;27111
467131876;27112
467148550;27113
467165224;27114
467181897;27115
467198571;27116
467215245;27117
467231918;27118
467248592;27119
467265266;27120
467281940;27121
467298613;27122
467315287;27123
467331961;27124
467348634;27125
467365308;27126
467381982;27127
467415329;27128
467432003;27129
467448676;27130
467465350;27131
467482024;27132
467498697;27133
467515371;27134
467532045;27135
467548718;27136
467565392;27137
467582066;27138
467598739;27139
467615413;27140
467632087;27141
467648760;27142
467665434;27143
467682108;27144
467698782;27145
467715455;27146
467732129;27147
467748803;27148
467765476;27149
467782150;27150
467798824;27151
467815497;27152
467832171;27153
467848845;27154
467865518;27155
467882192;27156
467915539;27157
467932213;27158
467948887;27159
467965560;27160
467982234;27161
467998908;27162
468015582;27163
468032255;27164
468048929;27165
468065603;27166
468082276;27167
468098950;27168
468115624;27169
468132297;27170
468148971;27171
468165645;27172
468182318;27173
468198992;27174
468215666;27175
468232339;27176
468249013;27177
468265687;27178
468282361;27179
468299034;27180
468315708;27181
468332382;27182
468349055;27183
468365729;27184
468382403;27185
468415750;27186
468432424;27187
468449097;27188
468465771;27189
468482445;27190
468499118;27191
468515792;27192
468532466;27193
468549139;27194
468565813;27195
468582487;27196
468599161;27197
468615834;27198
468632508;27199
468649182;27200
468665855;27201
468682529;27202
468699203;27203
468715876;27204
468732550;27205
468749224;27206
468765897;27207
468782571;27208
468799245;27209
468815919;27210
468832592;27211
468849266;27212
468865940;27213
468882613;27214
468915961;27215
468932634;27216
468949308;27217
468965982;27218
468982655;27219
468999329;27220
469016003;27221
469032677;27222
469049350;27223
469066024;27224
469082698;27225
469099371;27226
469116045;27227
469132719;27228
469149392;27229
469166066;27230
469182740;27231
469199413;27232
469216087;27233
469232761;27234
469249435;27235
469266108;27236
469282782;27237
469299456;27238
469316129;27239
469332803;27240
469349477;27241
469366150;27242
469382824;27243
469416171;27244
469432845;27245
469449519;27246
469466193;27247
469482866;27248
469499540;27249
469516214;27250
469532887;27251
469549561;27252
469566235;27253
469582908;27254
469599582;27255
469616256;27256
469632930;27257
469649603;27258
469666277;27259
469682951;27260
469699624;27261
469716298;27262
469732972;27263
469749645;27264
469766319;27265
469782993;27266
469799667;27267
469816340;27268
469833014;27269
469849688;27270
469866361;27271
469883035;27272
469916382;27273
469933056;27274
469949730;27275
469966404;27276
469983077;27277
469999751;27278
470016425;27279
470033098;27280
470049772;27281
470066446;27282
470083119;27283
470099793;27284
470116467;27285
470133141;27286
470149814;27287
470166488;27288
470183162;27289
470199835;27290
470216509;27291
470233183;27292
470249857;27293
470266530;27294
470283204;27295
470299878;27296
470316551;27297
470333225;27298
470349899;27299
470366572;27300
470383246;27301
470416594;27302
470433267;27303
470449941;27304
470466615;27305
470483288;27306
470499962;27307
470516636;27308
470533309;27309
470549983;27310
470566657;27311
470583331;27312
470600004;27313
470616678;27314
470633352;27315
470650025;27316
470666699;27317
470683373;27318
470700047;27319
470716720;27320
470733394;27321
470750068;27322
470766741;27323
470783415;27324
470800089;27325
470816763;27326
470833436;27327
470850110;27328
470866784;27329
470883457;27330
470916805;27331
470933478;27332
470950152;27333
470966826;27334
470983500;27335
471000173;27336
471016847;27337
471033521;27338
471050194;27339
471066868;27340
471083542;27341
471100215;27342
471116889;27343
471133563;27344
471150237;27345
471166910;27346
471183584;27347
471200258;27348
471216931;27349
471233605;27350
471250279;27351
471266953;27352
471283626;27353
471300300;27354
471316974;27355
471333648;27356
471350321;27357
471366995;27358
471383669;27359
471417016;27360
471433690;27361
471450363;27362
471467037;27363
471483711;27364
471500385;27365
471517058;27366
471533732;27367
471550406;27368
471567079;27369
471583753;27370
471600427;27371
471617101;27372
471633774;27373
471650448;27374
471667122;27375
471683795;27376
471700469;27377
471717143;27378
471733817;27379
471750490;27380
471767164;27381
471783838;27382
471800511;27383
471817185;27384
471833859;27385
471850533;27386
471867206;27387
471883880;27388
471917227;27389
471933901;27390
471950575;27391
471967249;27392
471983922;27393
472000596;27394
472017270;27395
472033943;27396
472050617;27397
472067291;27398
472083965;27399
472100638;27400
472117312;27401
472133986;27402
472150659;27403
472167333;27404
472184007;27405
472200681;27406
472217354;27407
472234028;27408
472250702;27409
472267376;27410
472284049;27411
472300723;27412
472317397;27413
472334070;27414
472350744;27415
472367418;27416
472384092;27417
472417439;27418
472434113;27419
472450786;27420
472467460;27421
472484134;27422
472500808;27423
472517481;27424
472534155;27425
472550829;27426
472567502;27427
472584176;27428
472600850;27429
472617524;27430
472634197;27431
472650871;27432
472667545;27433
472684219;27434
472700892;27435
472717566;27436
472734240;27437
472750913;27438
472767587;27439
472784261;27440
472800935;27441
472817608;27442
472834282;27443
472850956;27444
472867629;27445
472884303;27446
472917651;27447
472934324;27448
472950998;27449
472967672;27450
472984346;27451
473001019;27452
473017693;27453
473034367;27454
473051040;27455
473067714;27456
473084388;27457
473101062;27458
473117735;27459
473134409;27460
473151083;27461
473167757;27462
473184430;27463
473201104;27464
473217778;27465
473234451;27466
473251125;27467
473267799;27468
473284473;27469
473301146;27470
473317820;27471
473334494;27472
473351168;27473
473367841;27474
473384515;27475
473417863;27476
473434536;27477
473451210;27478
473467884;27479
473484557;27480
473501231;27481
473517905;27482
473534579;27483
473551252;27484
473567926;27485
473584600;27486
473601274;27487
473617947;27488
473634621;27489
473651295;27490
473667968;27491
473684642;27492
473701316;27493
473717990;27494
473734663;27495
473751337;27496
473768011;27497
473784685;27498
473801358;27499
473818032;27500
473834706;27501
473851380;27502
473868053;27503
473884727;27504
473918074;27505
473934748;27506
473951422;27507
473968096;27508
473984769;27509
474001443;27510
474018117;27511
474034791;27512
474051464;27513
474068138;27514
474084812;27515
474101485;27516
474118159;27517
474134833;27518
474151507;27519
474168181;27520
474184854;27521
474201528;27522
474218202;27523
474234875;27524
474251549;27525
474268223;27526
474284897;27527
474301570;27528
474318244;27529
474334918;27530
474351592;27531
474368265;27532
474384939;27533
474418287;27534
474434960;27535
474451634;27536
474468308;27537
474484982;27538
474501655;27539
474518329;27540
474535003;27541
474551676;27542
474568350;27543
474585024;27544
474601698;27545
474618371;27546
474635045;27547
474651719;27548
474668393;27549
474685066;27550
474701740;27551
474718414;27552
474735088;27553
474751761;27554
474768435;27555
474785109;27556
474801783;27557
474818456;27558
474835130;27559
474851804;27560
474868478;27561
474885151;27562
474918499;27563
474935173;27564
474951846;27565
474968520;27566
474985194;27567
475001867;27568
475018541;27569
475035215;27570
475051889;27571
475068562;27572
475085236;27573
475101910;27574
475118584;27575
475135257;27576
475151931;27577
475168605;27578
475185279;27579
475201952;27580
475218626;27581
475235300;27582
475251974;27583
475268647;27584
475285321;27585
475301995;27586
475318669;27587
475335342;27588
475352016;27589
475368690;27590
475385364;27591
475418711;27592
475435385;27593
475452059;27594
475468732;27595
475485406;27596
475502080;27597
475518754;27598
475535427;27599
475552101;27600
475568775;27601
475585449;27602
475602122;27603
475618796;27604
475635470;27605
475652144;27606
475668817;27607
475685491;27608
475702165;27609
475718839;27610
475735512;27611
475752186;27612
475768860;27613
475785534;27614
475802207;27615
475818881;27616
475835555;27617
475852229;27618
475868902;27619
475885576;27620
475918924;27621
475935597;27622
475952271;27623
475968945;27624
475985619;27625
476002292;27626
476018966;27627
476035640;27628
476052314;27629
476068987;27630
476085661;27631
476102335;27632
476119009;27633
476135682;27634
476152356;27635
476169030;27636
476185704;27637
476202377;27638
476219051;27639
476235725;27640
476252399;27641
476269072;27642
476285746;27643
476302420;27644
476319094;27645
476335767;27646
476352441;27647
476369115;27648
476385789;27649
476419136;27650
476435810;27651
476452484;27652
476469158;27653
476485831;27654
476502505;27655
476519179;27656
476535853;27657
476552526;27658
476569200;27659
476585874;27660
476602548;27661
476619221;27662
476635895;27663
476652569;27664
476669243;27665
476685916;27666
476702590;27667
476719264;27668
476735938;27669
476752611;27670
476769285;27671
476785959;27672
476802633;27673
476819306;27674
476835980;27675
476852654;27676
476869328;27677
476886001;27678
476919349;27679
476936023;27680
476952697;27681
476969370;27682
476986044;27683
477002718;27684
477019392;27685
477036065;27686
477052739;27687
477069413;27688
477086087;27689
477102760;27690
477119434;27691
477136108;27692
477152782;27693
477169455;27694
477186129;27695
477202803;27696
477219477;27697
477236150;27698
477252824;27699
477269498;27700
477286172;27701
477302846;27702
477319519;27703
477336193;27704
477352867;27705
477369541;27706
477386214;27707
477419562;27708
477436236;27709
477452909;27710
477469583;27711
477486257;27712
477502931;27713
477519605;27714
477536278;27715
477552952;27716
477569626;27717
477586300;27718
477602973;27719
477619647;27720
477636321;27721
477652995;27722
477669668;27723
477686342;27724
477703016;27725
477719690;27726
477736363;27727
477753037;27728
477769711;27729
477786385;27730
477803058;27731
477819732;27732
477836406;27733
477853080;27734
477869754;27735
477886427;27736
477919775;27737
477936449;27738
477953122;27739
477969796;27740
477986470;27741
478003144;27742
478019818;27743
478036491;27744
478053165;27745
478069839;27746
478086513;27747
478103186;27748
478119860;27749
478136534;27750
478153208;27751
478169881;27752
478186555;27753
478203229;27754
478219903;27755
478236577;27756
478253250;27757
478269924;27758
478286598;27759
478303272;27760
478319945;27761
478336619;27762
478353293;27763
478369967;27764
478386641;27765
478419988;27766
478436662;27767
478453336;27768
478470009;27769
478486683;27770
478503357;27771
478520031;27772
478536705;27773
478553378;27774
478570052;27775
478586726;27776
478603400;27777
478620073;27778
478636747;27779
478653421;27780
478670095;27781
478686769;27782
478703442;27783
478720116;27784
478736790;27785
478753464;27786
478770137;27787
478786811;27788
478803485;27789
478820159;27790
478836832;27791
478853506;27792
478870180;27793
478886854;27794
478920201;27795
478936875;27796
478953549;27797
478970223;27798
478986896;27799
479003570;27800
479020244;27801
479036918;27802
479053592;27803
479070265;27804
479086939;27805
479103613;27806
479120287;27807
479136960;27808
479153634;27809
479170308;27810
479186982;27811
479203656;27812
479220329;27813
479237003;27814
479253677;27815
479270351;27816
479287024;27817
479303698;27818
479320372;27819
479337046;27820
479353720;27821
479370393;27822
479387067;27823
479420415;27824
479437089;27825
479453762;27826
479470436;27827
479487110;27828
479503784;27829
479520457;27830
479537131;27831
479553805;27832
479570479;27833
479587152;27834
479603826;27835
479620500;27836
479637174;27837
479653848;27838
479670521;27839
479687195;27840
479703869;27841
479720543;27842
479737217;27843
479753890;27844
479770564;27845
479787238;27846
479803912;27847
479820585;27848
479837259;27849
479853933;27850
479870607;27851
479887281;27852
479920628;27853
479937302;27854
479953976;27855
479970650;27856
479987323;27857
480003997;27858
480020671;27859
480037345;27860
480054018;27861
480070692;27862
480087366;27863
480104040;27864
480120714;27865
480137387;27866
480154061;27867
480170735;27868
480187409;27869
480204082;27870
480220756;27871
480237430;27872
480254104;27873
480270778;27874
480287451;27875
480304125;27876
480320799;27877
480337473;27878
480354147;27879
480370820;27880
480387494;27881
480420842;27882
480437516;27883
480454189;27884
480470863;27885
480487537;27886
480504211;27887
480520885;27888
480537558;27889
480554232;27890
480570906;27891
480587580;27892
480604253;27893
480620927;27894
480637601;27895
480654275;27896
480670949;27897
480687622;27898
480704296;27899
480720970;27900
480737644;27901
480754317;27902
480770991;27903
480787665;27904
480804339;27905
480821013;27906
480837687;27907
480854360;27908
480871034;27909
480887708;27910
480921055;27911
480937729;27912
480954403;27913
480971077;27914
480987751;27915
481004424;27916
481021098;27917
481037772;27918
481054446;27919
481071120;27920
481087793;27921
481104467;27922
481121141;27923
481137815;27924
481154489;27925
481171162;27926
481187836;27927
481204510;27928
481221184;27929
481237858;27930
481254531;27931
481271205;27932
481287879;27933
481304553;27934
481321226;27935
481337900;27936
481354574;27937
481371248;27938
481387922;27939
481421269;27940
481437943;27941
481454617;27942
481471291;27943
481487964;27944
481504638;27945
481521312;27946
481537986;27947
481554660;27948
481571333;27949
481588007;27950
481604681;27951
481621355;27952
481638029;27953
481654702;27954
481671376;27955
481688050;27956
481704724;27957
481721398;27958
481738071;27959
481754745;27960
481771419;27961
481788093;27962
481804767;27963
481821440;27964
481838114;27965
481854788;27966
481871462;27967
481888135;27968
481921483;27969
481938157;27970
481954831;27971
481971504;27972
481988178;27973
482004852;27974
482021526;27975
482038200;27976
482054873;27977
482071547;27978
482088221;27979
482104895;27980
482121569;27981
482138242;27982
482154916;27983
482171590;27984
482188264;27985
482204938;27986
482221611;27987
482238285;27988
482254959;27989
482271633;27990
482288307;27991
482304980;27992
482321654;27993
482338328;27994
482355002;27995
482371676;27996
482388349;27997
482421697;27998
482438371;27999
482455045;28000
482471718;28001
482488392;28002
482505066;28003
482521740;28004
482538414;28005
482555087;28006
482571761;28007
482588435;28008
482605109;28009
482621783;28010
482638456;28011
482655130;28012
482671804;28013
482688478;28014
482705152;28015
482721825;28016
482738499;28017
482755173;28018
482771847;28019
482788521;28020
482805194;28021
482821868;28022
482838542;28023
482855216;28024
482871890;28025
482888563;28026
482921911;28027
482938585;28028
482955259;28029
482971932;28030
482988606;28031
483005280;28032
483021954;28033
483038628;28034
483055301;28035
483071975;28036
483088649;28037
483105323;28038
483121997;28039
483138670;28040
483155344;28041
483172018;28042
483188692;28043
483205366;28044
483222039;28045
483238713;28046
483255387;28047
483272061;28048
483288735;28049
483305408;28050
483322082;28051
483338756;28052
483355430;28053
483372104;28054
483388778;28055
483422125;28056
483438799;28057
483455473;28058
483472146;28059
483488820;28060
483505494;28061
483522168;28062
483538842;28063
483555516;28064
483572189;28065
483588863;28066
483605537;28067
483622211;28068
483638885;28069
483655558;28070
483672232;28071
483688906;28072
483705580;28073
483722254;28074
483738927;28075
483755601;28076
483772275;28077
483788949;28078
483805623;28079
483822296;28080
483838970;28081
483855644;28082
483872318;28083
483888992;28084
483922339;28085
483939013;28086
483955687;28087
483972361;28088
483989034;28089
484005708;28090
484022382;28091
484039056;28092
484055730;28093
484072404;28094
484089077;28095
484105751;28096
484122425;28097
484139099;28098
484155772;28099
484172446;28100
484189120;28101
484205794;28102
484222468;28103
484239142;28104
484255815;28105
484272489;28106
484289163;28107
484305837;28108
484322511;28109
484339184;28110
484355858;28111
484372532;28112
484389206;28113
484422553;28114
484439227;28115
484455901;28116
484472575;28117
484489249;28118
484505923;28119
484522596;28120
484539270;28121
484555944;28122
484572618;28123
484589292;28124
484605965;28125
484622639;28126
484639313;28127
484655987;28128
484672661;28129
484689334;28130
484706008;28131
484722682;28132
484739356;28133
484756030;28134
484772703;28135
484789377;28136
484806051;28137
484822725;28138
484839399;28139
484856073;28140
484872746;28141
484889420;28142
484922768;28143
484939442;28144
484956115;28145
484972789;28146
484989463;28147
485006137;28148
485022811;28149
485039484;28150
485056158;28151
485072832;28152
485089506;28153
485106180;28154
485122853;28155
485139527;28156
485156201;28157
485172875;28158
485189549;28159
485206222;28160
485222896;28161
485239570;28162
485256244;28163
485272918;28164
485289592;28165
485306265;28166
485322939;28167
485339613;28168
485356287;28169
485372961;28170
485389635;28171
485422982;28172
485439656;28173
485456330;28174
485473004;28175
485489677;28176
485506351;28177
485523025;28178
485539699;28179
485556373;28180
485573046;28181
485589720;28182
485606394;28183
485623068;28184
485639742;28185
485656415;28186
485673089;28187
485689763;28188
485706437;28189
485723111;28190
485739785;28191
485756458;28192
485773132;28193
485789806;28194
485806480;28195
485823154;28196
485839827;28197
485856501;28198
485873175;28199
485889849;28200
485923196;28201
485939870;28202
485956544;28203
485973218;28204
485989892;28205
486006566;28206
486023239;28207
486039913;28208
486056587;28209
486073261;28210
486089935;28211
486106608;28212
486123282;28213
486139956;28214
486156630;28215
486173304;28216
486189977;28217
486206651;28218
486223325;28219
486239999;28220
486256673;28221
486273347;28222
486290020;28223
486306694;28224
486323368;28225
486340042;28226
486356716;28227
486373389;28228
486390063;28229
486423411;28230
486440085;28231
486456758;28232
486473432;28233
486490106;28234
486506780;28235
486523454;28236
486540128;28237
486556801;28238
486573475;28239
486590149;28240
486606823;28241
486623497;28242
486640170;28243
486656844;28244
486673518;28245
486690192;28246
486706866;28247
486723540;28248
486740213;28249
486756887;28250
486773561;28251
486790235;28252
486806909;28253
486823582;28254
486840256;28255
486856930;28256
486873604;28257
486890278;28258
486923625;28259
486940299;28260
486956973;28261
486973647;28262
486990321;28263
487006994;28264
487023668;28265
487040342;28266
487057016;28267
487073690;28268
487090363;28269
487107037;28270
487123711;28271
487140385;28272
487157059;28273
487173733;28274
487190406;28275
487207080;28276
487223754;28277
487240428;28278
487257102;28279
487273775;28280
487290449;28281
487307123;28282
487323797;28283
487340471;28284
487357145;28285
487373818;28286
487390492;28287
487423840;28288
487440514;28289
487457187;28290
487473861;28291
487490535;28292
487507209;28293
487523883;28294
487540557;28295
487557230;28296
487573904;28297
487590578;28298
487607252;28299
487623926;28300
487640599;28301
487657273;28302
487673947;28303
487690621;28304
487707295;28305
487723969;28306
487740642;28307
487757316;28308
487773990;28309
487790664;28310
487807338;28311
487824011;28312
487840685;28313
487857359;28314
487874033;28315
487890707;28316
487924054;28317
487940728;28318
487957402;28319
487974076;28320
487990750;28321
488007423;28322
488024097;28323
488040771;28324
488057445;28325
488074119;28326
488090792;28327
488107466;28328
488124140;28329
488140814;28330
488157488;28331
488174162;28332
488190835;28333
488207509;28334
488224183;28335
488240857;28336
488257531;28337
488274205;28338
488290878;28339
488307552;28340
488324226;28341
488340900;28342
488357574;28343
488374247;28344
488390921;28345
488424269;28346
488440943;28347
488457617;28348
488474290;28349
488490964;28350
488507638;28351
488524312;28352
488540986;28353
488557659;28354
488574333;28355
488591007;28356
488607681;28357
488624355;28358
488641028;28359
488657702;28360
488674376;28361
488691050;28362
488707724;28363
488724398;28364
488741071;28365
488757745;28366
488774419;28367
488791093;28368
488807767;28369
488824440;28370
488841114;28371
488857788;28372
488874462;28373
488891136;28374
488924483;28375
488941157;28376
488957831;28377
488974505;28378
488991179;28379
489007852;28380
489024526;28381
489041200;28382
489057874;28383
489074548;28384
489091221;28385
489107895;28386
489124569;28387
489141243;28388
489157917;28389
489174591;28390
489191265;28391
489207938;28392
489224612;28393
489241286;28394
489257960;28395
489274634;28396
489291307;28397
489307981;28398
489324655;28399
489341329;28400
489358003;28401
489374676;28402
489391350;28403
489424698;28404
489441372;28405
489458046;28406
489474719;28407
489491393;28408
489508067;28409
489524741;28410
489541415;28411
489558088;28412
489574762;28413
489591436;28414
489608110;28415
489624784;28416
489641458;28417
489658131;28418
489674805;28419
489691479;28420
489708153;28421
489724827;28422
489741500;28423
489758174;28424
489774848;28425
489791522;28426
489808196;28427
489824870;28428
489841543;28429
489858217;28430
489874891;28431
489891565;28432
489924912;28433
489941586;28434
489958260;28435
489974934;28436
489991608;28437
490008282;28438
490024955;28439
490041629;28440
490058303;28441
490074977;28442
490091651;28443
490108324;28444
490124998;28445
490141672;28446
490158346;28447
490175020;28448
490191694;28449
490208367;28450
490225041;28451
490241715;28452
490258389;28453
490275063;28454
490291736;28455
490308410;28456
490325084;28457
490341758;28458
490358432;28459
490375105;28460
490391779;28461
490425127;28462
490441801;28463
490458475;28464
490475148;28465
490491822;28466
490508496;28467
490525170;28468
490541844;28469
490558518;28470
490575191;28471
490591865;28472
490608539;28473
490625213;28474
490641887;28475
490658560;28476
490675234;28477
490691908;28478
490708582;28479
490725256;28480
490741930;28481
490758603;28482
490775277;28483
490791951;28484
490808625;28485
490825299;28486
490841972;28487
490858646;28488
490875320;28489
490891994;28490
490925342;28491
490942015;28492
490958689;28493
490975363;28494
490992037;28495
491008711;28496
491025384;28497
491042058;28498
491058732;28499
491075406;28500
491092080;28501
491108753;28502
491125427;28503
491142101;28504
491158775;28505
491175449;28506
491192123;28507
491208796;28508
491225470;28509
491242144;28510
491258818;28511
491275492;28512
491292165;28513
491308839;28514
491325513;28515
491342187;28516
491358861;28517
491375534;28518
491392208;28519
491425556;28520
491442230;28521
491458904;28522
491475577;28523
491492251;28524
491508925;28525
491525599;28526
491542273;28527
491558946;28528
491575620;28529
491592294;28530
491608968;28531
491625642;28532
491642315;28533
491658989;28534
491675663;28535
491692337;28536
491709011;28537
491725685;28538
491742358;28539
491759032;28540
491775706;28541
491792380;28542
491809054;28543
491825727;28544
491842401;28545
491859075;28546
491875749;28547
491892423;28548
491925770;28549
491942444;28550
491959118;28551
491975792;28552
491992466;28553
492009139;28554
492025813;28555
492042487;28556
492059161;28557
492075835;28558
492092508;28559
492109182;28560
492125856;28561
492142530;28562
492159204;28563
492175878;28564
492192551;28565
492209225;28566
492225899;28567
492242573;28568
492259247;28569
492275920;28570
492292594;28571
492309268;28572
492325942;28573
492342616;28574
492359289;28575
492375963;28576
492392637;28577
492425985;28578
492442658;28579
492459332;28580
492476006;28581
492492680;28582
492509354;28583
492526028;28584
492542701;28585
492559375;28586
492576049;28587
492592723;28588
492609397;28589
492626070;28590
492642744;28591
492659418;28592
492676092;28593
492692766;28594
492709440;28595
492726113;28596
492742787;28597
492759461;28598
492776135;28599
492792809;28600
492809482;28601
492826156;28602
492842830;28603
492859504;28604
492876178;28605
492892851;28606
492926199;28607
492942873;28608
492959547;28609
492976221;28610
492992894;28611
493009568;28612
493026242;28613
493042916;28614
493059589;28615
493076263;28616
493092937;28617
493109611;28618
493126285;28619
493142959;28620
493159632;28621
493176306;28622
493192980;28623
493209654;28624
493226328;28625
493243001;28626
493259675;28627
493276349;28628
493293023;28629
493309697;28630
493326370;28631
493343044;28632
493359718;28633
493376392;28634
493393066;28635
493426413;28636
493443087;28637
493459761;28638
493476435;28639
493493108;28640
493509782;28641
493526456;28642
493543130;28643
493559804;28644
493576477;28645
493593151;28646
493609825;28647
493626499;28648
493643173;28649
493659847;28650
493676520;28651
493693194;28652
493709868;28653
493726542;28654
493743216;28655
493759889;28656
493776563;28657
493793237;28658
493809911;28659
493826585;28660
493843258;28661
493859932;28662
493876606;28663
493893280;28664
493926627;28665
493943301;28666
493959975;28667
493976649;28668
493993323;28669
494009996;28670
494026670;28671
494043344;28672
494060018;28673
494076692;28674
494093365;28675
494110039;28676
494126713;28677
494143387;28678
494160061;28679
494176735;28680
494193408;28681
494210082;28682
494226756;28683
494243430;28684
494260104;28685
494276777;28686
494293451;28687
494310125;28688
494326799;28689
494343473;28690
494360146;28691
494376820;28692
494393494;28693
494426842;28694
494443515;28695
494460189;28696
494476863;28697
494493537;28698
494510211;28699
494526884;28700
494543558;28701
494560232;28702
494576906;28703
494593580;28704
494610253;28705
494626927;28706
494643601;28707
494660275;28708
494676949;28709
494693622;28710
494710296;28711
494726970;28712
494743644;28713
494760318;28714
494776991;28715
494793665;28716
494810339;28717
494827013;28718
494843687;28719
494860360;28720
494877034;28721
494893708;28722
494927056;28723
494943729;28724
494960403;28725
494977077;28726
494993751;28727
495010425;28728
495027098;28729
495043772;28730
495060446;28731
495077120;28732
495093794;28733
495110467;28734
495127141;28735
495143815;28736
495160489;28737
495177163;28738
495193836;28739
495210510;28740
495227184;28741
495243858;28742
495260532;28743
495277205;28744
495293879;28745
495310553;28746
495327227;28747
495343901;28748
495360574;28749
495377248;28750
495393922;28751
495427270;28752
495443943;28753
495460617;28754
495477291;28755
495493965;28756
495510639;28757
495527312;28758
495543986;28759
495560660;28760
495577334;28761
495594008;28762
495610681;28763
495627355;28764
495644029;28765
495660703;28766
495677377;28767
495694050;28768
495710724;28769
495727398;28770
495744072;28771
495760745;28772
495777419;28773
495794093;28774
495810767;28775
495827441;28776
495844115;28777
495860788;28778
495877462;28779
495894136;28780
495927484;28781
495944157;28782
495960831;28783
495977505;28784
495994179;28785
496010853;28786
496027526;28787
496044200;28788
496060874;28789
496077548;28790
496094221;28791
496110895;28792
496127569;28793
496144243;28794
496160917;28795
496177590;28796
496194264;28797
496210938;28798
496227612;28799
496244286;28800
496260959;28801
496277633;28802
496294307;28803
496310981;28804
496327655;28805
496344328;28806
496361002;28807
496377676;28808
496394350;28809
496427697;28810
496444371;28811
496461045;28812
496477719;28813
496494393;28814
496511066;28815
496527740;28816
496544414;28817
496561088;28818
496577762;28819
496594435;28820
496611109;28821
496627783;28822
496644457;28823
496661130;28824
496677804;28825
496694478;28826
496711152;28827
496727826;28828
496744499;28829
496761173;28830
496777847;28831
496794521;28832
496811195;28833
496827868;28834
496844542;28835
496861216;28836
496877890;28837
496894564;28838
496927911;28839
496944585;28840
496961259;28841
496977933;28842
496994606;28843
497011280;28844
497027954;28845
497044628;28846
497061302;28847
497077975;28848
497094649;28849
497111323;28850
497127997;28851
497144670;28852
497161344;28853
497178018;28854
497194692;28855
497211366;28856
497228039;28857
497244713;28858
497261387;28859
497278061;28860
497294735;28861
497311408;28862
497328082;28863
497344756;28864
497361430;28865
497378103;28866
497394777;28867
497428125;28868
497444799;28869
497461472;28870
497478146;28871
497494820;28872
497511494;28873
497528168;28874
497544841;28875
497561515;28876
497578189;28877
497594863;28878
497611537;28879
497628210;28880
497644884;28881
497661558;28882
497678232;28883
497694905;28884
497711579;28885
497728253;28886
497744927;28887
497761601;28888
497778274;28889
497794948;28890
497811622;28891
497828296;28892
497844970;28893
497861643;28894
497878317;28895
497894991;28896
497928338;28897
497945012;28898
497961686;28899
497978360;28900
497995034;28901
498011707;28902
498028381;28903
498045055;28904
498061729;28905
498078403;28906
498095076;28907
498111750;28908
498128424;28909
498145098;28910
498161771;28911
498178445;28912
498195119;28913
498211793;28914
498228467;28915
498245140;28916
498261814;28917
498278488;28918
498295162;28919
498311835;28920
498328509;28921
498345183;28922
498361857;28923
498378531;28924
498395204;28925
498428552;28926
498445226;28927
498461899;28928
498478573;28929
498495247;28930
498511921;28931
498528595;28932
498545268;28933
498561942;28934
498578616;28935
498595290;28936
498611963;28937
498628637;28938
498645311;28939
498661985;28940
498678659;28941
498695332;28942
498712006;28943
498728680;28944
498745354;28945
498762028;28946
498778701;28947
498795375;28948
498812049;28949
498828723;28950
498845396;28951
498862070;28952
498878744;28953
498895418;28954
498928765;28955
498945439;28956
498962113;28957
498978787;28958
498995461;28959
499012134;28960
499028808;28961
499045482;28962
499062156;28963
499078829;28964
499095503;28965
499112177;28966
499128851;28967
499145525;28968
499162198;28969
499178872;28970
499195546;28971
499212220;28972
499228893;28973
499245567;28974
499262241;28975
499278915;28976
499295588;28977
499312262;28978
499328936;28979
499345610;28980
499362284;28981
499378957;28982
499395631;28983
499428979;28984
499445652;28985
499462326;28986
499479000;28987
499495674;28988
499512347;28989
499529021;28990
499545695;28991
499562369;28992
499579043;28993
499595716;28994
499612390;28995
499629064;28996
499645738;28997
499662412;28998
499679085;28999
499695759;29000
499712433;29001
499729107;29002
499745780;29003
499762454;29004
499779128;29005
499795802;29006
499812476;29007
499829149;29008
499845823;29009
499862497;29010
499879171;29011
499895844;29012
499929192;29013
499945866;29014
499962540;29015
499979213;29016
499995887;29017
500012561;29018
500029235;29019
500045908;29020
500062582;29021
500079256;29022
500095930;29023
500112603;29024
500129277;29025
500145951;29026
500162625;29027
500179298;29028
500195972;29029
500212646;29030
500229320;29031
500245994;29032
500262667;29033
500279341;29034
500296015;29035
500312689;29036
500329362;29037
500346036;29038
500362710;29039
500379384;29040
500396058;29041
500429405;29042
500446079;29043
500462753;29044
500479426;29045
500496100;29046
500512774;29047
500529448;29048
500546121;29049
500562795;29050
500579469;29051
500596143;29052
500612816;29053
500629490;29054
500646164;29055
500662838;29056
500679512;29057
500696185;29058
500712859;29059
500729533;29060
500746207;29061
500762880;29062
500779554;29063
500796228;29064
500812902;29065
500829575;29066
500846249;29067
500862923;29068
500879597;29069
500896271;29070
500929618;29071
500946292;29072
500962966;29073
500979639;29074
500996313;29075
501012987;29076
501029661;29077
501046334;29078
501063008;29079
501079682;29080
501096356;29081
501113030;29082
501129703;29083
501146377;29084
501163051;29085
501179725;29086
501196398;29087
501213072;29088
501229746;29089
501246420;29090
501263093;29091
501279767;29092
501296441;29093
501313115;29094
501329788;29095
501346462;29096
501363136;29097
501379810;29098
501396483;29099
501429831;29100
501446505;29101
501463179;29102
501479852;29103
501496526;29104
501513200;29105
501529874;29106
501546547;29107
501563221;29108
501579895;29109
501596569;29110
501613242;29111
501629916;29112
501646590;29113
501663264;29114
501679937;29115
501696611;29116
501713285;29117
501729959;29118
501746632;29119
501763306;29120
501779980;29121
501796654;29122
501813327;29123
501830001;29124
501846675;29125
501863349;29126
501880022;29127
501896696;29128
501930044;29129
501946718;29130
501963391;29131
501980065;29132
501996739;29133
502013413;29134
502030086;29135
502046760;29136
502063434;29137
502080108;29138
502096781;29139
502113455;29140
502130129;29141
502146803;29142
502163476;29143
502180150;29144
502196824;29145
502213498;29146
502230171;29147
502246845;29148
502263519;29149
502280193;29150
502296866;29151
502313540;29152
502330214;29153
502346888;29154
502363561;29155
502380235;29156
502396909;29157
502430256;29158
502446930;29159
502463604;29160
502480278;29161
502496951;29162
502513625;29163
502530299;29164
502546973;29165
502563646;29166
502580320;29167
502596994;29168
502613668;29169
502630342;29170
502647015;29171
502663689;29172
502680363;29173
502697036;29174
502713710;29175
502730384;29176
502747058;29177
502763731;29178
502780405;29179
502797079;29180
502813753;29181
502830426;29182
502847100;29183
502863774;29184
502880448;29185
502897122;29186
502930469;29187
502947143;29188
502963816;29189
502980490;29190
502997164;29191
503013838;29192
503030512;29193
503047185;29194
503063859;29195
503080533;29196
503097207;29197
503113880;29198
503130554;29199
503147228;29200
503163902;29201
503180575;29202
503197249;29203
503213923;29204
503230597;29205
503247270;29206
503263944;29207
503280618;29208
503297292;29209
503313965;29210
503330639;29211
503347313;29212
503363986;29213
503380660;29214
503397334;29215
503430681;29216
503447355;29217
503464029;29218
503480703;29219
503497376;29220
503514050;29221
503530724;29222
503547398;29223
503564071;29224
503580745;29225
503597419;29226
503614093;29227
503630766;29228
503647440;29229
503664114;29230
503680788;29231
503697461;29232
503714135;29233
503730809;29234
503747483;29235
503764156;29236
503780830;29237
503797504;29238
503814178;29239
503830851;29240
503847525;29241
503864199;29242
503880873;29243
503897546;29244
503930894;29245
503947568;29246
503964241;29247
503980915;29248
503997589;29249
504014263;29250
504030936;29251
504047610;29252
504064284;29253
504080957;29254
504097631;29255
504114305;29256
504130979;29257
504147653;29258
504164326;29259
504181000;29260
504197674;29261
504214347;29262
504231021;29263
504247695;29264
504264369;29265
504281042;29266
504297716;29267
504314390;29268
504331064;29269
504347737;29270
504364411;29271
504381085;29272
504397759;29273
504431106;29274
504447780;29275
504464453;29276
504481127;29277
504497801;29278
504514475;29279
504531148;29280
504547822;29281
504564496;29282
504581170;29283
504597843;29284
504614517;29285
504631191;29286
504647865;29287
504664538;29288
504681212;29289
504697886;29290
504714560;29291
504731233;29292
504747907;29293
504764581;29294
504781255;29295
504797928;29296
504814602;29297
504831276;29298
504847949;29299
504864623;29300
504881297;29301
504897971;29302
504931318;29303
504947992;29304
504964666;29305
504981339;29306
504998013;29307
505014687;29308
-1;-1
-1;-1
-1;-1
-1;-1
-1;-1
-1;-1
-1;-1
-1;-1
-1;-1
-1;-1
-1;-1
-1;-1
-1;-1
-1;-1
-1;-1
-1;-1
-1;-1
-1;-1
-1;-1
-1;-1
-1;-1
-1;-1
-1;-1
-1;-1
-1;-1
-1;-1
-1;-1
-1;-1
-1;-1
-1;-1
-1;-1
-1;-1
-1;-1
-1;-1
-1;-1
-1;-1
-1;-1
-1;-1
-1;-1
-1;-1
-1;-1
-1;-1
-1;-1
-1;-1
-1;-1
-1;-1
-1;-1
-1;-1
-1;-1
-1;-1
-1;-1
-1;-1
-1;-1
-1;-1
-1;-1
-1;-1
-1;-1
-1;-1
-1;-1
-1;-1
-1;-1
-1;-1
-1;-1
-1;-1
-1;-1
-1;-1
-1;-1
-1;-1
-1;-1
-1;-1
-1;-1
-1;-1
-1;-1
-1;-1
-1;-1
-1;-1
-1;-1
-1;-1
-1;-1
-1;-1
-1;-1
-1;-1
-1;-1
-1;-1
-1;-1
-1;-1
-1;-1
-1;-1
-1;-1
-1;-1
-1;-1
-1;-1
-1;-1
-1;-1
-1;-1
-1;-1
-1;-1
-1;-1
-1;-1
-1;-1
-1;-1
-1;-1
-1;-1
-1;-1
-1;-1
-1;-1
-1;-1
-1;-1
-1;-1
-1;-1
-1;-1
-1;-1
-1;-1
-1;-1
-1;-1
-1;-1
-1;-1
-1;-1
-1;-1
-1;-1
-1;-1
-1;-1
-1;-1
-1;-1
-1;-1
-1;-1
-1;-1
-1;-1
-1;-1
-1;-1
-1;-1
-1;-1
-1;-1
-1;-1
-1;-1
-1;-1
-1;-1
-1;-1
-1;-1
-1;-1
-1;-1
-1;-1
-1;-1
-1;-1
-1;-1
-1;-1
-1;-1
-1;-1
-1;-1
-1;-1
-1;-1
-1;-1
-1;-1
-1;-1
-1;-1
-1;-1
-1;-1
-1;-1
-1;-1
-1;-1
-1;-1
-1;-1
-1;-1
-1;-1
-1;-1
-1;-1
-1;-1
-1;-1
-1;-1
-1;-1
-1;-1
-1;-1
-1;-1
-1;-1
-1;-1
-1;-1
-1;-1
-1;-1
-1;-1
-1;-1
-1;-1
-1;-1
-1;-1
-1;-1
-1;-1
-1;-1
-1;-1
-1;-1
-1;-1
-1;-1
-1;-1
-1;-1
-1;-1
