409373622;23763
409390296;23764
409406969;23765
409423643;23766
409440316;23767
409456990;23768
409473664;23769
409490337;23770
409507011;23771
409523685;23772
409540358;23773
409557032;23774
409573706;23775
409590379;23776
409607053;23777
409623726;23778
409640400;23779
409657074;23780
409673747;23781
409690421;23782
409707095;23783
409723768;23784
409757116;23785
409773789;23786
409790463;23787
409807136;23788
409823810;23789
409840484;23790
409857157;23791
409873831;23792
409890505;23793
409907178;23794
409923852;23795
409940526;23796
409957199;23797
409973873;23798
409990546;23799
410007220;23800
410023894;23801
410040567;23802
410057241;23803
410073915;23804
410090588;23805
410107262;23806
410123935;23807
410140609;23808
410157283;23809
410173956;23810
410190630;23811
410207304;23812
410223977;23813
410257325;23814
410273998;23815
410290672;23816
410307345;23817
410324019;23818
410340693;23819
410357366;23820
410374040;23821
410390714;23822
410407387;23823
410424061;23824
410440734;23825
410457408;23826
410474082;23827
410490755;23828
410507429;23829
410524103;23830
410540776;23831
410557450;23832
410574124;23833
410590797;23834
410607471;23835
410624144;23836
410640818;23837
410657492;23838
410674165;23839
410690839;23840
410707513;23841
410724186;23842
410757534;23843
410774207;23844
410790881;23845
410807554;23846
410824228;23847
410840902;23848
410857575;23849
410874249;23850
410890923;23851
410907596;23852
410924270;23853
410940944;23854
410957617;23855
410974291;23856
410990964;23857
411007638;23858
411024312;23859
411040985;23860
411057659;23861
411074333;23862
411091006;23863
411107680;23864
411124354;23865
411141027;23866
411157701;23867
411174374;23868
411191048;23869
411207722;23870
411224395;23871
411257743;23872
411274416;23873
411291090;23874
411307764;23875
411324437;23876
411341111;23877
411357785;23878
411374458;23879
411391132;23880
411407805;23881
411424479;23882
411441153;23883
411457826;23884
411474500;23885
411491174;23886
411507847;23887
411524521;23888
411541195;23889
411557868;23890
411574542;23891
411591215;23892
411607889;23893
411624563;23894
411641236;23895
411657910;23896
411674584;23897
411691257;23898
411707931;23899
411724605;23900
411757952;23901
411774626;23902
411791299;23903
411807973;23904
411824646;23905
411841320;23906
411857994;23907
411874667;23908
411891341;23909
411908015;23910
411924688;23911
411941362;23912
411958035;23913
411974709;23914
411991383;23915
412008057;23916
412024730;23917
412041404;23918
412058077;23919
412074751;23920
412091425;23921
412108098;23922
412124772;23923
412141446;23924
412158119;23925
412174793;23926
412191466;23927
412208140;23928
412224814;23929
412258161;23930
412274835;23931
412291508;23932
412308182;23933
412324856;23934
412341529;23935
412358203;23936
412374877;23937
412391550;23938
412408224;23939
412424897;23940
412441571;23941
412458245;23942
412474918;23943
412491592;23944
412508266;23945
412524939;23946
412541613;23947
412558287;23948
412574960;23949
412591634;23950
412608308;23951
412624981;23952
412641655;23953
412658328;23954
412675002;23955
412691676;23956
412708349;23957
412725023;23958
412758370;23959
412775044;23960
412791718;23961
412808391;23962
412825065;23963
412841739;23964
412858412;23965
412875086;23966
412891759;23967
412908433;23968
412925107;23969
412941780;23970
412958454;23971
412975128;23972
412991801;23973
413008475;23974
413025149;23975
413041822;23976
413058496;23977
413075170;23978
413091843;23979
413108517;23980
413125190;23981
413141864;23982
413158538;23983
413175211;23984
413191885;23985
413208559;23986
413225232;23987
413258580;23988
413275253;23989
413291927;23990
413308601;23991
413325274;23992
413341948;23993
413358621;23994
413375295;23995
413391969;23996
413408642;23997
413425316;23998
413441990;23999
413458663;24000
413475337;24001
413492011;24002
413508684;24003
413525358;24004
413542032;24005
413558705;24006
413575379;24007
413592052;24008
413608726;24009
413625400;24010
413642073;24011
413658747;24012
413675421;24013
413692094;24014
413708768;24015
413725442;24016
413758789;24017
413775463;24018
413792136;24019
413808810;24020
413825484;24021
413842157;24022
413858831;24023
413875504;24024
413892178;24025
413908852;24026
413925525;24027
413942199;24028
413958873;24029
413975546;24030
413992220;24031
414008894;24032
414025567;24033
414042241;24034
414058915;24035
414075588;24036
414092262;24037
414108935;24038
414125609;24039
414142283;24040
414158956;24041
414175630;24042
414192304;24043
414208977;24044
414225651;24045
414258998;24046
414275672;24047
414292346;24048
414309019;24049
414325693;24050
414342367;24051
414359040;24052
414375714;24053
414392388;24054
414409061;24055
414425735;24056
414442409;24057
414459082;24058
414475756;24059
414492429;24060
414509103;24061
414525777;24062
414542450;24063
414559124;24064
414575798;24065
414592471;24066
414609145;24067
414625819;24068
414642492;24069
414659166;24070
414675840;24071
414692513;24072
414709187;24073
414725860;24074
414759208;24075
414775881;24076
414792555;24077
414809229;24078
414825902;24079
414842576;24080
414859250;24081
414875923;24082
414892597;24083
414909271;24084
414925944;24085
414942618;24086
414959292;24087
414975965;24088
414992639;24089
415009313;24090
415025986;24091
415042660;24092
415059334;24093
415076007;24094
415092681;24095
415109354;24096
415126028;24097
415142702;24098
415159375;24099
415176049;24100
415192723;24101
415209396;24102
415226070;24103
415259417;24104
415276091;24105
415292765;24106
415309438;24107
415326112;24108
415342786;24109
415359459;24110
415376133;24111
415392806;24112
415409480;24113
415426154;24114
415442827;24115
415459501;24116
415476175;24117
415492848;24118
415509522;24119
415526196;24120
415542869;24121
415559543;24122
415576217;24123
415592890;24124
415609564;24125
415626238;24126
415642911;24127
415659585;24128
415676258;24129
415692932;24130
415709606;24131
415726280;24132
415759627;24133
415776300;24134
415792974;24135
415809648;24136
415826321;24137
415842995;24138
415859669;24139
415876342;24140
415893016;24141
415909690;24142
415926363;24143
415943037;24144
415959711;24145
415976384;24146
415993058;24147
416009732;24148
416026405;24149
416043079;24150
416059753;24151
416076426;24152
416093100;24153
416109773;24154
416126447;24155
416143121;24156
416159794;24157
416176468;24158
416193142;24159
416209815;24160
416226489;24161
416259836;24162
416276510;24163
416293184;24164
416309857;24165
416326531;24166
416343205;24167
416359878;24168
416376552;24169
416393226;24170
416409899;24171
416426573;24172
416443247;24173
416459920;24174
416476594;24175
416493267;24176
416509941;24177
416526615;24178
416543289;24179
416559962;24180
416576636;24181
416593309;24182
416609983;24183
416626657;24184
416643330;24185
416660004;24186
416676678;24187
416693351;24188
416710025;24189
416726699;24190
416760046;24191
416776720;24192
416793393;24193
416810067;24194
416826741;24195
416843414;24196
416860088;24197
416876762;24198
416893435;24199
416910109;24200
416926783;24201
416943456;24202
416960130;24203
416976804;24204
416993477;24205
417010151;24206
417026824;24207
417043498;24208
417060172;24209
417076845;24210
417093519;24211
417110193;24212
417126866;24213
417143540;24214
417160214;24215
417176887;24216
417193561;24217
417210235;24218
417226908;24219
417260256;24220
417276929;24221
417293603;24222
417310277;24223
417326950;24224
417343624;24225
417360298;24226
417376971;24227
417393645;24228
417410318;24229
417426992;24230
417443666;24231
417460339;24232
417477013;24233
417493687;24234
417510360;24235
417527034;24236
417543708;24237
417560381;24238
417577055;24239
417593729;24240
417610402;24241
417627076;24242
417643750;24243
417660423;24244
417677097;24245
417693771;24246
417710444;24247
417727118;24248
417760465;24249
417777139;24250
417793813;24251
417810486;24252
417827160;24253
417843834;24254
417860507;24255
417877181;24256
417893855;24257
417910528;24258
417927202;24259
417943876;24260
417960549;24261
417977223;24262
417993896;24263
418010570;24264
418027244;24265
418043917;24266
418060591;24267
418077265;24268
418093938;24269
418110612;24270
418127286;24271
418143959;24272
418160633;24273
418177307;24274
418193980;24275
418210654;24276
418227328;24277
418260675;24278
418277349;24279
418294022;24280
418310696;24281
418327370;24282
418344043;24283
418360717;24284
418377391;24285
418394064;24286
418410738;24287
418427412;24288
418444085;24289
418460759;24290
418477432;24291
418494106;24292
418510780;24293
418527454;24294
418544127;24295
418560801;24296
418577474;24297
418594148;24298
418610822;24299
418627495;24300
418644169;24301
418660843;24302
418677516;24303
418694190;24304
418710864;24305
418727537;24306
418760885;24307
418777558;24308
418794232;24309
418810906;24310
418827579;24311
418844253;24312
418860927;24313
418877600;24314
418894274;24315
418910948;24316
418927621;24317
418944295;24318
418960969;24319
418977642;24320
418994316;24321
419010990;24322
419027663;24323
419044337;24324
419061010;24325
419077684;24326
419094358;24327
419111032;24328
419127705;24329
419144379;24330
419161052;24331
419177726;24332
419194400;24333
419211074;24334
419227747;24335
419261094;24336
419277768;24337
419294442;24338
419311115;24339
419327789;24340
419344463;24341
419361136;24342
419377810;24343
419394484;24344
419411157;24345
419427831;24346
419444505;24347
419461178;24348
419477852;24349
419494526;24350
419511199;24351
419527873;24352
419544547;24353
419561220;24354
419577894;24355
419594568;24356
419611241;24357
419627915;24358
419644589;24359
419661262;24360
419677936;24361
419694610;24362
419711283;24363
419727957;24364
419761304;24365
419777978;24366
419794652;24367
419811325;24368
419827999;24369
419844672;24370
419861346;24371
419878020;24372
419894693;24373
419911367;24374
419928041;24375
419944714;24376
419961388;24377
419978062;24378
419994735;24379
420011409;24380
420028083;24381
420044756;24382
420061430;24383
420078104;24384
420094777;24385
420111451;24386
420128125;24387
420144798;24388
420161472;24389
420178146;24390
420194819;24391
420211493;24392
420228167;24393
420261514;24394
420278188;24395
420294861;24396
420311535;24397
420328209;24398
420344882;24399
420361556;24400
420378230;24401
420394903;24402
420411577;24403
420428251;24404
420444924;24405
420461598;24406
420478272;24407
420494945;24408
420511619;24409
420528293;24410
420544966;24411
420561640;24412
420578314;24413
420594987;24414
420611661;24415
420628335;24416
420645008;24417
420661682;24418
420678356;24419
420695029;24420
420711703;24421
420728376;24422
420761724;24423
420778398;24424
420795071;24425
420811745;24426
420828418;24427
420845092;24428
420861766;24429
420878439;24430
420895113;24431
420911787;24432
420928460;24433
420945134;24434
420961808;24435
420978481;24436
420995155;24437
421011829;24438
421028502;24439
421045176;24440
421061850;24441
421078523;24442
421095197;24443
421111871;24444
421128544;24445
421145218;24446
421161892;24447
421178565;24448
421195239;24449
421211913;24450
421228586;24451
421261934;24452
421278607;24453
421295281;24454
421311955;24455
421328628;24456
421345302;24457
421361976;24458
421378649;24459
421395323;24460
421411997;24461
421428670;24462
421445344;24463
421462018;24464
421478691;24465
421495365;24466
421512039;24467
421528712;24468
421545386;24469
421562060;24470
421578733;24471
421595407;24472
421612081;24473
421628754;24474
421645428;24475
421662102;24476
421678775;24477
421695449;24478
421712123;24479
421728796;24480
421762144;24481
421778817;24482
421795491;24483
421812165;24484
421828838;24485
421845512;24486
421862185;24487
421878859;24488
421895533;24489
421912206;24490
421928880;24491
421945554;24492
421962228;24493
421978901;24494
421995575;24495
422012248;24496
422028922;24497
422045596;24498
422062270;24499
422078943;24500
422095617;24501
422112290;24502
422128964;24503
422145638;24504
422162311;24505
422178985;24506
422195659;24507
422212332;24508
422229006;24509
422262353;24510
422279027;24511
422295701;24512
422312374;24513
422329048;24514
422345722;24515
422362395;24516
422379069;24517
422395743;24518
422412416;24519
422429090;24520
422445764;24521
422462437;24522
422479111;24523
422495785;24524
422512458;24525
422529132;24526
422545806;24527
422562479;24528
422579153;24529
422595827;24530
422612500;24531
422629174;24532
422645848;24533
422662521;24534
422679195;24535
422695869;24536
422712542;24537
422729216;24538
422745890;24539
422779237;24540
422795911;24541
422812584;24542
422829258;24543
422845932;24544
422862605;24545
422879279;24546
422895953;24547
422912626;24548
422929300;24549
422945974;24550
422962647;24551
422979321;24552
422995995;24553
423012668;24554
423029342;24555
423046016;24556
423062689;24557
423079363;24558
423096037;24559
423112710;24560
423129384;24561
423146058;24562
423162731;24563
423179405;24564
423196079;24565
423212752;24566
423229426;24567
423246100;24568
423279447;24569
423296121;24570
423312794;24571
423329468;24572
423346142;24573
423362815;24574
423379489;24575
423396163;24576
423412836;24577
423429510;24578
423446184;24579
423462857;24580
423479531;24581
423496205;24582
423512878;24583
423529552;24584
423546226;24585
423562899;24586
423579573;24587
423596247;24588
423612920;24589
423629594;24590
423646267;24591
423662941;24592
423679615;24593
423696289;24594
423712962;24595
423729636;24596
423746310;24597
423779657;24598
423796330;24599
423813004;24600
423829678;24601
423846352;24602
423863025;24603
423879699;24604
423896373;24605
423913046;24606
423929720;24607
423946393;24608
423963067;24609
423979741;24610
423996414;24611
424013088;24612
424029762;24613
424046435;24614
424063109;24615
424079783;24616
424096456;24617
424113130;24618
424129804;24619
424146477;24620
424163151;24621
424179825;24622
424196499;24623
424213172;24624
424229846;24625
424246519;24626
424279867;24627
424296540;24628
424313214;24629
424329888;24630
424346561;24631
424363235;24632
424379909;24633
424396582;24634
424413256;24635
424429930;24636
424446603;24637
424463277;24638
424479951;24639
424496624;24640
424513298;24641
424529972;24642
424546645;24643
424563319;24644
424579993;24645
424596666;24646
424613340;24647
424630014;24648
424646687;24649
424663361;24650
424680035;24651
424696708;24652
424713382;24653
424730056;24654
424746729;24655
424780077;24656
424796750;24657
424813424;24658
424830098;24659
424846771;24660
424863445;24661
424880119;24662
424896792;24663
424913466;24664
424930140;24665
424946813;24666
424963487;24667
424980161;24668
424996834;24669
425013508;24670
425030182;24671
425046855;24672
425063529;24673
425080203;24674
425096876;24675
425113550;24676
425130224;24677
425146897;24678
425163571;24679
425180245;24680
425196918;24681
425213592;24682
425230266;24683
425246939;24684
425280287;24685
425296960;24686
425313634;24687
425330308;24688
425346981;24689
425363655;24690
425380329;24691
425397002;24692
425413676;24693
425430350;24694
425447023;24695
425463697;24696
425480371;24697
425497044;24698
425513718;24699
425530392;24700
425547065;24701
425563739;24702
425580413;24703
425597086;24704
425613760;24705
425630434;24706
425647107;24707
425663781;24708
425680455;24709
425697128;24710
425713802;24711
425730476;24712
425747149;24713
425780497;24714
425797170;24715
425813844;24716
425830518;24717
425847191;24718
425863865;24719
425880539;24720
425897212;24721
425913886;24722
425930560;24723
425947233;24724
425963907;24725
425980581;24726
425997254;24727
426013928;24728
426030602;24729
426047275;24730
426063949;24731
426080623;24732
426097296;24733
426113970;24734
426130644;24735
426147317;24736
426163991;24737
426180665;24738
426197338;24739
426214012;24740
426230686;24741
426247359;24742
426280707;24743
426297380;24744
426314054;24745
426330728;24746
426347401;24747
426364075;24748
426380749;24749
426397422;24750
426414096;24751
426430769;24752
426447443;24753
426464117;24754
426480791;24755
426497464;24756
426514138;24757
426530811;24758
426547485;24759
426564159;24760
426580833;24761
426597506;24762
426614180;24763
426630853;24764
426647527;24765
426664201;24766
426680874;24767
426697548;24768
426714222;24769
426730895;24770
426747569;24771
426780917;24772
426797590;24773
426814264;24774
426830937;24775
426847611;24776
426864285;24777
426880958;24778
426897632;24779
426914306;24780
426930979;24781
426947653;24782
426964327;24783
426981000;24784
426997674;24785
427014348;24786
427031021;24787
427047695;24788
427064369;24789
427081042;24790
427097716;24791
427114390;24792
427131063;24793
427147737;24794
427164411;24795
427181084;24796
427197758;24797
427214432;24798
427231105;24799
427247779;24800
427264453;24801
427297800;24802
427314474;24803
427331147;24804
427347821;24805
427364495;24806
427381168;24807
427397842;24808
427414516;24809
427431189;24810
427447863;24811
427464537;24812
427481210;24813
427497884;24814
427514558;24815
427531231;24816
427547905;24817
427564579;24818
427581252;24819
427597926;24820
427614600;24821
427631273;24822
427647947;24823
427664621;24824
427681294;24825
427697968;24826
427714642;24827
427731315;24828
427747989;24829
427764663;24830
427798010;24831
427814684;24832
427831357;24833
427848031;24834
427864705;24835
427881378;24836
427898052;24837
427914726;24838
427931399;24839
427948073;24840
427964747;24841
427981420;24842
427998094;24843
428014768;24844
428031441;24845
428048115;24846
428064789;24847
428081462;24848
428098136;24849
428114810;24850
428131483;24851
428148157;24852
428164831;24853
428181504;24854
428198178;24855
428214852;24856
428231525;24857
428248199;24858
428264873;24859
428298220;24860
428314893;24861
428331567;24862
428348241;24863
428364914;24864
428381588;24865
428398262;24866
428414936;24867
428431609;24868
428448283;24869
428464956;24870
428481630;24871
428498304;24872
428514977;24873
428531651;24874
428548325;24875
428564998;24876
428581672;24877
428598346;24878
428615020;24879
428631693;24880
428648367;24881
428665040;24882
428681714;24883
428698388;24884
428715061;24885
428731735;24886
428748409;24887
428765082;24888
428798430;24889
428815103;24890
428831777;24891
428848451;24892
428865124;24893
428881798;24894
428898472;24895
428915145;24896
428931819;24897
428948493;24898
428965166;24899
428981840;24900
428998514;24901
429015187;24902
429031861;24903
429048535;24904
429065208;24905
429081882;24906
429098556;24907
429115229;24908
429131903;24909
429148577;24910
429165250;24911
429181924;24912
429198598;24913
429215271;24914
429231945;24915
429248619;24916
429265292;24917
429298640;24918
429315313;24919
429331987;24920
429348661;24921
429365334;24922
429382008;24923
429398682;24924
429415355;24925
429432029;24926
429448703;24927
429465376;24928
429482050;24929
429498724;24930
429515397;24931
429532071;24932
429548745;24933
429565418;24934
429582092;24935
429598766;24936
429615439;24937
429632113;24938
429648787;24939
429665460;24940
429682134;24941
429698807;24942
429715481;24943
429732155;24944
429748828;24945
429765502;24946
429798850;24947
429815523;24948
429832197;24949
429848871;24950
429865544;24951
429882218;24952
429898891;24953
429915565;24954
429932239;24955
429948912;24956
429965586;24957
429982260;24958
429998933;24959
430015607;24960
430032281;24961
430048954;24962
430065628;24963
430082302;24964
430098975;24965
430115649;24966
430132323;24967
430148997;24968
430165670;24969
430182344;24970
430199017;24971
430215691;24972
430232365;24973
430249038;24974
430265712;24975
430299059;24976
430315733;24977
430332407;24978
430349080;24979
430365754;24980
430382428;24981
430399101;24982
430415775;24983
430432449;24984
430449122;24985
430465796;24986
430482470;24987
430499143;24988
430515817;24989
430532491;24990
430549164;24991
430565838;24992
430582512;24993
430599185;24994
430615859;24995
430632533;24996
430649206;24997
430665880;24998
430682554;24999
430699227;25000
430715901;25001
430732575;25002
430749248;25003
430765922;25004
430799269;25005
430815943;25006
430832617;25007
430849290;25008
430865964;25009
430882638;25010
430899311;25011
430915985;25012
430932658;25013
430949332;25014
430966006;25015
430982679;25016
430999353;25017
431016027;25018
431032701;25019
431049374;25020
431066048;25021
431082721;25022
431099395;25023
431116069;25024
431132742;25025
431149416;25026
431166090;25027
431182763;25028
431199437;25029
431216111;25030
431232784;25031
431249458;25032
431266132;25033
431299479;25034
431316153;25035
431332826;25036
431349500;25037
431366174;25038
431382847;25039
431399521;25040
431416195;25041
431432868;25042
431449542;25043
431466216;25044
431482889;25045
431499563;25046
431516237;25047
431532910;25048
431549584;25049
431566258;25050
431582931;25051
431599605;25052
431616279;25053
431632952;25054
431649626;25055
431666300;25056
431682973;25057
431699647;25058
431716321;25059
431732994;25060
431749668;25061
431766342;25062
431799689;25063
431816363;25064
431833036;25065
431849710;25066
431866383;25067
431883057;25068
431899731;25069
431916404;25070
431933078;25071
431949752;25072
431966425;25073
431983099;25074
431999773;25075
432016446;25076
432033120;25077
432049794;25078
432066467;25079
432083141;25080
432099815;25081
432116488;25082
432133162;25083
432149836;25084
432166509;25085
432183183;25086
432199857;25087
432216530;25088
432233204;25089
432249878;25090
432266551;25091
432299899;25092
432316572;25093
432333246;25094
432349920;25095
432366593;25096
432383267;25097
432399941;25098
432416614;25099
432433288;25100
432449962;25101
432466635;25102
432483309;25103
432499982;25104
432516656;25105
432533330;25106
432550003;25107
432566677;25108
432583351;25109
432600025;25110
432616698;25111
432633372;25112
432650045;25113
432666719;25114
432683393;25115
432700066;25116
432716740;25117
432733414;25118
432750087;25119
432766761;25120
432800108;25121
432816782;25122
432833456;25123
432850129;25124
432866803;25125
432883477;25126
432900150;25127
432916824;25128
432933498;25129
432950171;25130
432966845;25131
432983519;25132
433000192;25133
433016866;25134
433033540;25135
433050213;25136
433066887;25137
433083560;25138
433100234;25139
433116908;25140
433133581;25141
433150255;25142
433166929;25143
433183602;25144
433200276;25145
433216950;25146
433233623;25147
433250297;25148
433266971;25149
433300318;25150
433316992;25151
433333665;25152
433350339;25153
433367013;25154
433383686;25155
433400360;25156
433417034;25157
433433707;25158
433450381;25159
433467055;25160
433483728;25161
433500402;25162
433517076;25163
433533749;25164
433550423;25165
433567097;25166
433583770;25167
433600444;25168
433617118;25169
433633791;25170
433650465;25171
433667139;25172
433683812;25173
433700486;25174
433717160;25175
433733833;25176
433750507;25177
433767181;25178
433800528;25179
433817201;25180
433833875;25181
433850549;25182
433867222;25183
433883896;25184
433900570;25185
433917243;25186
433933917;25187
433950591;25188
433967264;25189
433983938;25190
434000612;25191
434017285;25192
434033959;25193
434050633;25194
434067306;25195
434083980;25196
434100654;25197
434117327;25198
434134001;25199
434150675;25200
434167348;25201
434184022;25202
434200695;25203
434217369;25204
434234043;25205
434250716;25206
434267390;25207
434300737;25208
434317411;25209
434334085;25210
434350758;25211
434367432;25212
434384106;25213
434400779;25214
434417453;25215
434434127;25216
434450800;25217
434467474;25218
434484148;25219
434500821;25220
434517495;25221
434534169;25222
434550842;25223
434567516;25224
434584190;25225
434600863;25226
434617537;25227
434634210;25228
434650884;25229
434667558;25230
434684231;25231
434700905;25232
434717579;25233
434734252;25234
434750926;25235
434767600;25236
434800947;25237
434817621;25238
434834294;25239
434850968;25240
434867642;25241
434884315;25242
434900989;25243
434917663;25244
434934336;25245
434951010;25246
434967684;25247
434984357;25248
435001031;25249
435017705;25250
435034378;25251
435051052;25252
435067726;25253
435084399;25254
435101073;25255
435117746;25256
435134420;25257
435151094;25258
435167767;25259
435184441;25260
435201115;25261
435217788;25262
435234462;25263
435251136;25264
435267809;25265
435301157;25266
435317830;25267
435334504;25268
435351178;25269
435367851;25270
435384525;25271
435401199;25272
435417872;25273
435434546;25274
435451219;25275
435467893;25276
435484567;25277
435501240;25278
435517914;25279
435534588;25280
435551261;25281
435567935;25282
435584609;25283
435601282;25284
435617956;25285
435634630;25286
435651303;25287
435667977;25288
435684651;25289
435701324;25290
435717998;25291
435734672;25292
435751345;25293
435768019;25294
435801366;25295
435818040;25296
435834713;25297
435851387;25298
435868061;25299
435884734;25300
435901408;25301
435918082;25302
435934755;25303
435951429;25304
435968103;25305
435984776;25306
436001450;25307
436018124;25308
436034797;25309
436051471;25310
436068145;25311
436084818;25312
436101492;25313
436118166;25314
436134839;25315
436151513;25316
436168187;25317
436184860;25318
436201534;25319
436218208;25320
436234881;25321
436251555;25322
436268228;25323
436301576;25324
436318249;25325
436334923;25326
436351597;25327
436368270;25328
436384944;25329
436401618;25330
436418291;25331
436434965;25332
436451639;25333
436468312;25334
436484986;25335
436501660;25336
436518333;25337
436535007;25338
436551680;25339
436568354;25340
436585028;25341
436601701;25342
436618375;25343
436635049;25344
436651722;25345
436668396;25346
436685070;25347
436701743;25348
436718417;25349
436735091;25350
436751764;25351
436768438;25352
436801785;25353
436818459;25354
436835133;25355
436851806;25356
436868480;25357
436885153;25358
436901827;25359
436918501;25360
436935174;25361
436951848;25362
436968522;25363
436985195;25364
437001869;25365
437018543;25366
437035216;25367
437051890;25368
437068564;25369
437085237;25370
437101911;25371
437118584;25372
437135258;25373
437151932;25374
437168605;25375
437185279;25376
437201953;25377
437218626;25378
437235300;25379
437251974;25380
437268647;25381
437301995;25382
437318668;25383
437335342;25384
437352016;25385
437368689;25386
437385363;25387
437402037;25388
437418710;25389
437435384;25390
437452057;25391
437468731;25392
437485405;25393
437502078;25394
437518752;25395
437535426;25396
437552099;25397
437568773;25398
437585447;25399
437602120;25400
437618794;25401
437635468;25402
437652141;25403
437668815;25404
437685489;25405
437702162;25406
437718836;25407
437735509;25408
437752183;25409
437768857;25410
437802204;25411
437818878;25412
437835551;25413
437852225;25414
437868899;25415
437885572;25416
437902246;25417
437918920;25418
437935593;25419
437952267;25420
437968941;25421
437985614;25422
438002288;25423
438018962;25424
438035635;25425
438052309;25426
438068982;25427
438085656;25428
438102330;25429
438119003;25430
438135677;25431
438152351;25432
438169024;25433
438185698;25434
438202372;25435
438219045;25436
438235719;25437
438252393;25438
438269066;25439
438302413;25440
438319087;25441
438335761;25442
438352434;25443
438369108;25444
438385782;25445
438402455;25446
438419129;25447
438435803;25448
438452476;25449
438469150;25450
438485824;25451
438502497;25452
438519171;25453
438535844;25454
438552518;25455
438569192;25456
438585865;25457
438602539;25458
438619213;25459
438635886;25460
438652560;25461
438669234;25462
438685907;25463
438702581;25464
438719255;25465
438735928;25466
438752602;25467
438769275;25468
438785949;25469
438819296;25470
438835970;25471
438852644;25472
438869317;25473
438885991;25474
438902665;25475
438919338;25476
438936012;25477
438952686;25478
438969359;25479
438986033;25480
439002706;25481
439019380;25482
439036054;25483
439052727;25484
439069401;25485
439086075;25486
439102748;25487
439119422;25488
439136096;25489
439152769;25490
439169443;25491
439186117;25492
439202790;25493
439219464;25494
439236137;25495
439252811;25496
439269485;25497
439286158;25498
439319506;25499
439336179;25500
439352853;25501
439369527;25502
439386200;25503
439402874;25504
439419548;25505
439436221;25506
439452895;25507
439469569;25508
439486242;25509
439502916;25510
439519589;25511
439536263;25512
439552937;25513
439569610;25514
439586284;25515
439602958;25516
439619631;25517
439636305;25518
439652979;25519
439669652;25520
439686326;25521
439702999;25522
439719673;25523
439736347;25524
439753020;25525
439769694;25526
439786368;25527
439819715;25528
439836389;25529
439853062;25530
439869736;25531
439886410;25532
439903083;25533
439919757;25534
439936430;25535
439953104;25536
439969778;25537
439986451;25538
440003125;25539
440019799;25540
440036472;25541
440053146;25542
440069820;25543
440086493;25544
440103167;25545
440119841;25546
440136514;25547
440153188;25548
440169861;25549
440186535;25550
440203209;25551
440219882;25552
440236556;25553
440253230;25554
440269903;25555
440286577;25556
440319924;25557
440336598;25558
440353271;25559
440369945;25560
440386619;25561
440403292;25562
440419966;25563
440436640;25564
440453313;25565
440469987;25566
440486661;25567
440503334;25568
440520008;25569
440536682;25570
440553355;25571
440570029;25572
440586702;25573
440603376;25574
440620050;25575
440636723;25576
440653397;25577
440670071;25578
440686744;25579
440703418;25580
440720091;25581
440736765;25582
440753439;25583
440770113;25584
440786786;25585
440820133;25586
440836807;25587
440853481;25588
440870154;25589
440886828;25590
440903502;25591
440920175;25592
440936849;25593
440953523;25594
440970196;25595
440986870;25596
441003543;25597
441020217;25598
441036891;25599
441053564;25600
441070238;25601
441086912;25602
441103585;25603
441120259;25604
441136933;25605
441153606;25606
441170280;25607
441186953;25608
441203627;25609
441220301;25610
441236974;25611
441253648;25612
441270322;25613
441286995;25614
441320343;25615
441337016;25616
441353690;25617
441370363;25618
441387037;25619
441403711;25620
441420384;25621
441437058;25622
441453732;25623
441470405;25624
441487079;25625
441503753;25626
441520426;25627
441537100;25628
441553773;25629
441570447;25630
441587121;25631
441603794;25632
441620468;25633
441637142;25634
441653815;25635
441670489;25636
441687162;25637
441703836;25638
441720510;25639
441737183;25640
441753857;25641
441770531;25642
441787204;25643
441820552;25644
441837225;25645
441853899;25646
441870572;25647
441887246;25648
441903920;25649
441920593;25650
441937267;25651
441953941;25652
441970614;25653
441987288;25654
442003962;25655
442020635;25656
442037309;25657
442053983;25658
442070656;25659
442087330;25660
442104003;25661
442120677;25662
442137351;25663
442154024;25664
442170698;25665
442187372;25666
442204045;25667
442220719;25668
442237392;25669
442254066;25670
442270740;25671
442287413;25672
442320761;25673
442337434;25674
442354108;25675
442370781;25676
442387455;25677
442404129;25678
442420802;25679
442437476;25680
442454150;25681
442470823;25682
442487497;25683
442504170;25684
442520844;25685
442537518;25686
442554191;25687
442570865;25688
442587539;25689
442604212;25690
442620886;25691
442637560;25692
442654233;25693
442670907;25694
442687580;25695
442704254;25696
442720928;25697
442737601;25698
442754275;25699
442770949;25700
442787622;25701
442820969;25702
442837643;25703
442854317;25704
442870990;25705
442887664;25706
442904338;25707
442921011;25708
442937685;25709
442954359;25710
442971032;25711
442987706;25712
443004379;25713
443021053;25714
443037727;25715
443054400;25716
443071074;25717
443087748;25718
443104421;25719
443121095;25720
443137768;25721
443154442;25722
443171116;25723
443187789;25724
443204463;25725
443221137;25726
443237810;25727
443254484;25728
443271157;25729
443287831;25730
443321178;25731
443337852;25732
443354526;25733
443371199;25734
443387873;25735
443404547;25736
443421220;25737
443437894;25738
443454567;25739
443471241;25740
443487915;25741
443504588;25742
443521262;25743
443537936;25744
443554609;25745
443571283;25746
443587956;25747
443604630;25748
443621304;25749
443637977;25750
443654651;25751
443671325;25752
443687998;25753
443704672;25754
443721345;25755
443738019;25756
443754693;25757
443771366;25758
443788040;25759
443821387;25760
443838061;25761
443854734;25762
443871408;25763
443888082;25764
443904755;25765
443921429;25766
443938103;25767
443954776;25768
443971450;25769
443988124;25770
444004797;25771
444021471;25772
444038144;25773
444054818;25774
444071492;25775
444088165;25776
444104839;25777
444121513;25778
444138186;25779
444154860;25780
444171533;25781
444188207;25782
444204881;25783
444221554;25784
444238228;25785
444254902;25786
444271575;25787
444288249;25788
444321596;25789
444338270;25790
444354943;25791
444371617;25792
444388291;25793
444404964;25794
444421638;25795
444438311;25796
444454985;25797
444471659;25798
444488332;25799
444505006;25800
444521680;25801
444538353;25802
444555027;25803
444571700;25804
444588374;25805
444605048;25806
444621721;25807
444638395;25808
444655069;25809
444671742;25810
444688416;25811
444705090;25812
444721763;25813
444738437;25814
444755110;25815
444771784;25816
444788458;25817
444821805;25818
444838479;25819
444855152;25820
444871826;25821
444888499;25822
444905173;25823
444921847;25824
444938520;25825
444955194;25826
444971867;25827
444988541;25828
445005215;25829
445021888;25830
445038562;25831
445055236;25832
445071909;25833
445088583;25834
445105256;25835
445121930;25836
445138604;25837
445155277;25838
445171951;25839
445188625;25840
445205298;25841
445221972;25842
445238646;25843
445255319;25844
445271993;25845
445288666;25846
445322014;25847
445338687;25848
445355361;25849
445372034;25850
445388708;25851
445405382;25852
445422055;25853
445438729;25854
445455403;25855
445472076;25856
445488750;25857
445505424;25858
445522097;25859
445538771;25860
445555444;25861
445572118;25862
445588792;25863
445605465;25864
445622139;25865
445638813;25866
445655486;25867
445672160;25868
445688833;25869
445705507;25870
445722181;25871
445738854;25872
445755528;25873
445772201;25874
445788875;25875
445822222;25876
445838896;25877
445855570;25878
445872243;25879
445888917;25880
445905591;25881
445922264;25882
445938938;25883
445955611;25884
445972285;25885
445988959;25886
446005632;25887
446022306;25888
446038979;25889
446055653;25890
446072327;25891
446089000;25892
446105674;25893
446122348;25894
446139021;25895
446155695;25896
446172368;25897
446189042;25898
446205716;25899
446222389;25900
446239063;25901
446255737;25902
446272410;25903
446289084;25904
446322431;25905
446339105;25906
446355778;25907
446372452;25908
446389126;25909
446405799;25910
446422473;25911
446439146;25912
446455820;25913
446472494;25914
446489167;25915
446505841;25916
446522514;25917
446539188;25918
446555862;25919
446572535;25920
446589209;25921
446605883;25922
446622556;25923
446639230;25924
446655904;25925
446672577;25926
446689251;25927
446705924;25928
446722598;25929
446739272;25930
446755945;25931
446772619;25932
446789293;25933
446822640;25934
446839313;25935
446855987;25936
446872661;25937
446889334;25938
446906008;25939
446922681;25940
446939355;25941
446956029;25942
446972702;25943
446989376;25944
447006050;25945
447022723;25946
447039397;25947
447056070;25948
447072744;25949
447089418;25950
447106091;25951
447122765;25952
447139439;25953
447156112;25954
447172786;25955
447189460;25956
447206133;25957
447222807;25958
447239480;25959
447256154;25960
447272828;25961
447289501;25962
447322848;25963
447339522;25964
447356196;25965
447372869;25966
447389543;25967
447406216;25968
447422890;25969
447439564;25970
447456237;25971
447472911;25972
447489585;25973
447506258;25974
447522932;25975
447539605;25976
447556279;25977
447572953;25978
447589626;25979
447606300;25980
447622974;25981
447639647;25982
447656321;25983
447672994;25984
447689668;25985
447706342;25986
447723015;25987
447739689;25988
447756363;25989
447773036;25990
447789710;25991
447823057;25992
447839731;25993
447856404;25994
447873078;25995
447889752;25996
447906425;25997
447923099;25998
447939772;25999
447956446;26000
447973120;26001
447989793;26002
448006467;26003
448023140;26004
448039814;26005
448056488;26006
448073161;26007
448089835;26008
448106509;26009
448123182;26010
448139856;26011
448156530;26012
448173203;26013
448189877;26014
448206550;26015
448223224;26016
448239898;26017
448256571;26018
448273245;26019
448289918;26020
448323266;26021
448339939;26022
448356613;26023
448373286;26024
448389960;26025
448406634;26026
448423307;26027
448439981;26028
448456655;26029
448473328;26030
448490002;26031
448506675;26032
448523349;26033
448540023;26034
448556696;26035
448573370;26036
448590044;26037
448606717;26038
448623391;26039
448640064;26040
448656738;26041
448673412;26042
448690085;26043
448706759;26044
448723432;26045
448740106;26046
448756780;26047
448773453;26048
448790127;26049
448823474;26050
448840148;26051
448856821;26052
448873495;26053
448890169;26054
448906842;26055
448923516;26056
448940190;26057
448956863;26058
448973537;26059
448990210;26060
449006884;26061
449023558;26062
449040231;26063
449056905;26064
449073579;26065
449090252;26066
449106926;26067
449123599;26068
449140273;26069
449156947;26070
449173620;26071
449190294;26072
449206967;26073
449223641;26074
449240315;26075
449256988;26076
449273662;26077
449290336;26078
449323683;26079
449340356;26080
449357030;26081
449373704;26082
449390377;26083
449407051;26084
449423724;26085
449440398;26086
449457072;26087
449473745;26088
449490419;26089
449507093;26090
449523766;26091
449540440;26092
449557113;26093
449573787;26094
449590461;26095
449607134;26096
449623808;26097
449640482;26098
449657155;26099
449673829;26100
449690502;26101
449707176;26102
449723850;26103
449740523;26104
449757197;26105
449773870;26106
449790544;26107
449823891;26108
449840565;26109
449857239;26110
449873912;26111
449890586;26112
449907259;26113
449923933;26114
449940607;26115
449957280;26116
449973954;26117
449990627;26118
450007301;26119
450023975;26120
450040648;26121
450057322;26122
450073996;26123
450090669;26124
450107343;26125
450124016;26126
450140690;26127
450157364;26128
450174037;26129
450190711;26130
450207385;26131
450224058;26132
450240732;26133
450257405;26134
450274079;26135
450290753;26136
450324100;26137
450340773;26138
450357447;26139
450374121;26140
450390794;26141
450407468;26142
450424141;26143
450440815;26144
450457489;26145
450474162;26146
450490836;26147
450507510;26148
450524183;26149
450540857;26150
450557530;26151
450574204;26152
450590878;26153
450607551;26154
450624225;26155
450640898;26156
450657572;26157
450674246;26158
450690919;26159
450707593;26160
450724267;26161
450740940;26162
450757614;26163
450774288;26164
450790961;26165
450824308;26166
450840982;26167
450857656;26168
450874329;26169
450891003;26170
450907676;26171
450924350;26172
450941024;26173
450957697;26174
450974371;26175
450991045;26176
451007718;26177
451024392;26178
451041065;26179
451057739;26180
451074413;26181
451091086;26182
451107760;26183
451124433;26184
451141107;26185
451157781;26186
451174454;26187
451191128;26188
451207801;26189
451224475;26190
451241149;26191
451257822;26192
451274496;26193
451291170;26194
451324517;26195
451341190;26196
451357864;26197
451374538;26198
451391211;26199
451407885;26200
451424558;26201
451441232;26202
451457906;26203
451474579;26204
451491253;26205
451507927;26206
451524600;26207
451541274;26208
451557947;26209
451574621;26210
451591295;26211
451607968;26212
451624642;26213
451641315;26214
451657989;26215
451674663;26216
451691336;26217
451708010;26218
451724684;26219
451741357;26220
451758031;26221
451774704;26222
451791378;26223
451824725;26224
451841399;26225
451858072;26226
451874746;26227
451891420;26228
451908093;26229
451924767;26230
451941441;26231
451958114;26232
451974788;26233
451991461;26234
452008135;26235
452024809;26236
452041482;26237
452058156;26238
452074829;26239
452091503;26240
452108177;26241
452124850;26242
452141524;26243
452158198;26244
452174871;26245
452191545;26246
452208218;26247
452224892;26248
452241566;26249
452258239;26250
452274913;26251
452291586;26252
452324934;26253
452341607;26254
452358281;26255
452374955;26256
452391628;26257
452408302;26258
452424975;26259
452441649;26260
452458323;26261
452474996;26262
452491670;26263
452508343;26264
452525017;26265
452541691;26266
452558364;26267
452575038;26268
452591712;26269
452608385;26270
452625059;26271
452641732;26272
452658406;26273
452675080;26274
452691753;26275
452708427;26276
452725100;26277
452741774;26278
452758448;26279
452775121;26280
452791795;26281
452825142;26282
452841816;26283
452858489;26284
452875163;26285
452891836;26286
452908510;26287
452925184;26288
452941857;26289
452958531;26290
452975205;26291
452991878;26292
453008552;26293
453025225;26294
453041899;26295
453058573;26296
453075246;26297
453091920;26298
453108593;26299
453125267;26300
453141941;26301
453158614;26302
453175288;26303
453191962;26304
453208635;26305
453225309;26306
453241982;26307
453258656;26308
453275330;26309
453292003;26310
453325350;26311
453342024;26312
453358698;26313
453375371;26314
453392045;26315
453408719;26316
453425392;26317
453442066;26318
453458739;26319
453475413;26320
453492087;26321
453508760;26322
453525434;26323
453542107;26324
453558781;26325
453575455;26326
453592128;26327
453608802;26328
453625475;26329
453642149;26330
453658823;26331
453675496;26332
453692170;26333
453708844;26334
453725517;26335
453742191;26336
453758864;26337
453775538;26338
453792212;26339
453825559;26340
453842232;26341
453858906;26342
453875580;26343
453892253;26344
453908927;26345
453925601;26346
453942274;26347
453958948;26348
453975621;26349
453992295;26350
454008969;26351
454025642;26352
454042316;26353
454058989;26354
454075663;26355
454092337;26356
454109010;26357
454125684;26358
454142357;26359
454159031;26360
454175705;26361
454192378;26362
454209052;26363
454225726;26364
454242399;26365
454259073;26366
454275746;26367
454292420;26368
454325767;26369
454342441;26370
454359114;26371
454375788;26372
454392462;26373
454409135;26374
454425809;26375
454442483;26376
454459156;26377
454475830;26378
454492503;26379
454509177;26380
454525851;26381
454542524;26382
454559198;26383
454575871;26384
454592545;26385
454609219;26386
454625892;26387
454642566;26388
454659240;26389
454675913;26390
454692587;26391
454709260;26392
454725934;26393
454742608;26394
454759281;26395
454775955;26396
454792628;26397
454825976;26398
454842649;26399
454859323;26400
454875996;26401
454892670;26402
454909344;26403
454926017;26404
454942691;26405
454959364;26406
454976038;26407
454992712;26408
455009385;26409
455026059;26410
455042733;26411
455059406;26412
455076080;26413
455092753;26414
455109427;26415
455126101;26416
455142774;26417
455159448;26418
455176121;26419
455192795;26420
455209469;26421
455226142;26422
455242816;26423
455259490;26424
455276163;26425
455292837;26426
455326184;26427
455342858;26428
455359531;26429
455376205;26430
455392879;26431
455409552;26432
455426226;26433
455442899;26434
455459573;26435
455476247;26436
455492920;26437
455509594;26438
455526267;26439
455542941;26440
455559615;26441
455576288;26442
455592962;26443
455609635;26444
455626309;26445
455642983;26446
455659656;26447
455676330;26448
455693003;26449
455709677;26450
455726351;26451
455743024;26452
455759698;26453
455776372;26454
455793045;26455
455826392;26456
455843066;26457
455859740;26458
455876413;26459
455893087;26460
455909760;26461
455926434;26462
455943108;26463
455959781;26464
455976455;26465
455993128;26466
456009802;26467
456026476;26468
456043149;26469
456059823;26470
456076497;26471
456093170;26472
456109844;26473
456126517;26474
456143191;26475
456159865;26476
456176538;26477
456193212;26478
456209885;26479
456226559;26480
456243233;26481
456259906;26482
456276580;26483
456293254;26484
456326601;26485
456343274;26486
456359948;26487
456376622;26488
456393295;26489
456409969;26490
456426642;26491
456443316;26492
456459990;26493
456476663;26494
456493337;26495
456510011;26496
456526684;26497
456543358;26498
456560031;26499
456576705;26500
456593379;26501
456610052;26502
456626726;26503
456643399;26504
456660073;26505
456676747;26506
456693420;26507
456710094;26508
456726768;26509
456743441;26510
456760115;26511
456776788;26512
456793462;26513
456826809;26514
456843483;26515
456860156;26516
456876830;26517
456893504;26518
456910177;26519
456926851;26520
456943524;26521
456960198;26522
456976872;26523
456993545;26524
457010219;26525
457026893;26526
457043566;26527
457060240;26528
457076913;26529
457093587;26530
457110261;26531
457126934;26532
457143608;26533
457160281;26534
457176955;26535
457193629;26536
457210302;26537
457226976;26538
457243650;26539
457260323;26540
457276997;26541
457293670;26542
457327018;26543
457343691;26544
457360365;26545
457377038;26546
457393712;26547
457410386;26548
457427059;26549
457443733;26550
457460406;26551
457477080;26552
457493754;26553
457510427;26554
457527101;26555
457543774;26556
457560448;26557
457577122;26558
457593795;26559
457610469;26560
457627143;26561
457643816;26562
457660490;26563
457677163;26564
457693837;26565
457710511;26566
457727184;26567
457743858;26568
457760531;26569
457777205;26570
457793879;26571
457827226;26572
457843900;26573
457860573;26574
457877247;26575
457893920;26576
457910594;26577
457927267;26578
457943941;26579
457960615;26580
457977288;26581
457993962;26582
458010636;26583
458027309;26584
458043983;26585
458060656;26586
458077330;26587
458094004;26588
458110677;26589
458127351;26590
458144025;26591
458160698;26592
458177372;26593
458194045;26594
458210719;26595
458227393;26596
458244066;26597
458260740;26598
458277413;26599
458294087;26600
458327434;26601
458344108;26602
458360782;26603
458377455;26604
458394129;26605
458410802;26606
458427476;26607
458444150;26608
458460823;26609
458477497;26610
458494170;26611
458510844;26612
458527518;26613
458544191;26614
458560865;26615
458577538;26616
458594212;26617
458610886;26618
458627559;26619
458644233;26620
458660907;26621
458677580;26622
458694254;26623
458710927;26624
458727601;26625
458744275;26626
458760948;26627
458777622;26628
458794295;26629
458827643;26630
458844316;26631
458860990;26632
458877663;26633
458894337;26634
458911011;26635
458927684;26636
458944358;26637
458961032;26638
458977705;26639
458994379;26640
459011052;26641
459027726;26642
459044400;26643
459061073;26644
459077747;26645
459094420;26646
459111094;26647
459127768;26648
459144441;26649
459161115;26650
459177789;26651
459194462;26652
459211136;26653
459227809;26654
459244483;26655
459261157;26656
459277830;26657
459294504;26658
459327851;26659
459344525;26660
459361198;26661
459377872;26662
459394545;26663
459411219;26664
459427893;26665
459444566;26666
459461240;26667
459477914;26668
459494587;26669
459511261;26670
459527934;26671
459544608;26672
459561282;26673
459577955;26674
459594629;26675
459611303;26676
459627976;26677
459644650;26678
459661323;26679
459677997;26680
459694671;26681
459711344;26682
459728018;26683
459744691;26684
459761365;26685
459778039;26686
459794712;26687
459828059;26688
459844733;26689
459861407;26690
459878080;26691
459894754;26692
459911427;26693
459928101;26694
459944775;26695
459961448;26696
459978122;26697
459994796;26698
460011469;26699
460028143;26700
460044816;26701
460061490;26702
460078164;26703
460094837;26704
460111511;26705
460128185;26706
460144858;26707
460161532;26708
460178205;26709
460194879;26710
460211553;26711
460228226;26712
460244900;26713
460261573;26714
460278247;26715
460294921;26716
460328268;26717
460344941;26718
460361615;26719
460378289;26720
460394962;26721
460411636;26722
460428310;26723
460444983;26724
460461657;26725
460478330;26726
460495004;26727
460511678;26728
460528351;26729
460545025;26730
460561698;26731
460578372;26732
460595046;26733
460611719;26734
460628393;26735
460645067;26736
460661740;26737
460678414;26738
460695087;26739
460711761;26740
460728435;26741
460745108;26742
460761782;26743
460778455;26744
460795129;26745
460828476;26746
460845150;26747
460861824;26748
460878497;26749
460895171;26750
460911844;26751
460928518;26752
460945192;26753
460961865;26754
460978539;26755
460995212;26756
461011886;26757
461028560;26758
461045233;26759
461061907;26760
461078581;26761
461095254;26762
461111928;26763
461128601;26764
461145275;26765
461161949;26766
461178622;26767
461195296;26768
461211969;26769
461228643;26770
461245317;26771
461261990;26772
461278664;26773
461295337;26774
461328685;26775
461345358;26776
461362032;26777
461378706;26778
461395379;26779
461412053;26780
461428726;26781
461445400;26782
461462074;26783
461478747;26784
461495421;26785
461512094;26786
461528768;26787
461545442;26788
461562115;26789
461578789;26790
461595463;26791
461612136;26792
461628810;26793
461645483;26794
461662157;26795
461678831;26796
461695504;26797
461712178;26798
461728852;26799
461745525;26800
461762199;26801
461778872;26802
461795546;26803
461828893;26804
461845567;26805
461862240;26806
461878914;26807
461895588;26808
461912261;26809
461928935;26810
461945609;26811
461962282;26812
461978956;26813
461995629;26814
462012303;26815
462028977;26816
462045650;26817
462062324;26818
462078998;26819
462095671;26820
462112345;26821
462129018;26822
462145692;26823
462162366;26824
462179039;26825
462195713;26826
462212387;26827
462229060;26828
462245734;26829
462262407;26830
462279081;26831
462295755;26832
462329102;26833
462345775;26834
462362449;26835
462379123;26836
462395796;26837
462412470;26838
462429144;26839
462445817;26840
462462491;26841
462479164;26842
462495838;26843
462512512;26844
462529185;26845
462545859;26846
462562533;26847
462579206;26848
462595880;26849
462612553;26850
462629227;26851
462645901;26852
462662574;26853
462679248;26854
462695922;26855
462712595;26856
462729269;26857
462745942;26858
462762616;26859
462779290;26860
462795963;26861
462829310;26862
462845984;26863
462862658;26864
462879331;26865
462896005;26866
462912679;26867
462929352;26868
462946026;26869
462962699;26870
462979373;26871
462996047;26872
463012720;26873
463029394;26874
463046067;26875
463062741;26876
463079415;26877
463096088;26878
463112762;26879
463129436;26880
463146109;26881
463162783;26882
463179457;26883
463196130;26884
463212804;26885
463229477;26886
463246151;26887
463262825;26888
463279498;26889
463296172;26890
463329519;26891
463346193;26892
463362866;26893
463379540;26894
463396214;26895
463412887;26896
463429561;26897
463446234;26898
463462908;26899
463479582;26900
463496255;26901
463512929;26902
463529603;26903
463546276;26904
463562950;26905
463579623;26906
463596297;26907
463612971;26908
463629644;26909
463646318;26910
463662992;26911
463679665;26912
463696339;26913
463713012;26914
463729686;26915
463746360;26916
463763033;26917
463779707;26918
463796381;26919
463829728;26920
463846402;26921
463863075;26922
463879749;26923
463896422;26924
463913096;26925
463929770;26926
463946443;26927
463963117;26928
463979790;26929
463996464;26930
464013138;26931
464029811;26932
464046485;26933
464063159;26934
464079832;26935
464096506;26936
464113180;26937
464129853;26938
464146527;26939
464163200;26940
464179874;26941
464196548;26942
464213221;26943
464229895;26944
464246569;26945
464263242;26946
464279916;26947
464296589;26948
464329937;26949
464346610;26950
464363284;26951
464379958;26952
464396631;26953
464413305;26954
464429978;26955
464446652;26956
464463326;26957
464479999;26958
464496673;26959
464513347;26960
464530020;26961
464546694;26962
464563368;26963
464580041;26964
464596715;26965
464613388;26966
464630062;26967
464646736;26968
464663409;26969
464680083;26970
464696757;26971
464713430;26972
464730104;26973
464746777;26974
464763451;26975
464780125;26976
464796798;26977
464830146;26978
464846819;26979
464863493;26980
464880167;26981
464896840;26982
464913514;26983
464930187;26984
464946861;26985
464963535;26986
464980208;26987
464996882;26988
465013556;26989
465030229;26990
465046903;26991
465063576;26992
465080250;26993
465096924;26994
465113597;26995
465130271;26996
465146945;26997
465163618;26998
465180292;26999
465196966;27000
465213639;27001
465230313;27002
465246987;27003
465263660;27004
465280334;27005
465297007;27006
465330355;27007
465347028;27008
465363702;27009
465380376;27010
465397049;27011
465413723;27012
465430397;27013
465447070;27014
465463744;27015
465480417;27016
465497091;27017
465513765;27018
465530438;27019
465547112;27020
465563786;27021
465580459;27022
465597133;27023
465613806;27024
465630480;27025
465647154;27026
465663827;27027
465680501;27028
465697175;27029
465713848;27030
465730522;27031
465747196;27032
465763869;27033
465780543;27034
465797217;27035
465830564;27036
465847237;27037
465863911;27038
465880585;27039
465897258;27040
465913932;27041
465930606;27042
465947279;27043
465963953;27044
465980627;27045
465997300;27046
466013974;27047
466030647;27048
466047321;27049
466063995;27050
466080668;27051
466097342;27052
466114016;27053
466130689;27054
466147363;27055
466164037;27056
466180710;27057
466197384;27058
466214058;27059
466230731;27060
466247405;27061
466264079;27062
466280752;27063
466297426;27064
466330773;27065
466347447;27066
466364120;27067
466380794;27068
466397468;27069
466414141;27070
466430815;27071
466447489;27072
466464162;27073
466480836;27074
466497510;27075
466514183;27076
466530857;27077
466547531;27078
466564204;27079
466580878;27080
466597551;27081
466614225;27082
466630899;27083
466647572;27084
466664246;27085
466680920;27086
466697593;27087
466714267;27088
466730940;27089
466747614;27090
466764288;27091
466780961;27092
466797635;27093
466830982;27094
466847656;27095
466864330;27096
466881003;27097
466897677;27098
466914351;27099
466931024;27100
466947698;27101
466964371;27102
466981045;27103
466997719;27104
467014393;27105
467031066;27106
467047740;27107
467064413;27108
467081087;27109
467097761;27110
467114434;27111
467131108;27112
467147782;27113
467164455;27114
467181129;27115
467197803;27116
467214476;27117
467231150;27118
467247824;27119
467264497;27120
467281171;27121
467297845;27122
467331192;27123
467347865;27124
467364539;27125
467381213;27126
467397886;27127
467414560;27128
467431234;27129
467447907;27130
467464581;27131
467481255;27132
467497928;27133
467514602;27134
467531276;27135
467547949;27136
467564623;27137
467581297;27138
467597970;27139
467614644;27140
467631318;27141
467647991;27142
467664665;27143
467681338;27144
467698012;27145
467714686;27146
467731359;27147
467748033;27148
467764707;27149
467781380;27150
467798054;27151
467831401;27152
467848075;27153
467864749;27154
467881422;27155
467898096;27156
467914770;27157
467931443;27158
467948117;27159
467964791;27160
467981464;27161
467998138;27162
468014812;27163
468031485;27164
468048159;27165
468064832;27166
468081506;27167
468098180;27168
468114854;27169
468131527;27170
468148201;27171
468164874;27172
468181548;27173
468198222;27174
468214895;27175
468231569;27176
468248243;27177
468264917;27178
468281590;27179
468298264;27180
468331611;27181
468348285;27182
468364958;27183
468381632;27184
468398306;27185
468414979;27186
468431653;27187
468448327;27188
468465000;27189
468481674;27190
468498348;27191
468515021;27192
468531695;27193
468548369;27194
468565042;27195
468581716;27196
468598390;27197
468615063;27198
468631737;27199
468648411;27200
468665084;27201
468681758;27202
468698432;27203
468715105;27204
468731779;27205
468748453;27206
468765126;27207
468781800;27208
468798474;27209
468831821;27210
468848494;27211
468865168;27212
468881842;27213
468898516;27214
468915189;27215
468931863;27216
468948537;27217
468965210;27218
468981884;27219
468998557;27220
469015231;27221
469031905;27222
469048578;27223
469065252;27224
469081926;27225
469098599;27226
469115273;27227
469131947;27228
469148620;27229
469165294;27230
469181968;27231
469198641;27232
469215315;27233
469231989;27234
469248662;27235
469265336;27236
469282010;27237
469298683;27238
469332031;27239
469348704;27240
469365378;27241
469382052;27242
469398725;27243
469415399;27244
469432073;27245
469448746;27246
469465420;27247
469482094;27248
469498767;27249
469515441;27250
469532115;27251
469548789;27252
469565462;27253
469582136;27254
469598809;27255
469615483;27256
469632157;27257
469648830;27258
469665504;27259
469682178;27260
469698852;27261
469715525;27262
469732199;27263
469748873;27264
469765546;27265
469782220;27266
469798893;27267
469832241;27268
469848914;27269
469865588;27270
469882262;27271
469898936;27272
469915609;27273
469932283;27274
469948956;27275
469965630;27276
469982304;27277
469998978;27278
470015651;27279
470032325;27280
470048999;27281
470065672;27282
470082346;27283
470099019;27284
470115693;27285
470132367;27286
470149041;27287
470165714;27288
470182388;27289
470199062;27290
470215735;27291
470232409;27292
470249083;27293
470265756;27294
470282430;27295
470299104;27296
470332451;27297
470349125;27298
470365798;27299
470382472;27300
470399146;27301
470415819;27302
470432493;27303
470449167;27304
470465840;27305
470482514;27306
470499188;27307
470515861;27308
470532535;27309
470549209;27310
470565882;27311
470582556;27312
470599230;27313
470615903;27314
470632577;27315
470649251;27316
470665924;27317
470682598;27318
470699272;27319
470715946;27320
470732619;27321
470749293;27322
470765967;27323
470782640;27324
470799314;27325
470832661;27326
470849335;27327
470866009;27328
470882682;27329
470899356;27330
470916030;27331
470932703;27332
470949377;27333
470966051;27334
470982724;27335
470999398;27336
471016072;27337
471032745;27338
471049419;27339
471066093;27340
471082766;27341
471099440;27342
471116114;27343
471132787;27344
471149461;27345
471166135;27346
471182809;27347
471199482;27348
471216156;27349
471232830;27350
471249503;27351
471266177;27352
471282851;27353
471299524;27354
471332872;27355
471349545;27356
471366219;27357
471382893;27358
471399566;27359
471416240;27360
471432914;27361
471449587;27362
471466261;27363
471482935;27364
471499608;27365
471516282;27366
471532956;27367
471549630;27368
471566303;27369
471582977;27370
471599651;27371
471616324;27372
471632998;27373
471649672;27374
471666345;27375
471683019;27376
471699693;27377
471716366;27378
471733040;27379
471749714;27380
471766387;27381
471783061;27382
471799735;27383
471833082;27384
471849756;27385
471866429;27386
471883103;27387
471899777;27388
471916451;27389
471933124;27390
471949798;27391
471966472;27392
471983145;27393
471999819;27394
472016493;27395
472033166;27396
472049840;27397
472066514;27398
472083187;27399
472099861;27400
472116535;27401
472133209;27402
472149882;27403
472166556;27404
472183230;27405
472199903;27406
472216577;27407
472233251;27408
472249924;27409
472266598;27410
472283272;27411
472299945;27412
472333293;27413
472349966;27414
472366640;27415
472383314;27416
472399988;27417
472416661;27418
472433335;27419
472450009;27420
472466682;27421
472483356;27422
472500030;27423
472516703;27424
472533377;27425
472550051;27426
472566724;27427
472583398;27428
472600072;27429
472616745;27430
472633419;27431
472650093;27432
472666767;27433
472683440;27434
472700114;27435
472716788;27436
472733461;27437
472750135;27438
472766809;27439
472783482;27440
472800156;27441
472833504;27442
472850177;27443
472866851;27444
472883525;27445
472900198;27446
472916872;27447
472933546;27448
472950219;27449
472966893;27450
472983567;27451
473000240;27452
473016914;27453
473033588;27454
473050261;27455
473066935;27456
473083609;27457
473100283;27458
473116956;27459
473133630;27460
473150304;27461
473166977;27462
473183651;27463
473200325;27464
473216999;27465
473233672;27466
473250346;27467
473267020;27468
473283693;27469
473300367;27470
473333714;27471
473350388;27472
473367062;27473
473383735;27474
473400409;27475
473417083;27476
473433757;27477
473450430;27478
473467104;27479
473483778;27480
473500451;27481
473517125;27482
473533799;27483
473550473;27484
473567146;27485
473583820;27486
473600494;27487
473617167;27488
473633841;27489
473650515;27490
473667188;27491
473683862;27492
473700536;27493
473717209;27494
473733883;27495
473750557;27496
473767231;27497
473783904;27498
473800578;27499
473833925;27500
473850599;27501
473867273;27502
473883947;27503
473900620;27504
473917294;27505
473933968;27506
473950641;27507
473967315;27508
473983989;27509
474000662;27510
474017336;27511
474034010;27512
474050684;27513
474067357;27514
474084031;27515
474100705;27516
474117378;27517
474134052;27518
474150726;27519
474167399;27520
474184073;27521
474200747;27522
474217421;27523
474234094;27524
474250768;27525
474267442;27526
474284115;27527
474300789;27528
474334137;27529
474350810;27530
474367484;27531
474384158;27532
474400831;27533
474417505;27534
474434179;27535
474450853;27536
474467526;27537
474484200;27538
474500874;27539
474517547;27540
474534221;27541
474550895;27542
474567569;27543
474584242;27544
474600916;27545
474617590;27546
474634263;27547
474650937;27548
474667611;27549
474684284;27550
474700958;27551
474717632;27552
474734306;27553
474750979;27554
474767653;27555
474784327;27556
474801000;27557
474834348;27558
474851022;27559
474867695;27560
474884369;27561
474901043;27562
474917716;27563
474934390;27564
474951064;27565
474967738;27566
474984411;27567
475001085;27568
475017759;27569
475034432;27570
475051106;27571
475067780;27572
475084453;27573
475101127;27574
475117801;27575
475134475;27576
475151148;27577
475167822;27578
475184496;27579
475201170;27580
475217843;27581
475234517;27582
475251191;27583
475267864;27584
475284538;27585
475301212;27586
475334559;27587
475351233;27588
475367907;27589
475384580;27590
475401254;27591
475417928;27592
475434602;27593
475451275;27594
475467949;27595
475484623;27596
475501297;27597
475517970;27598
475534644;27599
475551318;27600
475567991;27601
475584665;27602
475601339;27603
475618012;27604
475634686;27605
475651360;27606
475668034;27607
475684707;27608
475701381;27609
475718055;27610
475734729;27611
475751402;27612
475768076;27613
475784750;27614
475801423;27615
475834771;27616
475851445;27617
475868118;27618
475884792;27619
475901466;27620
475918139;27621
475934813;27622
475951487;27623
475968161;27624
475984834;27625
476001508;27626
476018182;27627
476034856;27628
476051529;27629
476068203;27630
476084877;27631
476101550;27632
476118224;27633
476134898;27634
476151572;27635
476168245;27636
476184919;27637
476201593;27638
476218266;27639
476234940;27640
476251614;27641
476268288;27642
476284961;27643
476301635;27644
476334983;27645
476351656;27646
476368330;27647
476385004;27648
476401677;27649
476418351;27650
476435025;27651
476451699;27652
476468372;27653
476485046;27654
476501720;27655
476518394;27656
476535067;27657
476551741;27658
476568415;27659
476585088;27660
476601762;27661
476618436;27662
476635110;27663
476651783;27664
476668457;27665
476685131;27666
476701805;27667
476718478;27668
476735152;27669
476751826;27670
476768500;27671
476785173;27672
476801847;27673
476835194;27674
476851868;27675
476868542;27676
476885216;27677
476901889;27678
476918563;27679
476935237;27680
476951910;27681
476968584;27682
476985258;27683
477001932;27684
477018605;27685
477035279;27686
477051953;27687
477068627;27688
477085300;27689
477101974;27690
477118648;27691
477135322;27692
477151995;27693
477168669;27694
477185343;27695
477202016;27696
477218690;27697
477235364;27698
477252038;27699
477268711;27700
477285385;27701
477302059;27702
477335406;27703
477352080;27704
477368754;27705
477385428;27706
477402101;27707
477418775;27708
477435449;27709
477452122;27710
477468796;27711
477485470;27712
477502144;27713
477518817;27714
477535491;27715
477552165;27716
477568839;27717
477585512;27718
477602186;27719
477618860;27720
477635534;27721
477652207;27722
477668881;27723
477685555;27724
477702229;27725
477718902;27726
477735576;27727
477752250;27728
477768923;27729
477785597;27730
477802271;27731
477835618;27732
477852292;27733
477868966;27734
477885640;27735
477902313;27736
477918987;27737
477935661;27738
477952335;27739
477969008;27740
477985682;27741
478002356;27742
478019029;27743
478035703;27744
478052377;27745
478069051;27746
478085724;27747
478102398;27748
478119072;27749
478135746;27750
478152419;27751
478169093;27752
478185767;27753
478202441;27754
478219114;27755
478235788;27756
478252462;27757
478269136;27758
478285809;27759
478302483;27760
478335831;27761
478352504;27762
478369178;27763
478385852;27764
478402525;27765
478419199;27766
478435873;27767
478452547;27768
478469221;27769
478485894;27770
478502568;27771
478519242;27772
478535915;27773
478552589;27774
478569263;27775
478585937;27776
478602611;27777
478619284;27778
478635958;27779
478652632;27780
478669305;27781
478685979;27782
478702653;27783
478719327;27784
478736000;27785
478752674;27786
478769348;27787
478786022;27788
478802695;27789
478836043;27790
478852717;27791
478869390;27792
478886064;27793
478902738;27794
478919412;27795
478936085;27796
478952759;27797
478969433;27798
478986107;27799
479002780;27800
479019454;27801
479036128;27802
479052802;27803
479069475;27804
479086149;27805
479102823;27806
479119497;27807
479136170;27808
479152844;27809
479169518;27810
479186191;27811
479202865;27812
479219539;27813
479236213;27814
479252887;27815
479269560;27816
479286234;27817
479302908;27818
479336255;27819
479352929;27820
479369603;27821
479386277;27822
479402950;27823
479419624;27824
479436298;27825
479452972;27826
479469645;27827
479486319;27828
479502993;27829
479519667;27830
479536340;27831
479553014;27832
479569688;27833
479586362;27834
479603035;27835
479619709;27836
479636383;27837
479653057;27838
479669730;27839
479686404;27840
479703078;27841
479719752;27842
479736425;27843
479753099;27844
479769773;27845
479786447;27846
479803120;27847
479836468;27848
479853142;27849
479869815;27850
479886489;27851
479903163;27852
479919837;27853
479936510;27854
479953184;27855
479969858;27856
479986532;27857
480003205;27858
480019879;27859
480036553;27860
480053227;27861
480069900;27862
480086574;27863
480103248;27864
480119922;27865
480136595;27866
480153269;27867
480169943;27868
480186617;27869
480203290;27870
480219964;27871
480236638;27872
480253312;27873
480269985;27874
480286659;27875
480303333;27876
480336681;27877
480353354;27878
480370028;27879
480386702;27880
480403376;27881
480420049;27882
480436723;27883
480453397;27884
480470071;27885
480486744;27886
480503418;27887
480520092;27888
480536766;27889
480553439;27890
480570113;27891
480586787;27892
480603461;27893
480620134;27894
480636808;27895
480653482;27896
480670156;27897
480686829;27898
480703503;27899
480720177;27900
480736851;27901
480753524;27902
480770198;27903
480786872;27904
480803546;27905
480836893;27906
480853567;27907
480870241;27908
480886914;27909
480903588;27910
480920262;27911
480936936;27912
480953610;27913
480970283;27914
480986957;27915
481003631;27916
481020305;27917
481036978;27918
481053652;27919
481070326;27920
481087000;27921
481103673;27922
481120347;27923
481137021;27924
481153695;27925
481170368;27926
481187042;27927
481203716;27928
481220390;27929
481237063;27930
481253737;27931
481270411;27932
481287085;27933
481303758;27934
481337106;27935
481353780;27936
481370454;27937
481387127;27938
481403801;27939
481420475;27940
481437149;27941
481453822;27942
481470496;27943
481487170;27944
481503844;27945
481520517;27946
481537191;27947
481553865;27948
481570539;27949
481587212;27950
481603886;27951
481620560;27952
481637234;27953
481653908;27954
481670581;27955
481687255;27956
481703929;27957
481720603;27958
481737276;27959
481753950;27960
481770624;27961
481787298;27962
481803971;27963
481837319;27964
481853993;27965
481870666;27966
481887340;27967
481904014;27968
481920688;27969
481937361;27970
481954035;27971
481970709;27972
481987383;27973
482004057;27974
482020730;27975
482037404;27976
482054078;27977
482070752;27978
482087425;27979
482104099;27980
482120773;27981
482137447;27982
482154121;27983
482170794;27984
482187468;27985
482204142;27986
482220816;27987
482237489;27988
482254163;27989
482270837;27990
482287511;27991
482304184;27992
482337532;27993
482354206;27994
482370880;27995
482387553;27996
482404227;27997
482420901;27998
482437574;27999
482454248;28000
482470922;28001
482487596;28002
482504270;28003
482520943;28004
482537617;28005
482554291;28006
482570965;28007
482587638;28008
482604312;28009
482620986;28010
482637660;28011
482654334;28012
482671007;28013
482687681;28014
482704355;28015
482721029;28016
482737702;28017
482754376;28018
482771050;28019
482787724;28020
482804397;28021
482837745;28022
482854419;28023
482871093;28024
482887766;28025
482904440;28026
482921114;28027
482937788;28028
482954461;28029
482971135;28030
482987809;28031
483004483;28032
483021156;28033
483037830;28034
483054504;28035
483071178;28036
483087852;28037
483104525;28038
483121199;28039
483137873;28040
483154547;28041
483171220;28042
483187894;28043
483204568;28044
483221242;28045
483237915;28046
483254589;28047
483271263;28048
483287937;28049
483304611;28050
483337958;28051
483354632;28052
483371306;28053
483387979;28054
483404653;28055
483421327;28056
483438001;28057
483454674;28058
483471348;28059
483488022;28060
483504696;28061
483521370;28062
483538043;28063
483554717;28064
483571391;28065
483588065;28066
483604739;28067
483621412;28068
483638086;28069
483654760;28070
483671434;28071
483688107;28072
483704781;28073
483721455;28074
483738129;28075
483754802;28076
483771476;28077
483788150;28078
483804824;28079
483838171;28080
483854845;28081
483871519;28082
483888193;28083
483904866;28084
483921540;28085
483938214;28086
483954888;28087
483971561;28088
483988235;28089
484004909;28090
484021583;28091
484038257;28092
484054930;28093
484071604;28094
484088278;28095
484104952;28096
484121625;28097
484138299;28098
484154973;28099
484171647;28100
484188321;28101
484204994;28102
484221668;28103
484238342;28104
484255016;28105
484271689;28106
484288363;28107
484305037;28108
484338385;28109
484355058;28110
484371732;28111
484388406;28112
484405080;28113
484421753;28114
484438427;28115
484455101;28116
484471775;28117
484488449;28118
484505122;28119
484521796;28120
484538470;28121
484555144;28122
484571817;28123
484588491;28124
484605165;28125
484621839;28126
484638513;28127
484655186;28128
484671860;28129
484688534;28130
484705208;28131
484721881;28132
484738555;28133
484755229;28134
484771903;28135
484788577;28136
484805250;28137
484838598;28138
484855272;28139
484871945;28140
484888619;28141
484905293;28142
484921967;28143
484938641;28144
484955314;28145
484971988;28146
484988662;28147
485005336;28148
485022009;28149
485038683;28150
485055357;28151
485072031;28152
485088705;28153
485105378;28154
485122052;28155
485138726;28156
485155400;28157
485172074;28158
485188747;28159
485205421;28160
485222095;28161
485238769;28162
485255442;28163
485272116;28164
485288790;28165
485305464;28166
485338811;28167
485355485;28168
485372159;28169
485388833;28170
485405506;28171
485422180;28172
485438854;28173
485455528;28174
485472201;28175
485488875;28176
485505549;28177
485522223;28178
485538897;28179
485555570;28180
485572244;28181
485588918;28182
485605592;28183
485622265;28184
485638939;28185
485655613;28186
485672287;28187
485688961;28188
485705634;28189
485722308;28190
485738982;28191
485755656;28192
485772330;28193
485789003;28194
485805677;28195
485839025;28196
485855698;28197
485872372;28198
485889046;28199
485905720;28200
485922394;28201
485939067;28202
485955741;28203
485972415;28204
485989089;28205
486005762;28206
486022436;28207
486039110;28208
486055784;28209
486072458;28210
486089131;28211
486105805;28212
486122479;28213
486139153;28214
486155826;28215
486172500;28216
486189174;28217
486205848;28218
486222522;28219
486239195;28220
486255869;28221
486272543;28222
486289217;28223
486305891;28224
486339238;28225
486355912;28226
486372586;28227
486389259;28228
486405933;28229
486422607;28230
486439281;28231
486455955;28232
486472628;28233
486489302;28234
486505976;28235
486522650;28236
486539324;28237
486555997;28238
486572671;28239
486589345;28240
486606019;28241
486622692;28242
486639366;28243
486656040;28244
486672714;28245
486689388;28246
486706061;28247
486722735;28248
486739409;28249
486756083;28250
486772757;28251
486789430;28252
486806104;28253
486839452;28254
486856125;28255
486872799;28256
486889473;28257
486906147;28258
486922821;28259
486939494;28260
486956168;28261
486972842;28262
486989516;28263
487006189;28264
487022863;28265
487039537;28266
487056211;28267
487072885;28268
487089558;28269
487106232;28270
487122906;28271
487139580;28272
487156254;28273
487172927;28274
487189601;28275
487206275;28276
487222949;28277
487239622;28278
487256296;28279
487272970;28280
487289644;28281
487306318;28282
487339665;28283
487356339;28284
487373013;28285
487389687;28286
487406360;28287
487423034;28288
487439708;28289
487456382;28290
487473055;28291
487489729;28292
487506403;28293
487523077;28294
487539751;28295
487556424;28296
487573098;28297
487589772;28298
487606446;28299
487623120;28300
487639793;28301
487656467;28302
487673141;28303
487689815;28304
487706488;28305
487723162;28306
487739836;28307
487756510;28308
487773184;28309
487789857;28310
487806531;28311
487839879;28312
487856553;28313
487873226;28314
487889900;28315
487906574;28316
487923248;28317
487939921;28318
487956595;28319
487973269;28320
487989943;28321
488006617;28322
488023290;28323
488039964;28324
488056638;28325
488073312;28326
488089985;28327
488106659;28328
488123333;28329
488140007;28330
488156681;28331
488173354;28332
488190028;28333
488206702;28334
488223376;28335
488240050;28336
488256723;28337
488273397;28338
488290071;28339
488306745;28340
488340092;28341
488356766;28342
488373440;28343
488390114;28344
488406787;28345
488423461;28346
488440135;28347
488456809;28348
488473483;28349
488490156;28350
488506830;28351
488523504;28352
488540178;28353
488556852;28354
488573525;28355
488590199;28356
488606873;28357
488623547;28358
488640220;28359
488656894;28360
488673568;28361
488690242;28362
488706916;28363
488723589;28364
488740263;28365
488756937;28366
488773611;28367
488790285;28368
488806958;28369
488840306;28370
488856980;28371
488873653;28372
488890327;28373
488907001;28374
488923675;28375
488940349;28376
488957022;28377
488973696;28378
488990370;28379
489007044;28380
489023718;28381
489040391;28382
489057065;28383
489073739;28384
489090413;28385
489107087;28386
489123760;28387
489140434;28388
489157108;28389
489173782;28390
489190456;28391
489207129;28392
489223803;28393
489240477;28394
489257151;28395
489273824;28396
489290498;28397
489307172;28398
489340519;28399
489357193;28400
489373867;28401
489390541;28402
489407215;28403
489423888;28404
489440562;28405
489457236;28406
489473910;28407
489490584;28408
489507257;28409
489523931;28410
489540605;28411
489557279;28412
489573953;28413
489590626;28414
489607300;28415
489623974;28416
489640648;28417
489657321;28418
489673995;28419
489690669;28420
489707343;28421
489724017;28422
489740690;28423
489757364;28424
489774038;28425
489790712;28426
489807386;28427
489840733;28428
489857407;28429
489874081;28430
489890754;28431
489907428;28432
489924102;28433
489940776;28434
489957450;28435
489974123;28436
489990797;28437
490007471;28438
490024145;28439
490040819;28440
490057492;28441
490074166;28442
490090840;28443
490107514;28444
490124187;28445
490140861;28446
490157535;28447
490174209;28448
490190883;28449
490207556;28450
490224230;28451
490240904;28452
490257578;28453
490274252;28454
490290925;28455
490307599;28456
490340947;28457
490357620;28458
490374294;28459
490390968;28460
490407642;28461
490424316;28462
490440989;28463
490457663;28464
490474337;28465
490491011;28466
490507685;28467
490524358;28468
490541032;28469
490557706;28470
490574380;28471
490591053;28472
490607727;28473
490624401;28474
490641075;28475
490657749;28476
490674422;28477
490691096;28478
490707770;28479
490724444;28480
490741118;28481
490757791;28482
490774465;28483
490791139;28484
490807813;28485
490841160;28486
490857834;28487
490874508;28488
490891182;28489
490907855;28490
490924529;28491
490941203;28492
490957877;28493
490974551;28494
490991224;28495
491007898;28496
491024572;28497
491041246;28498
491057919;28499
491074593;28500
491091267;28501
491107941;28502
491124615;28503
491141288;28504
491157962;28505
491174636;28506
491191310;28507
491207984;28508
491224657;28509
491241331;28510
491258005;28511
491274679;28512
491291352;28513
491308026;28514
491341374;28515
491358048;28516
491374721;28517
491391395;28518
491408069;28519
491424743;28520
491441416;28521
491458090;28522
491474764;28523
491491438;28524
491508112;28525
491524785;28526
491541459;28527
491558133;28528
491574807;28529
491591480;28530
491608154;28531
491624828;28532
491641502;28533
491658176;28534
491674849;28535
491691523;28536
491708197;28537
491724871;28538
491741544;28539
491758218;28540
491774892;28541
491791566;28542
491808240;28543
491841587;28544
491858261;28545
491874935;28546
491891609;28547
491908282;28548
491924956;28549
491941630;28550
491958304;28551
491974977;28552
491991651;28553
492008325;28554
492024999;28555
492041673;28556
492058346;28557
492075020;28558
492091694;28559
492108368;28560
492125042;28561
492141715;28562
492158389;28563
492175063;28564
492191737;28565
492208410;28566
492225084;28567
492241758;28568
492258432;28569
492275106;28570
492291779;28571
492308453;28572
492341801;28573
492358475;28574
492375148;28575
492391822;28576
492408496;28577
492425170;28578
492441843;28579
492458517;28580
492475191;28581
492491865;28582
492508538;28583
492525212;28584
492541886;28585
492558560;28586
492575234;28587
492591907;28588
492608581;28589
492625255;28590
492641929;28591
492658602;28592
492675276;28593
492691950;28594
492708624;28595
492725298;28596
492741971;28597
492758645;28598
492775319;28599
492791993;28600
492808666;28601
492842014;28602
492858688;28603
492875362;28604
492892035;28605
492908709;28606
492925383;28607
492942057;28608
492958731;28609
492975404;28610
492992078;28611
493008752;28612
493025426;28613
493042099;28614
493058773;28615
493075447;28616
493092121;28617
493108795;28618
493125468;28619
493142142;28620
493158816;28621
493175490;28622
493192163;28623
493208837;28624
493225511;28625
493242185;28626
493258858;28627
493275532;28628
493292206;28629
493308880;28630
493342227;28631
493358901;28632
493375575;28633
493392249;28634
493408922;28635
493425596;28636
493442270;28637
493458944;28638
493475618;28639
493492291;28640
493508965;28641
493525639;28642
493542313;28643
493558986;28644
493575660;28645
493592334;28646
493609008;28647
493625682;28648
493642355;28649
493659029;28650
493675703;28651
493692377;28652
493709050;28653
493725724;28654
493742398;28655
493759072;28656
493775745;28657
493792419;28658
493809093;28659
493842441;28660
493859114;28661
493875788;28662
493892462;28663
493909136;28664
493925809;28665
493942483;28666
493959157;28667
493975831;28668
493992505;28669
494009178;28670
494025852;28671
494042526;28672
494059200;28673
494075873;28674
494092547;28675
494109221;28676
494125895;28677
494142569;28678
494159242;28679
494175916;28680
494192590;28681
494209264;28682
494225937;28683
494242611;28684
494259285;28685
494275959;28686
494292632;28687
494309306;28688
494342654;28689
494359328;28690
494376001;28691
494392675;28692
494409349;28693
494426023;28694
494442696;28695
494459370;28696
494476044;28697
494492718;28698
494509391;28699
494526065;28700
494542739;28701
494559413;28702
494576087;28703
494592760;28704
494609434;28705
494626108;28706
494642782;28707
494659455;28708
494676129;28709
494692803;28710
494709477;28711
494726150;28712
494742824;28713
494759498;28714
494776172;28715
494792846;28716
494809519;28717
494842867;28718
494859541;28719
494876214;28720
494892888;28721
494909562;28722
494926236;28723
494942910;28724
494959583;28725
494976257;28726
494992931;28727
495009605;28728
495026278;28729
495042952;28730
495059626;28731
495076300;28732
495092973;28733
495109647;28734
495126321;28735
495142995;28736
495159669;28737
495176342;28738
495193016;28739
495209690;28740
495226364;28741
495243037;28742
495259711;28743
495276385;28744
495293059;28745
495309732;28746
495343080;28747
495359754;28748
495376428;28749
495393101;28750
495409775;28751
495426449;28752
495443123;28753
495459796;28754
495476470;28755
495493144;28756
495509818;28757
495526491;28758
495543165;28759
495559839;28760
495576513;28761
495593186;28762
495609860;28763
495626534;28764
495643208;28765
495659882;28766
495676555;28767
495693229;28768
495709903;28769
495726577;28770
495743250;28771
495759924;28772
495776598;28773
495793272;28774
495809946;28775
495843293;28776
495859967;28777
495876641;28778
495893314;28779
495909988;28780
495926662;28781
495943336;28782
495960009;28783
495976683;28784
495993357;28785
496010031;28786
496026704;28787
496043378;28788
496060052;28789
496076726;28790
496093400;28791
496110073;28792
496126747;28793
496143421;28794
496160095;28795
496176768;28796
496193442;28797
496210116;28798
496226790;28799
496243463;28800
496260137;28801
496276811;28802
496293485;28803
496310158;28804
496343506;28805
496360180;28806
496376853;28807
496393527;28808
496410201;28809
496426875;28810
496443548;28811
496460222;28812
496476896;28813
496493570;28814
496510244;28815
496526917;28816
496543591;28817
496560265;28818
496576939;28819
496593612;28820
496610286;28821
496626960;28822
496643634;28823
496660307;28824
496676981;28825
496693655;28826
496710329;28827
496727002;28828
496743676;28829
496760350;28830
496777024;28831
496793698;28832
496810371;28833
496843719;28834
496860393;28835
496877066;28836
496893740;28837
496910414;28838
496927088;28839
496943761;28840
496960435;28841
496977109;28842
496993783;28843
497010456;28844
497027130;28845
497043804;28846
497060478;28847
497077151;28848
497093825;28849
497110499;28850
497127173;28851
497143847;28852
497160520;28853
497177194;28854
497193868;28855
497210541;28856
497227215;28857
497243889;28858
497260563;28859
497277237;28860
497293910;28861
497310584;28862
497343932;28863
497360605;28864
497377279;28865
497393953;28866
497410627;28867
497427300;28868
497443974;28869
497460648;28870
497477322;28871
497493995;28872
497510669;28873
497527343;28874
497544017;28875
497560690;28876
497577364;28877
497594038;28878
497610712;28879
497627385;28880
497644059;28881
497660733;28882
497677407;28883
497694080;28884
497710754;28885
497727428;28886
497744102;28887
497760775;28888
497777449;28889
497794123;28890
497810797;28891
497844144;28892
497860818;28893
497877492;28894
497894166;28895
497910839;28896
497927513;28897
497944187;28898
497960861;28899
497977534;28900
497994208;28901
498010882;28902
498027556;28903
498044229;28904
498060903;28905
498077577;28906
498094251;28907
498110924;28908
498127598;28909
498144272;28910
498160946;28911
498177619;28912
498194293;28913
498210967;28914
498227641;28915
498244314;28916
498260988;28917
498277662;28918
498294336;28919
498311009;28920
498344357;28921
498361031;28922
498377704;28923
498394378;28924
498411052;28925
498427726;28926
498444399;28927
498461073;28928
498477747;28929
498494421;28930
498511094;28931
498527768;28932
498544442;28933
498561116;28934
498577789;28935
498594463;28936
498611137;28937
498627811;28938
498644484;28939
498661158;28940
498677832;28941
498694506;28942
498711179;28943
498727853;28944
498744527;28945
498761201;28946
498777874;28947
498794548;28948
498811222;28949
498844569;28950
498861243;28951
498877917;28952
498894591;28953
498911265;28954
498927938;28955
498944612;28956
498961286;28957
498977959;28958
498994633;28959
499011307;28960
499027981;28961
499044654;28962
499061328;28963
499078002;28964
499094676;28965
499111349;28966
499128023;28967
499144697;28968
499161371;28969
499178044;28970
499194718;28971
499211392;28972
499228066;28973
499244739;28974
499261413;28975
499278087;28976
499294761;28977
499311434;28978
499344782;28979
499361456;28980
499378129;28981
499394803;28982
499411477;28983
499428151;28984
499444824;28985
499461498;28986
499478172;28987
499494846;28988
499511519;28989
499528193;28990
499544867;28991
499561541;28992
499578214;28993
499594888;28994
499611562;28995
499628236;28996
499644909;28997
499661583;28998
499678257;28999
499694931;29000
499711604;29001
499728278;29002
499744952;29003
499761625;29004
499778299;29005
499794973;29006
499811647;29007
499844994;29008
499861668;29009
499878342;29010
499895015;29011
499911689;29012
499928363;29013
499945037;29014
499961710;29015
499978384;29016
499995058;29017
500011732;29018
500028405;29019
500045079;29020
500061753;29021
500078427;29022
500095100;29023
500111774;29024
500128448;29025
500145122;29026
500161795;29027
500178469;29028
500195143;29029
500211816;29030
500228490;29031
500245164;29032
500261838;29033
500278512;29034
500295185;29035
500311859;29036
500345206;29037
500361880;29038
500378554;29039
500395228;29040
500411901;29041
500428575;29042
500445249;29043
500461923;29044
500478596;29045
500495270;29046
500511944;29047
500528618;29048
500545291;29049
500561965;29050
500578639;29051
500595313;29052
500611986;29053
500628660;29054
500645334;29055
500662007;29056
500678681;29057
500695355;29058
500712029;29059
500728702;29060
500745376;29061
500762050;29062
500778724;29063
500795397;29064
500812071;29065
500845419;29066
500862092;29067
500878766;29068
500895440;29069
500912113;29070
500928787;29071
500945461;29072
500962135;29073
500978808;29074
500995482;29075
501012156;29076
501028830;29077
501045503;29078
501062177;29079
501078851;29080
501095525;29081
501112198;29082
501128872;29083
501145546;29084
501162220;29085
501178893;29086
501195567;29087
501212241;29088
501228914;29089
501245588;29090
501262262;29091
501278936;29092
501295609;29093
501312283;29094
501345631;29095
501362304;29096
501378978;29097
501395652;29098
501412326;29099
501428999;29100
501445673;29101
501462347;29102
501479020;29103
501495694;29104
501512368;29105
501529042;29106
501545715;29107
501562389;29108
501579063;29109
501595737;29110
501612410;29111
501629084;29112
501645758;29113
501662431;29114
501679105;29115
501695779;29116
501712453;29117
501729126;29118
501745800;29119
501762474;29120
501779148;29121
501795821;29122
501812495;29123
501845843;29124
501862516;29125
501879190;29126
501895864;29127
501912537;29128
501929211;29129
501945885;29130
501962559;29131
501979232;29132
501995906;29133
502012580;29134
502029254;29135
502045927;29136
502062601;29137
502079275;29138
502095948;29139
502112622;29140
502129296;29141
502145970;29142
502162643;29143
502179317;29144
502195991;29145
502212664;29146
502229338;29147
502246012;29148
502262686;29149
502279359;29150
502296033;29151
502312707;29152
502346054;29153
502362728;29154
502379402;29155
502396075;29156
502412749;29157
502429423;29158
502446097;29159
502462770;29160
502479444;29161
502496118;29162
502512792;29163
502529465;29164
502546139;29165
502562813;29166
502579486;29167
502596160;29168
502612834;29169
502629508;29170
502646181;29171
502662855;29172
502679529;29173
502696203;29174
502712876;29175
502729550;29176
502746224;29177
502762897;29178
502779571;29179
502796245;29180
502812919;29181
502846266;29182
502862940;29183
502879613;29184
502896287;29185
502912961;29186
502929635;29187
502946308;29188
502962982;29189
502979656;29190
502996330;29191
503013003;29192
503029677;29193
503046351;29194
503063024;29195
503079698;29196
503096372;29197
503113046;29198
503129719;29199
503146393;29200
503163067;29201
503179740;29202
503196414;29203
503213088;29204
503229762;29205
503246435;29206
503263109;29207
503279783;29208
503296456;29209
503313130;29210
503346478;29211
503363151;29212
503379825;29213
503396499;29214
503413172;29215
503429846;29216
503446520;29217
503463194;29218
503479867;29219
503496541;29220
503513215;29221
503529888;29222
503546562;29223
503563236;29224
503579910;29225
503596583;29226
503613257;29227
503629931;29228
503646604;29229
503663278;29230
503679952;29231
503696626;29232
503713299;29233
503729973;29234
503746647;29235
503763320;29236
503779994;29237
503796668;29238
503813342;29239
503846689;29240
503863363;29241
503880036;29242
503896710;29243
503913384;29244
503930058;29245
503946731;29246
503963405;29247
503980079;29248
503996752;29249
504013426;29250
504030100;29251
504046774;29252
504063447;29253
504080121;29254
504096795;29255
504113468;29256
504130142;29257
504146816;29258
504163490;29259
504180163;29260
504196837;29261
504213511;29262
504230184;29263
504246858;29264
504263532;29265
504280206;29266
504296879;29267
504313553;29268
504346900;29269
504363574;29270
504380248;29271
504396922;29272
504413595;29273
504430269;29274
504446943;29275
504463616;29276
504480290;29277
504496964;29278
504513637;29279
504530311;29280
504546985;29281
504563659;29282
504580332;29283
504597006;29284
504613680;29285
504630353;29286
504647027;29287
504663701;29288
504680375;29289
504697048;29290
504713722;29291
504730396;29292
504747069;29293
504763743;29294
504780417;29295
504797090;29296
504813764;29297
504847112;29298
504863785;29299
504880459;29300
504897133;29301
504913806;29302
504930480;29303
504947154;29304
504963827;29305
504980501;29306
504997175;29307
505013849;29308
-1;-1
-1;-1
-1;-1
-1;-1
-1;-1
-1;-1
-1;-1
-1;-1
-1;-1
-1;-1
-1;-1
-1;-1
-1;-1
-1;-1
-1;-1
-1;-1
-1;-1
-1;-1
-1;-1
-1;-1
-1;-1
-1;-1
-1;-1
-1;-1
-1;-1
-1;-1
-1;-1
-1;-1
-1;-1
-1;-1
-1;-1
-1;-1
-1;-1
-1;-1
-1;-1
-1;-1
-1;-1
-1;-1
-1;-1
-1;-1
-1;-1
-1;-1
-1;-1
-1;-1
-1;-1
-1;-1
-1;-1
-1;-1
-1;-1
-1;-1
-1;-1
-1;-1
-1;-1
-1;-1
-1;-1
-1;-1
-1;-1
-1;-1
-1;-1
-1;-1
-1;-1
-1;-1
-1;-1
-1;-1
-1;-1
-1;-1
-1;-1
-1;-1
-1;-1
-1;-1
-1;-1
-1;-1
-1;-1
-1;-1
-1;-1
-1;-1
-1;-1
-1;-1
-1;-1
-1;-1
-1;-1
-1;-1
-1;-1
-1;-1
-1;-1
-1;-1
-1;-1
-1;-1
-1;-1
-1;-1
-1;-1
-1;-1
-1;-1
-1;-1
-1;-1
-1;-1
-1;-1
-1;-1
-1;-1
-1;-1
-1;-1
-1;-1
-1;-1
-1;-1
-1;-1
-1;-1
-1;-1
-1;-1
-1;-1
-1;-1
-1;-1
-1;-1
-1;-1
-1;-1
-1;-1
-1;-1
-1;-1
-1;-1
-1;-1
-1;-1
-1;-1
-1;-1
-1;-1
-1;-1
-1;-1
-1;-1
-1;-1
-1;-1
-1;-1
-1;-1
-1;-1
-1;-1
-1;-1
-1;-1
-1;-1
-1;-1
-1;-1
-1;-1
-1;-1
-1;-1
-1;-1
-1;-1
-1;-1
-1;-1
-1;-1
-1;-1
-1;-1
-1;-1
-1;-1
-1;-1
-1;-1
-1;-1
-1;-1
-1;-1
-1;-1
-1;-1
-1;-1
-1;-1
-1;-1
-1;-1
-1;-1
-1;-1
-1;-1
-1;-1
-1;-1
-1;-1
-1;-1
-1;-1
-1;-1
-1;-1
-1;-1
-1;-1
-1;-1
-1;-1
-1;-1
-1;-1
-1;-1
-1;-1
-1;-1
-1;-1
-1;-1
-1;-1
-1;-1
-1;-1
-1;-1
-1;-1
-1;-1
-1;-1
-1;-1
-1;-1
-1;-1
-1;-1
-1;-1
