409373862;23764
409390535;23765
409407209;23766
409423883;23767
409440556;23768
409457230;23769
409473904;23770
409490577;23771
409507251;23772
409523925;23773
409540598;23774
409557272;23775
409573945;23776
409590619;23777
409607293;23778
409623966;23779
409640640;23780
409657314;23781
409673987;23782
409690661;23783
409707335;23784
409724008;23785
409740682;23786
409757356;23787
409774029;23788
409790703;23789
409807377;23790
409840724;23791
409857398;23792
409874071;23793
409890745;23794
409907418;23795
409924092;23796
409940766;23797
409957440;23798
409974113;23799
409990787;23800
410007460;23801
410024134;23802
410040808;23803
410057481;23804
410074155;23805
410090829;23806
410107502;23807
410124176;23808
410140850;23809
410157523;23810
410174197;23811
410190871;23812
410207544;23813
410224218;23814
410240892;23815
410257565;23816
410274239;23817
410290913;23818
410307586;23819
410340934;23820
410357607;23821
410374281;23822
410390955;23823
410407628;23824
410424302;23825
410440975;23826
410457649;23827
410474323;23828
410490996;23829
410507670;23830
410524344;23831
410541017;23832
410557691;23833
410574365;23834
410591038;23835
410607712;23836
410624386;23837
410641059;23838
410657733;23839
410674407;23840
410691080;23841
410707754;23842
410724428;23843
410741101;23844
410757775;23845
410774449;23846
410791122;23847
410807796;23848
410841143;23849
410857817;23850
410874491;23851
410891164;23852
410907838;23853
410924511;23854
410941185;23855
410957859;23856
410974533;23857
410991206;23858
411007880;23859
411024553;23860
411041227;23861
411057901;23862
411074574;23863
411091248;23864
411107922;23865
411124595;23866
411141269;23867
411157943;23868
411174616;23869
411191290;23870
411207964;23871
411224637;23872
411241311;23873
411257985;23874
411274658;23875
411291332;23876
411308006;23877
411341353;23878
411358027;23879
411374700;23880
411391374;23881
411408048;23882
411424721;23883
411441395;23884
411458069;23885
411474742;23886
411491416;23887
411508090;23888
411524763;23889
411541437;23890
411558110;23891
411574784;23892
411591458;23893
411608132;23894
411624805;23895
411641479;23896
411658153;23897
411674826;23898
411691500;23899
411708173;23900
411724847;23901
411741521;23902
411758194;23903
411774868;23904
411791542;23905
411808215;23906
411841563;23907
411858236;23908
411874910;23909
411891584;23910
411908257;23911
411924931;23912
411941605;23913
411958278;23914
411974952;23915
411991626;23916
412008299;23917
412024973;23918
412041647;23919
412058320;23920
412074994;23921
412091668;23922
412108341;23923
412125015;23924
412141689;23925
412158362;23926
412175036;23927
412191710;23928
412208383;23929
412225057;23930
412241731;23931
412258404;23932
412275078;23933
412291752;23934
412308425;23935
412341773;23936
412358446;23937
412375120;23938
412391794;23939
412408467;23940
412425141;23941
412441815;23942
412458488;23943
412475162;23944
412491836;23945
412508509;23946
412525183;23947
412541857;23948
412558530;23949
412575204;23950
412591878;23951
412608551;23952
412625225;23953
412641899;23954
412658572;23955
412675246;23956
412691920;23957
412708593;23958
412725267;23959
412741941;23960
412758614;23961
412775288;23962
412791962;23963
412808635;23964
412841983;23965
412858656;23966
412875330;23967
412892004;23968
412908677;23969
412925351;23970
412942025;23971
412958698;23972
412975372;23973
412992046;23974
413008719;23975
413025393;23976
413042066;23977
413058740;23978
413075414;23979
413092087;23980
413108761;23981
413125435;23982
413142109;23983
413158782;23984
413175456;23985
413192129;23986
413208803;23987
413225477;23988
413242150;23989
413258824;23990
413275498;23991
413292171;23992
413308845;23993
413342193;23994
413358866;23995
413375540;23996
413392213;23997
413408887;23998
413425561;23999
413442235;24000
413458908;24001
413475582;24002
413492255;24003
413508929;24004
413525603;24005
413542276;24006
413558950;24007
413575624;24008
413592298;24009
413608971;24010
413625645;24011
413642318;24012
413658992;24013
413675666;24014
413692339;24015
413709013;24016
413725687;24017
413742361;24018
413759034;24019
413775708;24020
413792382;24021
413809055;24022
413842403;24023
413859076;24024
413875750;24025
413892424;24026
413909097;24027
413925771;24028
413942444;24029
413959118;24030
413975792;24031
413992466;24032
414009139;24033
414025813;24034
414042487;24035
414059160;24036
414075834;24037
414092508;24038
414109181;24039
414125855;24040
414142529;24041
414159202;24042
414175876;24043
414192549;24044
414209223;24045
414225897;24046
414242570;24047
414259244;24048
414275918;24049
414292592;24050
414309265;24051
414342613;24052
414359286;24053
414375960;24054
414392633;24055
414409307;24056
414425981;24057
414442655;24058
414459328;24059
414476002;24060
414492676;24061
414509349;24062
414526023;24063
414542697;24064
414559370;24065
414576044;24066
414592718;24067
414609391;24068
414626065;24069
414642739;24070
414659412;24071
414676086;24072
414692760;24073
414709433;24074
414726107;24075
414742781;24076
414759454;24077
414776128;24078
414792802;24079
414809475;24080
414842823;24081
414859496;24082
414876170;24083
414892844;24084
414909517;24085
414926191;24086
414942865;24087
414959538;24088
414976212;24089
414992886;24090
415009559;24091
415026233;24092
415042907;24093
415059580;24094
415076254;24095
415092928;24096
415109601;24097
415126275;24098
415142949;24099
415159622;24100
415176296;24101
415192970;24102
415209643;24103
415226317;24104
415242991;24105
415259664;24106
415276338;24107
415293012;24108
415309685;24109
415343033;24110
415359706;24111
415376380;24112
415393054;24113
415409727;24114
415426401;24115
415443075;24116
415459749;24117
415476422;24118
415493096;24119
415509769;24120
415526443;24121
415543117;24122
415559791;24123
415576464;24124
415593138;24125
415609812;24126
415626485;24127
415643159;24128
415659833;24129
415676506;24130
415693180;24131
415709854;24132
415726527;24133
415743201;24134
415759875;24135
415776548;24136
415793222;24137
415809896;24138
415843243;24139
415859917;24140
415876590;24141
415893264;24142
415909938;24143
415926611;24144
415943285;24145
415959959;24146
415976632;24147
415993306;24148
416009980;24149
416026653;24150
416043327;24151
416060001;24152
416076674;24153
416093348;24154
416110022;24155
416126695;24156
416143369;24157
416160043;24158
416176716;24159
416193390;24160
416210064;24161
416226737;24162
416243411;24163
416260085;24164
416276758;24165
416293432;24166
416310106;24167
416343453;24168
416360127;24169
416376801;24170
416393474;24171
416410148;24172
416426822;24173
416443495;24174
416460169;24175
416476843;24176
416493516;24177
416510190;24178
416526864;24179
416543537;24180
416560211;24181
416576885;24182
416593558;24183
416610232;24184
416626906;24185
416643579;24186
416660253;24187
416676927;24188
416693600;24189
416710274;24190
416726948;24191
416743621;24192
416760295;24193
416776969;24194
416793642;24195
416810316;24196
416843664;24197
416860337;24198
416877011;24199
416893685;24200
416910358;24201
416927032;24202
416943705;24203
416960379;24204
416977053;24205
416993727;24206
417010400;24207
417027074;24208
417043748;24209
417060421;24210
417077095;24211
417093769;24212
417110442;24213
417127116;24214
417143790;24215
417160463;24216
417177137;24217
417193811;24218
417210484;24219
417227158;24220
417243832;24221
417260505;24222
417277179;24223
417293853;24224
417310526;24225
417343874;24226
417360547;24227
417377221;24228
417393895;24229
417410569;24230
417427242;24231
417443916;24232
417460590;24233
417477263;24234
417493937;24235
417510610;24236
417527284;24237
417543958;24238
417560632;24239
417577305;24240
417593979;24241
417610653;24242
417627326;24243
417644000;24244
417660674;24245
417677347;24246
417694021;24247
417710695;24248
417727368;24249
417744042;24250
417760716;24251
417777389;24252
417794063;24253
417810737;24254
417844084;24255
417860758;24256
417877431;24257
417894105;24258
417910779;24259
417927453;24260
417944126;24261
417960800;24262
417977474;24263
417994147;24264
418010821;24265
418027495;24266
418044168;24267
418060842;24268
418077516;24269
418094189;24270
418110863;24271
418127537;24272
418144210;24273
418160884;24274
418177558;24275
418194231;24276
418210905;24277
418227579;24278
418244252;24279
418260926;24280
418277600;24281
418294273;24282
418310947;24283
418344295;24284
418360968;24285
418377642;24286
418394316;24287
418410989;24288
418427663;24289
418444337;24290
418461010;24291
418477684;24292
418494358;24293
418511031;24294
418527705;24295
418544379;24296
418561052;24297
418577726;24298
418594400;24299
418611073;24300
418627747;24301
418644421;24302
418661094;24303
418677768;24304
418694442;24305
418711115;24306
418727789;24307
418744463;24308
418761136;24309
418777810;24310
418794484;24311
418811158;24312
418844505;24313
418861179;24314
418877852;24315
418894526;24316
418911200;24317
418927873;24318
418944547;24319
418961221;24320
418977894;24321
418994568;24322
419011242;24323
419027915;24324
419044589;24325
419061263;24326
419077936;24327
419094610;24328
419111284;24329
419127958;24330
419144631;24331
419161305;24332
419177979;24333
419194652;24334
419211326;24335
419228000;24336
419244673;24337
419261347;24338
419278021;24339
419294694;24340
419311368;24341
419344715;24342
419361389;24343
419378063;24344
419394736;24345
419411410;24346
419428084;24347
419444757;24348
419461431;24349
419478105;24350
419494778;24351
419511452;24352
419528126;24353
419544799;24354
419561473;24355
419578147;24356
419594821;24357
419611494;24358
419628168;24359
419644842;24360
419661515;24361
419678189;24362
419694863;24363
419711536;24364
419728210;24365
419744884;24366
419761557;24367
419778231;24368
419794905;24369
419811578;24370
419844926;24371
419861599;24372
419878273;24373
419894947;24374
419911620;24375
419928294;24376
419944968;24377
419961642;24378
419978315;24379
419994989;24380
420011663;24381
420028336;24382
420045010;24383
420061684;24384
420078357;24385
420095031;24386
420111705;24387
420128378;24388
420145052;24389
420161726;24390
420178399;24391
420195073;24392
420211747;24393
420228420;24394
420245094;24395
420261768;24396
420278441;24397
420295115;24398
420311789;24399
420345136;24400
420361810;24401
420378484;24402
420395157;24403
420411831;24404
420428505;24405
420445178;24406
420461852;24407
420478526;24408
420495199;24409
420511873;24410
420528547;24411
420545220;24412
420561894;24413
420578568;24414
420595242;24415
420611915;24416
420628589;24417
420645263;24418
420661936;24419
420678610;24420
420695284;24421
420711957;24422
420728631;24423
420745305;24424
420761978;24425
420778652;24426
420795326;24427
420811999;24428
420845347;24429
420862020;24430
420878694;24431
420895368;24432
420912042;24433
420928715;24434
420945389;24435
420962062;24436
420978736;24437
420995410;24438
421012084;24439
421028757;24440
421045431;24441
421062105;24442
421078778;24443
421095452;24444
421112126;24445
421128799;24446
421145473;24447
421162147;24448
421178820;24449
421195494;24450
421212168;24451
421228842;24452
421245515;24453
421262189;24454
421278863;24455
421295536;24456
421312210;24457
421345557;24458
421362231;24459
421378905;24460
421395578;24461
421412252;24462
421428926;24463
421445599;24464
421462273;24465
421478947;24466
421495621;24467
421512294;24468
421528968;24469
421545642;24470
421562315;24471
421578989;24472
421595663;24473
421612336;24474
421629010;24475
421645684;24476
421662357;24477
421679031;24478
421695705;24479
421712378;24480
421729052;24481
421745726;24482
421762399;24483
421779073;24484
421795747;24485
421812420;24486
421845768;24487
421862442;24488
421879115;24489
421895789;24490
421912463;24491
421929136;24492
421945810;24493
421962484;24494
421979157;24495
421995831;24496
422012505;24497
422029178;24498
422045852;24499
422062526;24500
422079199;24501
422095873;24502
422112547;24503
422129221;24504
422145894;24505
422162568;24506
422179242;24507
422195915;24508
422212589;24509
422229263;24510
422245936;24511
422262610;24512
422279284;24513
422295957;24514
422312631;24515
422345979;24516
422362652;24517
422379326;24518
422396000;24519
422412673;24520
422429347;24521
422446021;24522
422462694;24523
422479368;24524
422496042;24525
422512715;24526
422529389;24527
422546063;24528
422562736;24529
422579410;24530
422596084;24531
422612757;24532
422629431;24533
422646105;24534
422662778;24535
422679452;24536
422696126;24537
422712800;24538
422729473;24539
422746147;24540
422762821;24541
422779494;24542
422796168;24543
422812842;24544
422846189;24545
422862863;24546
422879536;24547
422896210;24548
422912884;24549
422929557;24550
422946231;24551
422962905;24552
422979578;24553
422996252;24554
423012926;24555
423029600;24556
423046273;24557
423062947;24558
423079621;24559
423096294;24560
423112968;24561
423129642;24562
423146315;24563
423162989;24564
423179663;24565
423196336;24566
423213010;24567
423229684;24568
423246358;24569
423263031;24570
423279705;24571
423296379;24572
423313052;24573
423346400;24574
423363073;24575
423379747;24576
423396421;24577
423413094;24578
423429768;24579
423446442;24580
423463115;24581
423479789;24582
423496463;24583
423513137;24584
423529810;24585
423546484;24586
423563158;24587
423579831;24588
423596505;24589
423613179;24590
423629852;24591
423646526;24592
423663200;24593
423679873;24594
423696547;24595
423713221;24596
423729894;24597
423746568;24598
423763242;24599
423779916;24600
423796589;24601
423813263;24602
423846610;24603
423863284;24604
423879958;24605
423896631;24606
423913305;24607
423929979;24608
423946652;24609
423963326;24610
423980000;24611
423996673;24612
424013347;24613
424030021;24614
424046694;24615
424063368;24616
424080042;24617
424096716;24618
424113389;24619
424130063;24620
424146737;24621
424163410;24622
424180084;24623
424196758;24624
424213431;24625
424230105;24626
424246779;24627
424263452;24628
424280126;24629
424296800;24630
424313474;24631
424346821;24632
424363495;24633
424380168;24634
424396842;24635
424413516;24636
424430189;24637
424446863;24638
424463537;24639
424480210;24640
424496884;24641
424513558;24642
424530232;24643
424546905;24644
424563579;24645
424580253;24646
424596926;24647
424613600;24648
424630274;24649
424646947;24650
424663621;24651
424680295;24652
424696968;24653
424713642;24654
424730316;24655
424746989;24656
424763663;24657
424780337;24658
424797010;24659
424813684;24660
424847032;24661
424863705;24662
424880379;24663
424897053;24664
424913726;24665
424930400;24666
424947074;24667
424963747;24668
424980421;24669
424997095;24670
425013768;24671
425030442;24672
425047116;24673
425063789;24674
425080463;24675
425097137;24676
425113811;24677
425130484;24678
425147158;24679
425163832;24680
425180505;24681
425197179;24682
425213853;24683
425230526;24684
425247200;24685
425263874;24686
425280547;24687
425297221;24688
425313895;24689
425347242;24690
425363916;24691
425380590;24692
425397263;24693
425413937;24694
425430611;24695
425447284;24696
425463958;24697
425480632;24698
425497305;24699
425513979;24700
425530653;24701
425547326;24702
425564000;24703
425580674;24704
425597348;24705
425614021;24706
425630695;24707
425647369;24708
425664042;24709
425680716;24710
425697390;24711
425714063;24712
425730737;24713
425747411;24714
425764084;24715
425780758;24716
425797432;24717
425814106;24718
425847453;24719
425864127;24720
425880800;24721
425897474;24722
425914148;24723
425930821;24724
425947495;24725
425964169;24726
425980842;24727
425997516;24728
426014190;24729
426030863;24730
426047537;24731
426064211;24732
426080884;24733
426097558;24734
426114232;24735
426130906;24736
426147579;24737
426164253;24738
426180927;24739
426197600;24740
426214274;24741
426230948;24742
426247621;24743
426264295;24744
426280969;24745
426297642;24746
426314316;24747
426347663;24748
426364337;24749
426381011;24750
426397685;24751
426414358;24752
426431032;24753
426447706;24754
426464379;24755
426481053;24756
426497727;24757
426514400;24758
426531074;24759
426547748;24760
426564421;24761
426581095;24762
426597769;24763
426614442;24764
426631116;24765
426647790;24766
426664464;24767
426681137;24768
426697811;24769
426714485;24770
426731158;24771
426747832;24772
426764506;24773
426781179;24774
426797853;24775
426814527;24776
426847874;24777
426864548;24778
426881222;24779
426897895;24780
426914569;24781
426931243;24782
426947916;24783
426964590;24784
426981264;24785
426997937;24786
427014611;24787
427031285;24788
427047958;24789
427064632;24790
427081306;24791
427097979;24792
427114653;24793
427131327;24794
427148000;24795
427164674;24796
427181348;24797
427198022;24798
427214695;24799
427231369;24800
427248043;24801
427264716;24802
427281390;24803
427298064;24804
427314737;24805
427348085;24806
427364758;24807
427381432;24808
427398106;24809
427414780;24810
427431453;24811
427448127;24812
427464801;24813
427481474;24814
427498148;24815
427514822;24816
427531495;24817
427548169;24818
427564843;24819
427581516;24820
427598190;24821
427614864;24822
427631537;24823
427648211;24824
427664885;24825
427681558;24826
427698232;24827
427714906;24828
427731580;24829
427748253;24830
427764927;24831
427781601;24832
427798274;24833
427814948;24834
427848295;24835
427864969;24836
427881643;24837
427898316;24838
427914990;24839
427931664;24840
427948338;24841
427965011;24842
427981685;24843
427998359;24844
428015032;24845
428031706;24846
428048380;24847
428065053;24848
428081727;24849
428098401;24850
428115074;24851
428131748;24852
428148422;24853
428165095;24854
428181769;24855
428198443;24856
428215116;24857
428231790;24858
428248464;24859
428265138;24860
428281811;24861
428298485;24862
428315159;24863
428348506;24864
428365180;24865
428381853;24866
428398527;24867
428415201;24868
428431874;24869
428448548;24870
428465222;24871
428481896;24872
428498569;24873
428515243;24874
428531917;24875
428548590;24876
428565264;24877
428581938;24878
428598611;24879
428615285;24880
428631959;24881
428648632;24882
428665306;24883
428681980;24884
428698653;24885
428715327;24886
428732001;24887
428748675;24888
428765348;24889
428782022;24890
428798696;24891
428815369;24892
428848717;24893
428865390;24894
428882064;24895
428898738;24896
428915411;24897
428932085;24898
428948759;24899
428965432;24900
428982106;24901
428998780;24902
429015453;24903
429032127;24904
429048801;24905
429065475;24906
429082148;24907
429098822;24908
429115496;24909
429132169;24910
429148843;24911
429165517;24912
429182190;24913
429198864;24914
429215538;24915
429232211;24916
429248885;24917
429265559;24918
429282232;24919
429298906;24920
429315580;24921
429348927;24922
429365601;24923
429382275;24924
429398948;24925
429415622;24926
429432296;24927
429448969;24928
429465643;24929
429482317;24930
429498990;24931
429515664;24932
429532338;24933
429549011;24934
429565685;24935
429582359;24936
429599033;24937
429615706;24938
429632380;24939
429649054;24940
429665727;24941
429682401;24942
429699075;24943
429715748;24944
429732422;24945
429749096;24946
429765769;24947
429782443;24948
429799117;24949
429815790;24950
429849138;24951
429865811;24952
429882485;24953
429899159;24954
429915832;24955
429932506;24956
429949180;24957
429965854;24958
429982527;24959
429999201;24960
430015875;24961
430032548;24962
430049222;24963
430065896;24964
430082569;24965
430099243;24966
430115917;24967
430132590;24968
430149264;24969
430165938;24970
430182612;24971
430199285;24972
430215959;24973
430232633;24974
430249306;24975
430265980;24976
430282654;24977
430299327;24978
430316001;24979
430349348;24980
430366022;24981
430382696;24982
430399369;24983
430416043;24984
430432717;24985
430449390;24986
430466064;24987
430482738;24988
430499411;24989
430516085;24990
430532759;24991
430549433;24992
430566106;24993
430582780;24994
430599454;24995
430616127;24996
430632801;24997
430649475;24998
430666148;24999
430682822;25000
430699496;25001
430716169;25002
430732843;25003
430749517;25004
430766190;25005
430782864;25006
430799538;25007
430816211;25008
430849559;25009
430866233;25010
430882906;25011
430899580;25012
430916254;25013
430932927;25014
430949601;25015
430966275;25016
430982948;25017
430999622;25018
431016296;25019
431032969;25020
431049643;25021
431066317;25022
431082991;25023
431099664;25024
431116338;25025
431133012;25026
431149685;25027
431166359;25028
431183033;25029
431199706;25030
431216380;25031
431233054;25032
431249727;25033
431266401;25034
431283075;25035
431299748;25036
431316422;25037
431349769;25038
431366443;25039
431383117;25040
431399791;25041
431416464;25042
431433138;25043
431449812;25044
431466485;25045
431483159;25046
431499833;25047
431516506;25048
431533180;25049
431549854;25050
431566527;25051
431583201;25052
431599875;25053
431616548;25054
431633222;25055
431649896;25056
431666569;25057
431683243;25058
431699917;25059
431716591;25060
431733264;25061
431749938;25062
431766611;25063
431783285;25064
431799959;25065
431816633;25066
431849980;25067
431866654;25068
431883327;25069
431900001;25070
431916675;25071
431933348;25072
431950022;25073
431966696;25074
431983369;25075
432000043;25076
432016717;25077
432033390;25078
432050064;25079
432066738;25080
432083412;25081
432100085;25082
432116759;25083
432133433;25084
432150106;25085
432166780;25086
432183454;25087
432200127;25088
432216801;25089
432233475;25090
432250148;25091
432266822;25092
432283496;25093
432300169;25094
432316843;25095
432350190;25096
432366864;25097
432383538;25098
432400211;25099
432416885;25100
432433559;25101
432450233;25102
432466906;25103
432483580;25104
432500254;25105
432516927;25106
432533601;25107
432550275;25108
432566948;25109
432583622;25110
432600296;25111
432616969;25112
432633643;25113
432650317;25114
432666990;25115
432683664;25116
432700338;25117
432717011;25118
432733685;25119
432750359;25120
432767033;25121
432783706;25122
432800380;25123
432817054;25124
432850401;25125
432867075;25126
432883748;25127
432900422;25128
432917096;25129
432933769;25130
432950443;25131
432967117;25132
432983790;25133
433000464;25134
433017138;25135
433033811;25136
433050485;25137
433067159;25138
433083832;25139
433100506;25140
433117180;25141
433133853;25142
433150527;25143
433167201;25144
433183874;25145
433200548;25146
433217222;25147
433233896;25148
433250569;25149
433267243;25150
433283916;25151
433300590;25152
433317264;25153
433350611;25154
433367285;25155
433383959;25156
433400632;25157
433417306;25158
433433980;25159
433450653;25160
433467327;25161
433484001;25162
433500674;25163
433517348;25164
433534022;25165
433550695;25166
433567369;25167
433584043;25168
433600716;25169
433617390;25170
433634064;25171
433650738;25172
433667411;25173
433684085;25174
433700759;25175
433717432;25176
433734106;25177
433750780;25178
433767453;25179
433784127;25180
433800801;25181
433817474;25182
433850822;25183
433867495;25184
433884169;25185
433900843;25186
433917516;25187
433934190;25188
433950864;25189
433967537;25190
433984211;25191
434000885;25192
434017559;25193
434034232;25194
434050906;25195
434067580;25196
434084253;25197
434100927;25198
434117601;25199
434134274;25200
434150948;25201
434167622;25202
434184295;25203
434200969;25204
434217643;25205
434234316;25206
434250990;25207
434267664;25208
434284337;25209
434301011;25210
434317685;25211
434351032;25212
434367706;25213
434384379;25214
434401053;25215
434417727;25216
434434400;25217
434451074;25218
434467748;25219
434484421;25220
434501095;25221
434517769;25222
434534442;25223
434551116;25224
434567790;25225
434584464;25226
434601137;25227
434617811;25228
434634485;25229
434651158;25230
434667832;25231
434684506;25232
434701179;25233
434717853;25234
434734527;25235
434751200;25236
434767874;25237
434784548;25238
434801221;25239
434817895;25240
434851242;25241
434867916;25242
434884590;25243
434901263;25244
434917937;25245
434934611;25246
434951284;25247
434967958;25248
434984632;25249
435001305;25250
435017979;25251
435034653;25252
435051326;25253
435068000;25254
435084674;25255
435101348;25256
435118021;25257
435134695;25258
435151368;25259
435168042;25260
435184716;25261
435201390;25262
435218063;25263
435234737;25264
435251411;25265
435268084;25266
435284758;25267
435301432;25268
435318105;25269
435351453;25270
435368126;25271
435384800;25272
435401474;25273
435418147;25274
435434821;25275
435451495;25276
435468168;25277
435484842;25278
435501516;25279
435518189;25280
435534863;25281
435551537;25282
435568210;25283
435584884;25284
435601558;25285
435618231;25286
435634905;25287
435651579;25288
435668252;25289
435684926;25290
435701600;25291
435718273;25292
435734947;25293
435751621;25294
435768295;25295
435784968;25296
435801642;25297
435818315;25298
435851663;25299
435868337;25300
435885010;25301
435901684;25302
435918358;25303
435935031;25304
435951705;25305
435968379;25306
435985052;25307
436001726;25308
436018400;25309
436035073;25310
436051747;25311
436068421;25312
436085094;25313
436101768;25314
436118442;25315
436135115;25316
436151789;25317
436168463;25318
436185136;25319
436201810;25320
436218484;25321
436235157;25322
436251831;25323
436268505;25324
436285178;25325
436301852;25326
436318526;25327
436351873;25328
436368547;25329
436385221;25330
436401894;25331
436418568;25332
436435241;25333
436451915;25334
436468589;25335
436485263;25336
436501936;25337
436518610;25338
436535284;25339
436551957;25340
436568631;25341
436585305;25342
436601978;25343
436618652;25344
436635326;25345
436651999;25346
436668673;25347
436685347;25348
436702020;25349
436718694;25350
436735368;25351
436752041;25352
436768715;25353
436785389;25354
436802062;25355
436818736;25356
436852083;25357
436868757;25358
436885431;25359
436902104;25360
436918778;25361
436935452;25362
436952125;25363
436968799;25364
436985473;25365
437002146;25366
437018820;25367
437035494;25368
437052167;25369
437068841;25370
437085515;25371
437102188;25372
437118862;25373
437135536;25374
437152209;25375
437168883;25376
437185557;25377
437202230;25378
437218904;25379
437235578;25380
437252251;25381
437268925;25382
437285599;25383
437302272;25384
437318946;25385
437352293;25386
437368967;25387
437385641;25388
437402314;25389
437418988;25390
437435662;25391
437452335;25392
437469009;25393
437485683;25394
437502357;25395
437519030;25396
437535704;25397
437552378;25398
437569051;25399
437585725;25400
437602399;25401
437619072;25402
437635746;25403
437652419;25404
437669093;25405
437685767;25406
437702441;25407
437719114;25408
437735788;25409
437752462;25410
437769135;25411
437785809;25412
437802483;25413
437819156;25414
437852504;25415
437869177;25416
437885851;25417
437902525;25418
437919198;25419
437935872;25420
437952546;25421
437969219;25422
437985893;25423
438002567;25424
438019240;25425
438035914;25426
438052588;25427
438069261;25428
438085935;25429
438102609;25430
438119282;25431
438135956;25432
438152630;25433
438169303;25434
438185977;25435
438202651;25436
438219324;25437
438235998;25438
438252672;25439
438269345;25440
438286019;25441
438302693;25442
438319366;25443
438352714;25444
438369387;25445
438386061;25446
438402735;25447
438419408;25448
438436082;25449
438452756;25450
438469429;25451
438486103;25452
438502777;25453
438519450;25454
438536124;25455
438552798;25456
438569471;25457
438586145;25458
438602819;25459
438619492;25460
438636166;25461
438652840;25462
438669513;25463
438686187;25464
438702861;25465
438719534;25466
438736208;25467
438752882;25468
438769555;25469
438786229;25470
438802903;25471
438819576;25472
438852924;25473
438869597;25474
438886271;25475
438902945;25476
438919618;25477
438936292;25478
438952966;25479
438969639;25480
438986313;25481
439002987;25482
439019660;25483
439036334;25484
439053008;25485
439069681;25486
439086355;25487
439103029;25488
439119702;25489
439136376;25490
439153050;25491
439169723;25492
439186397;25493
439203071;25494
439219744;25495
439236418;25496
439253092;25497
439269765;25498
439286439;25499
439303113;25500
439319786;25501
439353134;25502
439369807;25503
439386481;25504
439403155;25505
439419828;25506
439436502;25507
439453176;25508
439469849;25509
439486523;25510
439503197;25511
439519870;25512
439536544;25513
439553218;25514
439569891;25515
439586565;25516
439603239;25517
439619912;25518
439636586;25519
439653260;25520
439669933;25521
439686607;25522
439703281;25523
439719954;25524
439736628;25525
439753302;25526
439769975;25527
439786649;25528
439803323;25529
439819996;25530
439853344;25531
439870017;25532
439886691;25533
439903365;25534
439920038;25535
439936712;25536
439953386;25537
439970059;25538
439986733;25539
440003407;25540
440020080;25541
440036754;25542
440053428;25543
440070101;25544
440086775;25545
440103449;25546
440120122;25547
440136796;25548
440153469;25549
440170143;25550
440186817;25551
440203490;25552
440220164;25553
440236838;25554
440253511;25555
440270185;25556
440286859;25557
440303532;25558
440320206;25559
440353553;25560
440370227;25561
440386901;25562
440403575;25563
440420248;25564
440436922;25565
440453595;25566
440470269;25567
440486943;25568
440503616;25569
440520290;25570
440536964;25571
440553637;25572
440570311;25573
440586985;25574
440603658;25575
440620332;25576
440637006;25577
440653679;25578
440670353;25579
440687027;25580
440703700;25581
440720374;25582
440737048;25583
440753721;25584
440770395;25585
440787069;25586
440803742;25587
440820416;25588
440853763;25589
440870437;25590
440887111;25591
440903784;25592
440920458;25593
440937132;25594
440953805;25595
440970479;25596
440987153;25597
441003826;25598
441020500;25599
441037174;25600
441053847;25601
441070521;25602
441087195;25603
441103868;25604
441120542;25605
441137216;25606
441153889;25607
441170563;25608
441187237;25609
441203910;25610
441220584;25611
441237257;25612
441253931;25613
441270605;25614
441287278;25615
441303952;25616
441320626;25617
441353973;25618
441370647;25619
441387320;25620
441403994;25621
441420668;25622
441437341;25623
441454015;25624
441470689;25625
441487362;25626
441504036;25627
441520710;25628
441537383;25629
441554057;25630
441570731;25631
441587404;25632
441604078;25633
441620752;25634
441637425;25635
441654099;25636
441670773;25637
441687446;25638
441704120;25639
441720794;25640
441737467;25641
441754141;25642
441770815;25643
441787488;25644
441804162;25645
441820836;25646
441854183;25647
441870857;25648
441887530;25649
441904204;25650
441920878;25651
441937551;25652
441954225;25653
441970899;25654
441987572;25655
442004246;25656
442020919;25657
442037593;25658
442054267;25659
442070940;25660
442087614;25661
442104288;25662
442120961;25663
442137635;25664
442154309;25665
442170982;25666
442187656;25667
442204330;25668
442221003;25669
442237677;25670
442254351;25671
442271024;25672
442287698;25673
442304372;25674
442321045;25675
442354393;25676
442371066;25677
442387740;25678
442404414;25679
442421087;25680
442437761;25681
442454434;25682
442471108;25683
442487782;25684
442504455;25685
442521129;25686
442537803;25687
442554476;25688
442571150;25689
442587824;25690
442604497;25691
442621171;25692
442637845;25693
442654518;25694
442671192;25695
442687866;25696
442704539;25697
442721213;25698
442737887;25699
442754560;25700
442771234;25701
442787908;25702
442804581;25703
442821255;25704
442854602;25705
442871276;25706
442887949;25707
442904623;25708
442921297;25709
442937970;25710
442954644;25711
442971318;25712
442987991;25713
443004665;25714
443021339;25715
443038012;25716
443054686;25717
443071360;25718
443088033;25719
443104707;25720
443121381;25721
443138054;25722
443154728;25723
443171402;25724
443188075;25725
443204749;25726
443221423;25727
443238096;25728
443254770;25729
443271443;25730
443288117;25731
443304791;25732
443321464;25733
443354812;25734
443371485;25735
443388159;25736
443404833;25737
443421506;25738
443438180;25739
443454854;25740
443471527;25741
443488201;25742
443504875;25743
443521548;25744
443538222;25745
443554896;25746
443571569;25747
443588243;25748
443604917;25749
443621590;25750
443638264;25751
443654937;25752
443671611;25753
443688285;25754
443704958;25755
443721632;25756
443738306;25757
443754979;25758
443771653;25759
443788327;25760
443805000;25761
443821674;25762
443855021;25763
443871695;25764
443888368;25765
443905042;25766
443921716;25767
443938390;25768
443955063;25769
443971737;25770
443988410;25771
444005084;25772
444021758;25773
444038431;25774
444055105;25775
444071779;25776
444088452;25777
444105126;25778
444121800;25779
444138473;25780
444155147;25781
444171821;25782
444188494;25783
444205168;25784
444221842;25785
444238515;25786
444255189;25787
444271862;25788
444288536;25789
444305210;25790
444321883;25791
444355231;25792
444371904;25793
444388578;25794
444405252;25795
444421925;25796
444438599;25797
444455273;25798
444471946;25799
444488620;25800
444505294;25801
444521967;25802
444538641;25803
444555314;25804
444571988;25805
444588662;25806
444605335;25807
444622009;25808
444638683;25809
444655356;25810
444672030;25811
444688704;25812
444705377;25813
444722051;25814
444738725;25815
444755398;25816
444772072;25817
444788746;25818
444805419;25819
444822093;25820
444855440;25821
444872114;25822
444888787;25823
444905461;25824
444922135;25825
444938808;25826
444955482;25827
444972156;25828
444988829;25829
445005503;25830
445022177;25831
445038850;25832
445055524;25833
445072198;25834
445088871;25835
445105545;25836
445122219;25837
445138892;25838
445155566;25839
445172239;25840
445188913;25841
445205587;25842
445222260;25843
445238934;25844
445255608;25845
445272281;25846
445288955;25847
445305629;25848
445322302;25849
445355650;25850
445372323;25851
445388997;25852
445405671;25853
445422344;25854
445439018;25855
445455691;25856
445472365;25857
445489039;25858
445505712;25859
445522386;25860
445539060;25861
445555733;25862
445572407;25863
445589081;25864
445605754;25865
445622428;25866
445639102;25867
445655775;25868
445672449;25869
445689123;25870
445705796;25871
445722470;25872
445739143;25873
445755817;25874
445772491;25875
445789164;25876
445805838;25877
445822512;25878
445855859;25879
445872533;25880
445889206;25881
445905880;25882
445922554;25883
445939227;25884
445955901;25885
445972575;25886
445989248;25887
446005922;25888
446022595;25889
446039269;25890
446055943;25891
446072616;25892
446089290;25893
446105964;25894
446122637;25895
446139311;25896
446155985;25897
446172658;25898
446189332;25899
446206005;25900
446222679;25901
446239353;25902
446256026;25903
446272700;25904
446289374;25905
446306047;25906
446322721;25907
446356068;25908
446372742;25909
446389416;25910
446406089;25911
446422763;25912
446439437;25913
446456110;25914
446472784;25915
446489458;25916
446506131;25917
446522805;25918
446539478;25919
446556152;25920
446572826;25921
446589499;25922
446606173;25923
446622847;25924
446639520;25925
446656194;25926
446672868;25927
446689541;25928
446706215;25929
446722889;25930
446739562;25931
446756236;25932
446772909;25933
446789583;25934
446806257;25935
446822930;25936
446856278;25937
446872951;25938
446889625;25939
446906299;25940
446922972;25941
446939646;25942
446956320;25943
446972993;25944
446989667;25945
447006341;25946
447023014;25947
447039688;25948
447056361;25949
447073035;25950
447089709;25951
447106382;25952
447123056;25953
447139730;25954
447156403;25955
447173077;25956
447189751;25957
447206424;25958
447223098;25959
447239772;25960
447256445;25961
447273119;25962
447289792;25963
447306466;25964
447323140;25965
447356487;25966
447373161;25967
447389834;25968
447406508;25969
447423182;25970
447439855;25971
447456529;25972
447473202;25973
447489876;25974
447506550;25975
447523223;25976
447539897;25977
447556571;25978
447573244;25979
447589918;25980
447606592;25981
447623265;25982
447639939;25983
447656613;25984
447673286;25985
447689960;25986
447706633;25987
447723307;25988
447739981;25989
447756654;25990
447773328;25991
447790002;25992
447806675;25993
447823349;25994
447856696;25995
447873370;25996
447890044;25997
447906717;25998
447923391;25999
447940065;26000
447956738;26001
447973412;26002
447990085;26003
448006759;26004
448023433;26005
448040106;26006
448056780;26007
448073454;26008
448090127;26009
448106801;26010
448123475;26011
448140148;26012
448156822;26013
448173496;26014
448190169;26015
448206843;26016
448223516;26017
448240190;26018
448256864;26019
448273537;26020
448290211;26021
448306885;26022
448323558;26023
448356906;26024
448373579;26025
448390253;26026
448406926;26027
448423600;26028
448440274;26029
448456947;26030
448473621;26031
448490295;26032
448506968;26033
448523642;26034
448540316;26035
448556989;26036
448573663;26037
448590336;26038
448607010;26039
448623684;26040
448640357;26041
448657031;26042
448673705;26043
448690378;26044
448707052;26045
448723726;26046
448740399;26047
448757073;26048
448773747;26049
448790420;26050
448807094;26051
448823768;26052
448857115;26053
448873788;26054
448890462;26055
448907136;26056
448923809;26057
448940483;26058
448957157;26059
448973830;26060
448990504;26061
449007178;26062
449023851;26063
449040525;26064
449057198;26065
449073872;26066
449090546;26067
449107219;26068
449123893;26069
449140567;26070
449157240;26071
449173914;26072
449190588;26073
449207261;26074
449223935;26075
449240608;26076
449257282;26077
449273956;26078
449290629;26079
449307303;26080
449323977;26081
449357324;26082
449373998;26083
449390671;26084
449407345;26085
449424019;26086
449440692;26087
449457366;26088
449474039;26089
449490713;26090
449507387;26091
449524060;26092
449540734;26093
449557408;26094
449574081;26095
449590755;26096
449607429;26097
449624102;26098
449640776;26099
449657450;26100
449674123;26101
449690797;26102
449707470;26103
449724144;26104
449740818;26105
449757491;26106
449774165;26107
449790839;26108
449807512;26109
449824186;26110
449857533;26111
449874207;26112
449890880;26113
449907554;26114
449924228;26115
449940901;26116
449957575;26117
449974249;26118
449990922;26119
450007596;26120
450024270;26121
450040943;26122
450057617;26123
450074290;26124
450090964;26125
450107638;26126
450124311;26127
450140985;26128
450157659;26129
450174332;26130
450191006;26131
450207680;26132
450224353;26133
450241027;26134
450257700;26135
450274374;26136
450291048;26137
450307721;26138
450324395;26139
450357742;26140
450374416;26141
450391090;26142
450407763;26143
450424437;26144
450441111;26145
450457784;26146
450474458;26147
450491131;26148
450507805;26149
450524479;26150
450541152;26151
450557826;26152
450574500;26153
450591173;26154
450607847;26155
450624520;26156
450641194;26157
450657868;26158
450674541;26159
450691215;26160
450707889;26161
450724562;26162
450741236;26163
450757910;26164
450774583;26165
450791257;26166
450807930;26167
450824604;26168
450857951;26169
450874625;26170
450891299;26171
450907972;26172
450924646;26173
450941320;26174
450957993;26175
450974667;26176
450991340;26177
451008014;26178
451024688;26179
451041361;26180
451058035;26181
451074709;26182
451091382;26183
451108056;26184
451124730;26185
451141403;26186
451158077;26187
451174751;26188
451191424;26189
451208098;26190
451224771;26191
451241445;26192
451258119;26193
451274792;26194
451291466;26195
451308140;26196
451324813;26197
451358161;26198
451374834;26199
451391508;26200
451408181;26201
451424855;26202
451441529;26203
451458202;26204
451474876;26205
451491550;26206
451508223;26207
451524897;26208
451541570;26209
451558244;26210
451574918;26211
451591591;26212
451608265;26213
451624939;26214
451641612;26215
451658286;26216
451674960;26217
451691633;26218
451708307;26219
451724981;26220
451741654;26221
451758328;26222
451775001;26223
451791675;26224
451808349;26225
451825022;26226
451858370;26227
451875043;26228
451891717;26229
451908390;26230
451925064;26231
451941738;26232
451958411;26233
451975085;26234
451991759;26235
452008432;26236
452025106;26237
452041780;26238
452058453;26239
452075127;26240
452091800;26241
452108474;26242
452125148;26243
452141821;26244
452158495;26245
452175169;26246
452191842;26247
452208516;26248
452225190;26249
452241863;26250
452258537;26251
452275210;26252
452291884;26253
452308558;26254
452325231;26255
452358579;26256
452375252;26257
452391926;26258
452408600;26259
452425273;26260
452441947;26261
452458620;26262
452475294;26263
452491968;26264
452508641;26265
452525315;26266
452541989;26267
452558662;26268
452575336;26269
452592010;26270
452608683;26271
452625357;26272
452642030;26273
452658704;26274
452675378;26275
452692051;26276
452708725;26277
452725399;26278
452742072;26279
452758746;26280
452775420;26281
452792093;26282
452808767;26283
452825440;26284
452858788;26285
452875461;26286
452892135;26287
452908809;26288
452925482;26289
452942156;26290
452958830;26291
452975503;26292
452992177;26293
453008850;26294
453025524;26295
453042198;26296
453058871;26297
453075545;26298
453092219;26299
453108892;26300
453125566;26301
453142239;26302
453158913;26303
453175587;26304
453192260;26305
453208934;26306
453225608;26307
453242281;26308
453258955;26309
453275628;26310
453292302;26311
453308976;26312
453325649;26313
453358997;26314
453375670;26315
453392344;26316
453409018;26317
453425691;26318
453442365;26319
453459039;26320
453475712;26321
453492386;26322
453509059;26323
453525733;26324
453542407;26325
453559080;26326
453575754;26327
453592428;26328
453609101;26329
453625775;26330
453642448;26331
453659122;26332
453675796;26333
453692469;26334
453709143;26335
453725817;26336
453742490;26337
453759164;26338
453775838;26339
453792511;26340
453809185;26341
453825858;26342
453859206;26343
453875879;26344
453892553;26345
453909227;26346
453925900;26347
453942574;26348
453959248;26349
453975921;26350
453992595;26351
454009268;26352
454025942;26353
454042616;26354
454059289;26355
454075963;26356
454092637;26357
454109310;26358
454125984;26359
454142658;26360
454159331;26361
454176005;26362
454192678;26363
454209352;26364
454226026;26365
454242699;26366
454259373;26367
454276047;26368
454292720;26369
454309394;26370
454326067;26371
454359415;26372
454376088;26373
454392762;26374
454409436;26375
454426109;26376
454442783;26377
454459457;26378
454476130;26379
454492804;26380
454509477;26381
454526151;26382
454542825;26383
454559498;26384
454576172;26385
454592846;26386
454609519;26387
454626193;26388
454642867;26389
454659540;26390
454676214;26391
454692887;26392
454709561;26393
454726235;26394
454742908;26395
454759582;26396
454776256;26397
454792929;26398
454809603;26399
454826276;26400
454859624;26401
454876297;26402
454892971;26403
454909645;26404
454926318;26405
454942992;26406
454959666;26407
454976339;26408
454993013;26409
455009687;26410
455026360;26411
455043034;26412
455059707;26413
455076381;26414
455093055;26415
455109728;26416
455126402;26417
455143076;26418
455159749;26419
455176423;26420
455193096;26421
455209770;26422
455226444;26423
455243117;26424
455259791;26425
455276465;26426
455293138;26427
455309812;26428
455326485;26429
455359833;26430
455376506;26431
455393180;26432
455409854;26433
455426527;26434
455443201;26435
455459875;26436
455476548;26437
455493222;26438
455509895;26439
455526569;26440
455543243;26441
455559916;26442
455576590;26443
455593264;26444
455609937;26445
455626611;26446
455643284;26447
455659958;26448
455676632;26449
455693305;26450
455709979;26451
455726653;26452
455743326;26453
455760000;26454
455776674;26455
455793347;26456
455810021;26457
455826694;26458
455860042;26459
455876715;26460
455893389;26461
455910063;26462
455926736;26463
455943410;26464
455960083;26465
455976757;26466
455993431;26467
456010104;26468
456026778;26469
456043452;26470
456060125;26471
456076799;26472
456093473;26473
456110146;26474
456126820;26475
456143494;26476
456160167;26477
456176841;26478
456193514;26479
456210188;26480
456226862;26481
456243535;26482
456260209;26483
456276883;26484
456293556;26485
456310230;26486
456326904;26487
456360251;26488
456376924;26489
456393598;26490
456410272;26491
456426945;26492
456443619;26493
456460293;26494
456476966;26495
456493640;26496
456510313;26497
456526987;26498
456543661;26499
456560334;26500
456577008;26501
456593682;26502
456610355;26503
456627029;26504
456643703;26505
456660376;26506
456677050;26507
456693723;26508
456710397;26509
456727071;26510
456743744;26511
456760418;26512
456777092;26513
456793765;26514
456810439;26515
456827112;26516
456860460;26517
456877133;26518
456893807;26519
456910481;26520
456927154;26521
456943828;26522
456960502;26523
456977175;26524
456993849;26525
457010523;26526
457027196;26527
457043870;26528
457060543;26529
457077217;26530
457093891;26531
457110564;26532
457127238;26533
457143911;26534
457160585;26535
457177259;26536
457193932;26537
457210606;26538
457227280;26539
457243953;26540
457260627;26541
457277301;26542
457293974;26543
457310648;26544
457327321;26545
457360669;26546
457377342;26547
457394016;26548
457410690;26549
457427363;26550
457444037;26551
457460711;26552
457477384;26553
457494058;26554
457510732;26555
457527405;26556
457544079;26557
457560752;26558
457577426;26559
457594100;26560
457610773;26561
457627447;26562
457644121;26563
457660794;26564
457677468;26565
457694141;26566
457710815;26567
457727489;26568
457744162;26569
457760836;26570
457777510;26571
457794183;26572
457810857;26573
457827530;26574
457860878;26575
457877551;26576
457894225;26577
457910899;26578
457927572;26579
457944246;26580
457960920;26581
457977593;26582
457994267;26583
458010940;26584
458027614;26585
458044288;26586
458060961;26587
458077635;26588
458094309;26589
458110982;26590
458127656;26591
458144329;26592
458161003;26593
458177677;26594
458194350;26595
458211024;26596
458227698;26597
458244371;26598
458261045;26599
458277719;26600
458294392;26601
458311066;26602
458327739;26603
458361087;26604
458377760;26605
458394434;26606
458411108;26607
458427781;26608
458444455;26609
458461129;26610
458477802;26611
458494476;26612
458511149;26613
458527823;26614
458544497;26615
458561170;26616
458577844;26617
458594518;26618
458611191;26619
458627865;26620
458644539;26621
458661212;26622
458677886;26623
458694559;26624
458711233;26625
458727907;26626
458744580;26627
458761254;26628
458777928;26629
458794601;26630
458811275;26631
458827948;26632
458861296;26633
458877969;26634
458894643;26635
458911317;26636
458927990;26637
458944664;26638
458961338;26639
458978011;26640
458994685;26641
459011358;26642
459028032;26643
459044706;26644
459061379;26645
459078053;26646
459094727;26647
459111400;26648
459128074;26649
459144748;26650
459161421;26651
459178095;26652
459194768;26653
459211442;26654
459228116;26655
459244789;26656
459261463;26657
459278137;26658
459294810;26659
459311484;26660
459328157;26661
459361505;26662
459378178;26663
459394852;26664
459411526;26665
459428199;26666
459444873;26667
459461547;26668
459478220;26669
459494894;26670
459511568;26671
459528241;26672
459544915;26673
459561588;26674
459578262;26675
459594936;26676
459611609;26677
459628283;26678
459644957;26679
459661630;26680
459678304;26681
459694977;26682
459711651;26683
459728325;26684
459744998;26685
459761672;26686
459778346;26687
459795019;26688
459811693;26689
459828366;26690
459861714;26691
459878387;26692
459895061;26693
459911735;26694
459928408;26695
459945082;26696
459961756;26697
459978429;26698
459995103;26699
460011776;26700
460028450;26701
460045124;26702
460061797;26703
460078471;26704
460095145;26705
460111818;26706
460128492;26707
460145166;26708
460161839;26709
460178513;26710
460195186;26711
460211860;26712
460228534;26713
460245207;26714
460261881;26715
460278555;26716
460295228;26717
460311902;26718
460328576;26719
460361923;26720
460378596;26721
460395270;26722
460411944;26723
460428617;26724
460445291;26725
460461965;26726
460478638;26727
460495312;26728
460511985;26729
460528659;26730
460545333;26731
460562006;26732
460578680;26733
460595354;26734
460612027;26735
460628701;26736
460645375;26737
460662048;26738
460678722;26739
460695396;26740
460712069;26741
460728743;26742
460745416;26743
460762090;26744
460778764;26745
460795437;26746
460812111;26747
460828785;26748
460862132;26749
460878805;26750
460895479;26751
460912153;26752
460928826;26753
460945500;26754
460962174;26755
460978847;26756
460995521;26757
461012195;26758
461028868;26759
461045542;26760
461062216;26761
461078889;26762
461095563;26763
461112236;26764
461128910;26765
461145584;26766
461162257;26767
461178931;26768
461195605;26769
461212278;26770
461228952;26771
461245625;26772
461262299;26773
461278973;26774
461295646;26775
461312320;26776
461328994;26777
461362341;26778
461379015;26779
461395688;26780
461412362;26781
461429036;26782
461445709;26783
461462383;26784
461479056;26785
461495730;26786
461512404;26787
461529077;26788
461545751;26789
461562425;26790
461579098;26791
461595772;26792
461612445;26793
461629119;26794
461645793;26795
461662466;26796
461679140;26797
461695814;26798
461712487;26799
461729161;26800
461745835;26801
461762508;26802
461779182;26803
461795855;26804
461812529;26805
461829203;26806
461862550;26807
461879224;26808
461895897;26809
461912571;26810
461929245;26811
461945918;26812
461962592;26813
461979265;26814
461995939;26815
462012613;26816
462029286;26817
462045960;26818
462062634;26819
462079307;26820
462095981;26821
462112655;26822
462129328;26823
462146002;26824
462162676;26825
462179349;26826
462196023;26827
462212696;26828
462229370;26829
462246044;26830
462262717;26831
462279391;26832
462296065;26833
462312738;26834
462329412;26835
462362759;26836
462379433;26837
462396106;26838
462412780;26839
462429454;26840
462446127;26841
462462801;26842
462479475;26843
462496148;26844
462512822;26845
462529496;26846
462546169;26847
462562843;26848
462579517;26849
462596190;26850
462612864;26851
462629538;26852
462646211;26853
462662885;26854
462679558;26855
462696232;26856
462712906;26857
462729579;26858
462746253;26859
462762927;26860
462779600;26861
462796274;26862
462812947;26863
462829621;26864
462862968;26865
462879642;26866
462896316;26867
462912989;26868
462929663;26869
462946337;26870
462963010;26871
462979684;26872
462996358;26873
463013031;26874
463029705;26875
463046378;26876
463063052;26877
463079726;26878
463096399;26879
463113073;26880
463129747;26881
463146420;26882
463163094;26883
463179768;26884
463196441;26885
463213115;26886
463229789;26887
463246462;26888
463263136;26889
463279810;26890
463296483;26891
463313157;26892
463329831;26893
463363178;26894
463379851;26895
463396525;26896
463413199;26897
463429872;26898
463446546;26899
463463220;26900
463479893;26901
463496567;26902
463513241;26903
463529914;26904
463546588;26905
463563262;26906
463579935;26907
463596609;26908
463613282;26909
463629956;26910
463646630;26911
463663303;26912
463679977;26913
463696651;26914
463713324;26915
463729998;26916
463746672;26917
463763345;26918
463780019;26919
463796693;26920
463813366;26921
463830040;26922
463863387;26923
463880061;26924
463896734;26925
463913408;26926
463930082;26927
463946755;26928
463963429;26929
463980103;26930
463996776;26931
464013450;26932
464030124;26933
464046797;26934
464063471;26935
464080145;26936
464096818;26937
464113492;26938
464130166;26939
464146839;26940
464163513;26941
464180187;26942
464196860;26943
464213534;26944
464230207;26945
464246881;26946
464263555;26947
464280228;26948
464296902;26949
464313576;26950
464330249;26951
464363597;26952
464380270;26953
464396944;26954
464413618;26955
464430291;26956
464446965;26957
464463639;26958
464480312;26959
464496986;26960
464513660;26961
464530333;26962
464547007;26963
464563680;26964
464580354;26965
464597028;26966
464613701;26967
464630375;26968
464647049;26969
464663722;26970
464680396;26971
464697070;26972
464713743;26973
464730417;26974
464747091;26975
464763764;26976
464780438;26977
464797112;26978
464813785;26979
464830459;26980
464863806;26981
464880480;26982
464897153;26983
464913827;26984
464930501;26985
464947174;26986
464963848;26987
464980522;26988
464997195;26989
465013869;26990
465030543;26991
465047216;26992
465063890;26993
465080564;26994
465097237;26995
465113911;26996
465130585;26997
465147258;26998
465163932;26999
465180606;27000
465197279;27001
465213953;27002
465230627;27003
465247300;27004
465263974;27005
465280647;27006
465297321;27007
465313995;27008
465330669;27009
465364016;27010
465380690;27011
465397363;27012
465414037;27013
465430711;27014
465447384;27015
465464058;27016
465480731;27017
465497405;27018
465514079;27019
465530752;27020
465547426;27021
465564100;27022
465580773;27023
465597447;27024
465614121;27025
465630794;27026
465647468;27027
465664142;27028
465680815;27029
465697489;27030
465714163;27031
465730836;27032
465747510;27033
465764184;27034
465780857;27035
465797531;27036
465814205;27037
465830878;27038
465864226;27039
465880899;27040
465897573;27041
465914247;27042
465930920;27043
465947594;27044
465964268;27045
465980941;27046
465997615;27047
466014289;27048
466030962;27049
466047636;27050
466064309;27051
466080983;27052
466097657;27053
466114330;27054
466131004;27055
466147678;27056
466164351;27057
466181025;27058
466197699;27059
466214373;27060
466231046;27061
466247720;27062
466264393;27063
466281067;27064
466297741;27065
466314414;27066
466331088;27067
466364435;27068
466381109;27069
466397783;27070
466414456;27071
466431130;27072
466447804;27073
466464477;27074
466481151;27075
466497825;27076
466514499;27077
466531172;27078
466547846;27079
466564519;27080
466581193;27081
466597867;27082
466614540;27083
466631214;27084
466647888;27085
466664561;27086
466681235;27087
466697909;27088
466714582;27089
466731256;27090
466747930;27091
466764603;27092
466781277;27093
466797951;27094
466814624;27095
466831298;27096
466864645;27097
466881319;27098
466897993;27099
466914666;27100
466931340;27101
466948014;27102
466964687;27103
466981361;27104
466998035;27105
467014708;27106
467031382;27107
467048056;27108
467064729;27109
467081403;27110
467098077;27111
467114750;27112
467131424;27113
467148098;27114
467164771;27115
467181445;27116
467198119;27117
467214792;27118
467231466;27119
467248140;27120
467264814;27121
467281487;27122
467298161;27123
467314835;27124
467331508;27125
467364856;27126
467381529;27127
467398203;27128
467414876;27129
467431550;27130
467448224;27131
467464898;27132
467481571;27133
467498245;27134
467514919;27135
467531592;27136
467548266;27137
467564940;27138
467581613;27139
467598287;27140
467614961;27141
467631634;27142
467648308;27143
467664982;27144
467681655;27145
467698329;27146
467715003;27147
467731676;27148
467748350;27149
467765024;27150
467781697;27151
467798371;27152
467815045;27153
467831718;27154
467865066;27155
467881739;27156
467898413;27157
467915087;27158
467931760;27159
467948434;27160
467965108;27161
467981781;27162
467998455;27163
468015129;27164
468031802;27165
468048476;27166
468065150;27167
468081824;27168
468098497;27169
468115171;27170
468131844;27171
468148518;27172
468165192;27173
468181865;27174
468198539;27175
468215213;27176
468231887;27177
468248560;27178
468265234;27179
468281908;27180
468298581;27181
468315255;27182
468331929;27183
468365276;27184
468381950;27185
468398623;27186
468415297;27187
468431971;27188
468448644;27189
468465318;27190
468481992;27191
468498665;27192
468515339;27193
468532013;27194
468548687;27195
468565360;27196
468582034;27197
468598708;27198
468615381;27199
468632055;27200
468648729;27201
468665402;27202
468682076;27203
468698750;27204
468715423;27205
468732097;27206
468748771;27207
468765444;27208
468782118;27209
468798792;27210
468815465;27211
468832139;27212
468865486;27213
468882160;27214
468898834;27215
468915507;27216
468932181;27217
468948855;27218
468965528;27219
468982202;27220
468998876;27221
469015550;27222
469032223;27223
469048897;27224
469065571;27225
469082244;27226
469098918;27227
469115592;27228
469132265;27229
469148939;27230
469165613;27231
469182286;27232
469198960;27233
469215634;27234
469232307;27235
469248981;27236
469265655;27237
469282329;27238
469299002;27239
469315676;27240
469332350;27241
469365697;27242
469382371;27243
469399044;27244
469415718;27245
469432392;27246
469449065;27247
469465739;27248
469482413;27249
469499087;27250
469515760;27251
469532434;27252
469549108;27253
469565781;27254
469582455;27255
469599129;27256
469615802;27257
469632476;27258
469649150;27259
469665823;27260
469682497;27261
469699171;27262
469715844;27263
469732518;27264
469749192;27265
469765865;27266
469782539;27267
469799213;27268
469815887;27269
469832560;27270
469865908;27271
469882581;27272
469899255;27273
469915929;27274
469932602;27275
469949276;27276
469965950;27277
469982623;27278
469999297;27279
470015971;27280
470032645;27281
470049318;27282
470065992;27283
470082666;27284
470099339;27285
470116013;27286
470132687;27287
470149360;27288
470166034;27289
470182708;27290
470199382;27291
470216055;27292
470232729;27293
470249403;27294
470266076;27295
470282750;27296
470299424;27297
470316097;27298
470332771;27299
470366118;27300
470382792;27301
470399466;27302
470416140;27303
470432813;27304
470449487;27305
470466161;27306
470482834;27307
470499508;27308
470516182;27309
470532856;27310
470549529;27311
470566203;27312
470582877;27313
470599550;27314
470616224;27315
470632898;27316
470649571;27317
470666245;27318
470682919;27319
470699592;27320
470716266;27321
470732940;27322
470749613;27323
470766287;27324
470782961;27325
470799635;27326
470816308;27327
470832982;27328
470866329;27329
470883003;27330
470899677;27331
470916350;27332
470933024;27333
470949698;27334
470966371;27335
470983045;27336
470999719;27337
471016393;27338
471033066;27339
471049740;27340
471066414;27341
471083087;27342
471099761;27343
471116435;27344
471133109;27345
471149782;27346
471166456;27347
471183130;27348
471199803;27349
471216477;27350
471233151;27351
471249824;27352
471266498;27353
471283172;27354
471299846;27355
471316519;27356
471333193;27357
471366540;27358
471383214;27359
471399888;27360
471416562;27361
471433235;27362
471449909;27363
471466583;27364
471483256;27365
471499930;27366
471516604;27367
471533278;27368
471549951;27369
471566625;27370
471583299;27371
471599972;27372
471616646;27373
471633320;27374
471649993;27375
471666667;27376
471683341;27377
471700014;27378
471716688;27379
471733362;27380
471750036;27381
471766709;27382
471783383;27383
471800057;27384
471816730;27385
471833404;27386
471866752;27387
471883425;27388
471900099;27389
471916773;27390
471933446;27391
471950120;27392
471966794;27393
471983467;27394
472000141;27395
472016815;27396
472033489;27397
472050162;27398
472066836;27399
472083510;27400
472100183;27401
472116857;27402
472133531;27403
472150205;27404
472166878;27405
472183552;27406
472200226;27407
472216899;27408
472233573;27409
472250247;27410
472266921;27411
472283594;27412
472300268;27413
472316942;27414
472333615;27415
472366963;27416
472383637;27417
472400310;27418
472416984;27419
472433658;27420
472450331;27421
472467005;27422
472483679;27423
472500353;27424
472517026;27425
472533700;27426
472550374;27427
472567047;27428
472583721;27429
472600395;27430
472617069;27431
472633742;27432
472650416;27433
472667090;27434
472683763;27435
472700437;27436
472717111;27437
472733785;27438
472750458;27439
472767132;27440
472783806;27441
472800479;27442
472817153;27443
472833827;27444
472867174;27445
472883848;27446
472900522;27447
472917195;27448
472933869;27449
472950543;27450
472967217;27451
472983890;27452
473000564;27453
473017238;27454
473033911;27455
473050585;27456
473067259;27457
473083933;27458
473100606;27459
473117280;27460
473133954;27461
473150627;27462
473167301;27463
473183975;27464
473200649;27465
473217322;27466
473233996;27467
473250670;27468
473267343;27469
473284017;27470
473300691;27471
473317365;27472
473334038;27473
473367386;27474
473384059;27475
473400733;27476
473417407;27477
473434081;27478
473450754;27479
473467428;27480
473484102;27481
473500776;27482
473517449;27483
473534123;27484
473550797;27485
473567470;27486
473584144;27487
473600818;27488
473617492;27489
473634165;27490
473650839;27491
473667513;27492
473684186;27493
473700860;27494
473717534;27495
473734208;27496
473750881;27497
473767555;27498
473784229;27499
473800903;27500
473817576;27501
473834250;27502
473867597;27503
473884271;27504
473900945;27505
473917619;27506
473934292;27507
473950966;27508
473967640;27509
473984314;27510
474000987;27511
474017661;27512
474034335;27513
474051008;27514
474067682;27515
474084356;27516
474101030;27517
474117703;27518
474134377;27519
474151051;27520
474167724;27521
474184398;27522
474201072;27523
474217746;27524
474234419;27525
474251093;27526
474267767;27527
474284441;27528
474301114;27529
474317788;27530
474334462;27531
474367809;27532
474384483;27533
474401157;27534
474417830;27535
474434504;27536
474451178;27537
474467852;27538
474484525;27539
474501199;27540
474517873;27541
474534547;27542
474551220;27543
474567894;27544
474584568;27545
474601242;27546
474617915;27547
474634589;27548
474651263;27549
474667936;27550
474684610;27551
474701284;27552
474717958;27553
474734631;27554
474751305;27555
474767979;27556
474784653;27557
474801326;27558
474818000;27559
474834674;27560
474868021;27561
474884695;27562
474901369;27563
474918042;27564
474934716;27565
474951390;27566
474968064;27567
474984737;27568
475001411;27569
475018085;27570
475034758;27571
475051432;27572
475068106;27573
475084780;27574
475101453;27575
475118127;27576
475134801;27577
475151475;27578
475168148;27579
475184822;27580
475201496;27581
475218170;27582
475234843;27583
475251517;27584
475268191;27585
475284865;27586
475301538;27587
475318212;27588
475334886;27589
475368233;27590
475384907;27591
475401581;27592
475418255;27593
475434928;27594
475451602;27595
475468276;27596
475484950;27597
475501623;27598
475518297;27599
475534971;27600
475551644;27601
475568318;27602
475584992;27603
475601666;27604
475618339;27605
475635013;27606
475651687;27607
475668361;27608
475685034;27609
475701708;27610
475718382;27611
475735056;27612
475751729;27613
475768403;27614
475785077;27615
475801751;27616
475818424;27617
475835098;27618
475868445;27619
475885119;27620
475901793;27621
475918467;27622
475935140;27623
475951814;27624
475968488;27625
475985162;27626
476001835;27627
476018509;27628
476035183;27629
476051857;27630
476068530;27631
476085204;27632
476101878;27633
476118552;27634
476135225;27635
476151899;27636
476168573;27637
476185247;27638
476201920;27639
476218594;27640
476235268;27641
476251942;27642
476268615;27643
476285289;27644
476301963;27645
476318637;27646
476335310;27647
476368658;27648
476385332;27649
476402005;27650
476418679;27651
476435353;27652
476452027;27653
476468700;27654
476485374;27655
476502048;27656
476518722;27657
476535395;27658
476552069;27659
476568743;27660
476585417;27661
476602090;27662
476618764;27663
476635438;27664
476652112;27665
476668785;27666
476685459;27667
476702133;27668
476718807;27669
476735480;27670
476752154;27671
476768828;27672
476785502;27673
476802175;27674
476818849;27675
476835523;27676
476868870;27677
476885544;27678
476902218;27679
476918892;27680
476935565;27681
476952239;27682
476968913;27683
476985587;27684
477002260;27685
477018934;27686
477035608;27687
477052282;27688
477068955;27689
477085629;27690
477102303;27691
477118977;27692
477135650;27693
477152324;27694
477168998;27695
477185672;27696
477202345;27697
477219019;27698
477235693;27699
477252367;27700
477269040;27701
477285714;27702
477302388;27703
477319062;27704
477335735;27705
477369083;27706
477385757;27707
477402431;27708
477419104;27709
477435778;27710
477452452;27711
477469125;27712
477485799;27713
477502473;27714
477519147;27715
477535821;27716
477552494;27717
477569168;27718
477585842;27719
477602516;27720
477619189;27721
477635863;27722
477652537;27723
477669211;27724
477685884;27725
477702558;27726
477719232;27727
477735906;27728
477752579;27729
477769253;27730
477785927;27731
477802601;27732
477819274;27733
477835948;27734
477869296;27735
477885970;27736
477902643;27737
477919317;27738
477935991;27739
477952665;27740
477969338;27741
477986012;27742
478002686;27743
478019359;27744
478036033;27745
478052707;27746
478069381;27747
478086055;27748
478102728;27749
478119402;27750
478136076;27751
478152750;27752
478169423;27753
478186097;27754
478202771;27755
478219445;27756
478236118;27757
478252792;27758
478269466;27759
478286140;27760
478302813;27761
478319487;27762
478336161;27763
478369509;27764
478386182;27765
478402856;27766
478419530;27767
478436204;27768
478452877;27769
478469551;27770
478486225;27771
478502899;27772
478519573;27773
478536246;27774
478552920;27775
478569594;27776
478586267;27777
478602941;27778
478619615;27779
478636289;27780
478652963;27781
478669636;27782
478686310;27783
478702984;27784
478719658;27785
478736331;27786
478753005;27787
478769679;27788
478786353;27789
478803026;27790
478819700;27791
478836374;27792
478869722;27793
478886395;27794
478903069;27795
478919743;27796
478936417;27797
478953090;27798
478969764;27799
478986438;27800
479003112;27801
479019785;27802
479036459;27803
479053133;27804
479069807;27805
479086481;27806
479103154;27807
479119828;27808
479136502;27809
479153176;27810
479169849;27811
479186523;27812
479203197;27813
479219871;27814
479236544;27815
479253218;27816
479269892;27817
479286566;27818
479303240;27819
479319913;27820
479336587;27821
479369935;27822
479386608;27823
479403282;27824
479419956;27825
479436630;27826
479453304;27827
479469977;27828
479486651;27829
479503325;27830
479519999;27831
479536672;27832
479553346;27833
479570020;27834
479586694;27835
479603367;27836
479620041;27837
479636715;27838
479653389;27839
479670063;27840
479686736;27841
479703410;27842
479720084;27843
479736758;27844
479753431;27845
479770105;27846
479786779;27847
479803453;27848
479820127;27849
479836800;27850
479870148;27851
479886822;27852
479903495;27853
479920169;27854
479936843;27855
479953517;27856
479970190;27857
479986864;27858
480003538;27859
480020212;27860
480036886;27861
480053559;27862
480070233;27863
480086907;27864
480103581;27865
480120254;27866
480136928;27867
480153602;27868
480170276;27869
480186950;27870
480203623;27871
480220297;27872
480236971;27873
480253645;27874
480270319;27875
480286992;27876
480303666;27877
480320340;27878
480337014;27879
480370361;27880
480387035;27881
480403709;27882
480420383;27883
480437056;27884
480453730;27885
480470404;27886
480487078;27887
480503751;27888
480520425;27889
480537099;27890
480553773;27891
480570447;27892
480587120;27893
480603794;27894
480620468;27895
480637142;27896
480653815;27897
480670489;27898
480687163;27899
480703837;27900
480720511;27901
480737184;27902
480753858;27903
480770532;27904
480787206;27905
480803879;27906
480820553;27907
480837227;27908
480870575;27909
480887248;27910
480903922;27911
480920596;27912
480937270;27913
480953944;27914
480970617;27915
480987291;27916
481003965;27917
481020639;27918
481037312;27919
481053986;27920
481070660;27921
481087334;27922
481104008;27923
481120681;27924
481137355;27925
481154029;27926
481170703;27927
481187376;27928
481204050;27929
481220724;27930
481237398;27931
481254072;27932
481270745;27933
481287419;27934
481304093;27935
481320767;27936
481337440;27937
481370788;27938
481387462;27939
481404136;27940
481420809;27941
481437483;27942
481454157;27943
481470831;27944
481487505;27945
481504178;27946
481520852;27947
481537526;27948
481554200;27949
481570873;27950
481587547;27951
481604221;27952
481620895;27953
481637569;27954
481654242;27955
481670916;27956
481687590;27957
481704264;27958
481720938;27959
481737611;27960
481754285;27961
481770959;27962
481787633;27963
481804307;27964
481820980;27965
481837654;27966
481871002;27967
481887675;27968
481904349;27969
481921023;27970
481937697;27971
481954371;27972
481971044;27973
481987718;27974
482004392;27975
482021066;27976
482037739;27977
482054413;27978
482071087;27979
482087761;27980
482104435;27981
482121109;27982
482137782;27983
482154456;27984
482171130;27985
482187804;27986
482204477;27987
482221151;27988
482237825;27989
482254499;27990
482271173;27991
482287846;27992
482304520;27993
482321194;27994
482337868;27995
482371215;27996
482387889;27997
482404563;27998
482421237;27999
482437910;28000
482454584;28001
482471258;28002
482487932;28003
482504606;28004
482521279;28005
482537953;28006
482554627;28007
482571301;28008
482587975;28009
482604648;28010
482621322;28011
482637996;28012
482654670;28013
482671344;28014
482688017;28015
482704691;28016
482721365;28017
482738039;28018
482754713;28019
482771386;28020
482788060;28021
482804734;28022
482821408;28023
482838082;28024
482871429;28025
482888103;28026
482904777;28027
482921450;28028
482938124;28029
482954798;28030
482971472;28031
482988146;28032
483004819;28033
483021493;28034
483038167;28035
483054841;28036
483071515;28037
483088188;28038
483104862;28039
483121536;28040
483138210;28041
483154884;28042
483171557;28043
483188231;28044
483204905;28045
483221579;28046
483238253;28047
483254926;28048
483271600;28049
483288274;28050
483304948;28051
483321622;28052
483338295;28053
483371643;28054
483388317;28055
483404990;28056
483421664;28057
483438338;28058
483455012;28059
483471686;28060
483488359;28061
483505033;28062
483521707;28063
483538381;28064
483555055;28065
483571728;28066
483588402;28067
483605076;28068
483621750;28069
483638424;28070
483655097;28071
483671771;28072
483688445;28073
483705119;28074
483721793;28075
483738466;28076
483755140;28077
483771814;28078
483788488;28079
483805162;28080
483821835;28081
483838509;28082
483871857;28083
483888531;28084
483905204;28085
483921878;28086
483938552;28087
483955226;28088
483971900;28089
483988573;28090
484005247;28091
484021921;28092
484038595;28093
484055268;28094
484071942;28095
484088616;28096
484105290;28097
484121964;28098
484138637;28099
484155311;28100
484171985;28101
484188659;28102
484205333;28103
484222007;28104
484238680;28105
484255354;28106
484272028;28107
484288702;28108
484305375;28109
484322049;28110
484338723;28111
484372071;28112
484388745;28113
484405418;28114
484422092;28115
484438766;28116
484455440;28117
484472114;28118
484488787;28119
484505461;28120
484522135;28121
484538809;28122
484555482;28123
484572156;28124
484588830;28125
484605504;28126
484622178;28127
484638851;28128
484655525;28129
484672199;28130
484688873;28131
484705547;28132
484722220;28133
484738894;28134
484755568;28135
484772242;28136
484788916;28137
484805590;28138
484822263;28139
484838937;28140
484872285;28141
484888958;28142
484905632;28143
484922306;28144
484938980;28145
484955654;28146
484972328;28147
484989001;28148
485005675;28149
485022349;28150
485039023;28151
485055696;28152
485072370;28153
485089044;28154
485105718;28155
485122392;28156
485139066;28157
485155739;28158
485172413;28159
485189087;28160
485205761;28161
485222435;28162
485239108;28163
485255782;28164
485272456;28165
485289130;28166
485305804;28167
485322477;28168
485339151;28169
485372499;28170
485389173;28171
485405846;28172
485422520;28173
485439194;28174
485455868;28175
485472542;28176
485489215;28177
485505889;28178
485522563;28179
485539237;28180
485555911;28181
485572584;28182
485589258;28183
485605932;28184
485622606;28185
485639280;28186
485655953;28187
485672627;28188
485689301;28189
485705975;28190
485722649;28191
485739322;28192
485755996;28193
485772670;28194
485789344;28195
485806018;28196
485822692;28197
485839365;28198
485872713;28199
485889387;28200
485906060;28201
485922734;28202
485939408;28203
485956082;28204
485972756;28205
485989430;28206
486006103;28207
486022777;28208
486039451;28209
486056125;28210
486072798;28211
486089472;28212
486106146;28213
486122820;28214
486139494;28215
486156168;28216
486172841;28217
486189515;28218
486206189;28219
486222863;28220
486239537;28221
486256210;28222
486272884;28223
486289558;28224
486306232;28225
486322906;28226
486339579;28227
486372927;28228
486389601;28229
486406275;28230
486422948;28231
486439622;28232
486456296;28233
486472970;28234
486489644;28235
486506317;28236
486522991;28237
486539665;28238
486556339;28239
486573013;28240
486589686;28241
486606360;28242
486623034;28243
486639708;28244
486656382;28245
486673056;28246
486689729;28247
486706403;28248
486723077;28249
486739751;28250
486756425;28251
486773098;28252
486789772;28253
486806446;28254
486823120;28255
486839794;28256
486873141;28257
486889815;28258
486906489;28259
486923163;28260
486939836;28261
486956510;28262
486973184;28263
486989858;28264
487006532;28265
487023205;28266
487039879;28267
487056553;28268
487073227;28269
487089901;28270
487106574;28271
487123248;28272
487139922;28273
487156596;28274
487173270;28275
487189944;28276
487206617;28277
487223291;28278
487239965;28279
487256639;28280
487273313;28281
487289986;28282
487306660;28283
487323334;28284
487340008;28285
487373356;28286
487390029;28287
487406703;28288
487423377;28289
487440051;28290
487456724;28291
487473398;28292
487490072;28293
487506746;28294
487523420;28295
487540094;28296
487556767;28297
487573441;28298
487590115;28299
487606789;28300
487623463;28301
487640136;28302
487656810;28303
487673484;28304
487690158;28305
487706832;28306
487723505;28307
487740179;28308
487756853;28309
487773527;28310
487790201;28311
487806874;28312
487823548;28313
487840222;28314
487873570;28315
487890244;28316
487906917;28317
487923591;28318
487940265;28319
487956939;28320
487973613;28321
487990286;28322
488006960;28323
488023634;28324
488040308;28325
488056982;28326
488073655;28327
488090329;28328
488107003;28329
488123677;28330
488140351;28331
488157025;28332
488173698;28333
488190372;28334
488207046;28335
488223720;28336
488240394;28337
488257067;28338
488273741;28339
488290415;28340
488307089;28341
488323763;28342
488340436;28343
488373784;28344
488390458;28345
488407132;28346
488423805;28347
488440479;28348
488457153;28349
488473827;28350
488490501;28351
488507174;28352
488523848;28353
488540522;28354
488557196;28355
488573870;28356
488590543;28357
488607217;28358
488623891;28359
488640565;28360
488657239;28361
488673913;28362
488690586;28363
488707260;28364
488723934;28365
488740608;28366
488757282;28367
488773955;28368
488790629;28369
488807303;28370
488823977;28371
488840651;28372
488873998;28373
488890672;28374
488907346;28375
488924020;28376
488940693;28377
488957367;28378
488974041;28379
488990715;28380
489007389;28381
489024063;28382
489040736;28383
489057410;28384
489074084;28385
489090758;28386
489107432;28387
489124105;28388
489140779;28389
489157453;28390
489174127;28391
489190801;28392
489207474;28393
489224148;28394
489240822;28395
489257496;28396
489274170;28397
489290843;28398
489307517;28399
489324191;28400
489340865;28401
489374213;28402
489390886;28403
489407560;28404
489424234;28405
489440908;28406
489457582;28407
489474255;28408
489490929;28409
489507603;28410
489524277;28411
489540951;28412
489557624;28413
489574298;28414
489590972;28415
489607646;28416
489624320;28417
489640994;28418
489657667;28419
489674341;28420
489691015;28421
489707689;28422
489724363;28423
489741036;28424
489757710;28425
489774384;28426
489791058;28427
489807732;28428
489824405;28429
489841079;28430
489874427;28431
489891101;28432
489907774;28433
489924448;28434
489941122;28435
489957796;28436
489974470;28437
489991143;28438
490007817;28439
490024491;28440
490041165;28441
490057839;28442
490074513;28443
490091186;28444
490107860;28445
490124534;28446
490141208;28447
490157882;28448
490174555;28449
490191229;28450
490207903;28451
490224577;28452
490241251;28453
490257924;28454
490274598;28455
490291272;28456
490307946;28457
490324620;28458
490341294;28459
490374641;28460
490391315;28461
490407989;28462
490424663;28463
490441336;28464
490458010;28465
490474684;28466
490491358;28467
490508032;28468
490524705;28469
490541379;28470
490558053;28471
490574727;28472
490591401;28473
490608074;28474
490624748;28475
490641422;28476
490658096;28477
490674770;28478
490691443;28479
490708117;28480
490724791;28481
490741465;28482
490758139;28483
490774812;28484
490791486;28485
490808160;28486
490824834;28487
490841508;28488
490874855;28489
490891529;28490
490908203;28491
490924877;28492
490941551;28493
490958224;28494
490974898;28495
490991572;28496
491008246;28497
491024920;28498
491041593;28499
491058267;28500
491074941;28501
491091615;28502
491108289;28503
491124962;28504
491141636;28505
491158310;28506
491174984;28507
491191658;28508
491208331;28509
491225005;28510
491241679;28511
491258353;28512
491275027;28513
491291700;28514
491308374;28515
491325048;28516
491341722;28517
491375070;28518
491391743;28519
491408417;28520
491425091;28521
491441765;28522
491458439;28523
491475112;28524
491491786;28525
491508460;28526
491525134;28527
491541808;28528
491558481;28529
491575155;28530
491591829;28531
491608503;28532
491625177;28533
491641850;28534
491658524;28535
491675198;28536
491691872;28537
491708546;28538
491725219;28539
491741893;28540
491758567;28541
491775241;28542
491791915;28543
491808588;28544
491825262;28545
491841936;28546
491875284;28547
491891957;28548
491908631;28549
491925305;28550
491941979;28551
491958653;28552
491975327;28553
491992000;28554
492008674;28555
492025348;28556
492042022;28557
492058696;28558
492075369;28559
492092043;28560
492108717;28561
492125391;28562
492142065;28563
492158738;28564
492175412;28565
492192086;28566
492208760;28567
492225434;28568
492242107;28569
492258781;28570
492275455;28571
492292129;28572
492308803;28573
492325476;28574
492342150;28575
492375498;28576
492392172;28577
492408845;28578
492425519;28579
492442193;28580
492458867;28581
492475541;28582
492492214;28583
492508888;28584
492525562;28585
492542236;28586
492558910;28587
492575584;28588
492592257;28589
492608931;28590
492625605;28591
492642279;28592
492658953;28593
492675626;28594
492692300;28595
492708974;28596
492725648;28597
492742322;28598
492758995;28599
492775669;28600
492792343;28601
492809017;28602
492825691;28603
492842364;28604
492875712;28605
492892386;28606
492909059;28607
492925733;28608
492942407;28609
492959081;28610
492975755;28611
492992429;28612
493009102;28613
493025776;28614
493042450;28615
493059124;28616
493075798;28617
493092471;28618
493109145;28619
493125819;28620
493142493;28621
493159167;28622
493175840;28623
493192514;28624
493209188;28625
493225862;28626
493242535;28627
493259209;28628
493275883;28629
493292557;28630
493309231;28631
493325905;28632
493342578;28633
493375926;28634
493392600;28635
493409273;28636
493425947;28637
493442621;28638
493459295;28639
493475969;28640
493492642;28641
493509316;28642
493525990;28643
493542664;28644
493559338;28645
493576011;28646
493592685;28647
493609359;28648
493626033;28649
493642707;28650
493659380;28651
493676054;28652
493692728;28653
493709402;28654
493726076;28655
493742749;28656
493759423;28657
493776097;28658
493792771;28659
493809445;28660
493826119;28661
493842792;28662
493876140;28663
493892814;28664
493909487;28665
493926161;28666
493942835;28667
493959509;28668
493976183;28669
493992856;28670
494009530;28671
494026204;28672
494042878;28673
494059552;28674
494076225;28675
494092899;28676
494109573;28677
494126247;28678
494142921;28679
494159594;28680
494176268;28681
494192942;28682
494209616;28683
494226290;28684
494242963;28685
494259637;28686
494276311;28687
494292985;28688
494309658;28689
494326332;28690
494343006;28691
494376354;28692
494393027;28693
494409701;28694
494426375;28695
494443049;28696
494459723;28697
494476396;28698
494493070;28699
494509744;28700
494526418;28701
494543092;28702
494559766;28703
494576439;28704
494593113;28705
494609787;28706
494626461;28707
494643134;28708
494659808;28709
494676482;28710
494693156;28711
494709830;28712
494726503;28713
494743177;28714
494759851;28715
494776525;28716
494793199;28717
494809872;28718
494826546;28719
494843220;28720
494876568;28721
494893241;28722
494909915;28723
494926589;28724
494943263;28725
494959936;28726
494976610;28727
494993284;28728
495009958;28729
495026632;28730
495043305;28731
495059979;28732
495076653;28733
495093327;28734
495110001;28735
495126675;28736
495143348;28737
495160022;28738
495176696;28739
495193370;28740
495210043;28741
495226717;28742
495243391;28743
495260065;28744
495276739;28745
495293412;28746
495310086;28747
495326760;28748
495343434;28749
495376781;28750
495393455;28751
495410129;28752
495426803;28753
495443476;28754
495460150;28755
495476824;28756
495493498;28757
495510172;28758
495526845;28759
495543519;28760
495560193;28761
495576867;28762
495593541;28763
495610214;28764
495626888;28765
495643562;28766
495660236;28767
495676909;28768
495693583;28769
495710257;28770
495726931;28771
495743605;28772
495760278;28773
495776952;28774
495793626;28775
495810300;28776
495826974;28777
495843647;28778
495876995;28779
495893669;28780
495910343;28781
495927016;28782
495943690;28783
495960364;28784
495977038;28785
495993712;28786
496010385;28787
496027059;28788
496043733;28789
496060407;28790
496077081;28791
496093754;28792
496110428;28793
496127102;28794
496143776;28795
496160449;28796
496177123;28797
496193797;28798
496210471;28799
496227144;28800
496243818;28801
496260492;28802
496277166;28803
496293840;28804
496310513;28805
496327187;28806
496343861;28807
496377209;28808
496393882;28809
496410556;28810
496427230;28811
496443904;28812
496460578;28813
496477251;28814
496493925;28815
496510599;28816
496527273;28817
496543946;28818
496560620;28819
496577294;28820
496593968;28821
496610642;28822
496627315;28823
496643989;28824
496660663;28825
496677337;28826
496694011;28827
496710684;28828
496727358;28829
496744032;28830
496760706;28831
496777379;28832
496794053;28833
496810727;28834
496827401;28835
496844075;28836
496877422;28837
496894096;28838
496910770;28839
496927444;28840
496944117;28841
496960791;28842
496977465;28843
496994139;28844
497010813;28845
497027486;28846
497044160;28847
497060834;28848
497077508;28849
497094181;28850
497110855;28851
497127529;28852
497144203;28853
497160877;28854
497177550;28855
497194224;28856
497210898;28857
497227572;28858
497244245;28859
497260919;28860
497277593;28861
497294267;28862
497310940;28863
497327614;28864
497344288;28865
497377636;28866
497394309;28867
497410983;28868
497427657;28869
497444331;28870
497461005;28871
497477678;28872
497494352;28873
497511026;28874
497527700;28875
497544373;28876
497561047;28877
497577721;28878
497594395;28879
497611069;28880
497627742;28881
497644416;28882
497661090;28883
497677764;28884
497694437;28885
497711111;28886
497727785;28887
497744459;28888
497761133;28889
497777806;28890
497794480;28891
497811154;28892
497827828;28893
497844501;28894
497877849;28895
497894523;28896
497911197;28897
497927870;28898
497944544;28899
497961218;28900
497977892;28901
497994565;28902
498011239;28903
498027913;28904
498044587;28905
498061261;28906
498077934;28907
498094608;28908
498111282;28909
498127956;28910
498144629;28911
498161303;28912
498177977;28913
498194651;28914
498211325;28915
498227998;28916
498244672;28917
498261346;28918
498278020;28919
498294694;28920
498311367;28921
498328041;28922
498344715;28923
498378062;28924
498394736;28925
498411410;28926
498428084;28927
498444757;28928
498461431;28929
498478105;28930
498494779;28931
498511452;28932
498528126;28933
498544800;28934
498561474;28935
498578148;28936
498594821;28937
498611495;28938
498628169;28939
498644843;28940
498661517;28941
498678190;28942
498694864;28943
498711538;28944
498728212;28945
498744885;28946
498761559;28947
498778233;28948
498794907;28949
498811580;28950
498828254;28951
498844928;28952
498878276;28953
498894949;28954
498911623;28955
498928297;28956
498944971;28957
498961644;28958
498978318;28959
498994992;28960
499011666;28961
499028339;28962
499045013;28963
499061687;28964
499078361;28965
499095035;28966
499111708;28967
499128382;28968
499145056;28969
499161730;28970
499178403;28971
499195077;28972
499211751;28973
499228425;28974
499245099;28975
499261772;28976
499278446;28977
499295120;28978
499311794;28979
499328467;28980
499345141;28981
499378489;28982
499395162;28983
499411836;28984
499428510;28985
499445184;28986
499461857;28987
499478531;28988
499495205;28989
499511879;28990
499528553;28991
499545226;28992
499561900;28993
499578574;28994
499595248;28995
499611921;28996
499628595;28997
499645269;28998
499661943;28999
499678616;29000
499695290;29001
499711964;29002
499728638;29003
499745311;29004
499761985;29005
499778659;29006
499795333;29007
499812007;29008
499828680;29009
499845354;29010
499878702;29011
499895375;29012
499912049;29013
499928723;29014
499945397;29015
499962070;29016
499978744;29017
499995418;29018
500012092;29019
500028766;29020
500045439;29021
500062113;29022
500078787;29023
500095461;29024
500112134;29025
500128808;29026
500145482;29027
500162156;29028
500178829;29029
500195503;29030
500212177;29031
500228851;29032
500245524;29033
500262198;29034
500278872;29035
500295546;29036
500312220;29037
500328893;29038
500345567;29039
500378914;29040
500395588;29041
500412262;29042
500428936;29043
500445610;29044
500462283;29045
500478957;29046
500495631;29047
500512305;29048
500528978;29049
500545652;29050
500562326;29051
500579000;29052
500595673;29053
500612347;29054
500629021;29055
500645695;29056
500662368;29057
500679042;29058
500695716;29059
500712390;29060
500729064;29061
500745737;29062
500762411;29063
500779085;29064
500795759;29065
500812432;29066
500829106;29067
500845780;29068
500879127;29069
500895801;29070
500912475;29071
500929149;29072
500945822;29073
500962496;29074
500979170;29075
500995844;29076
501012517;29077
501029191;29078
501045865;29079
501062539;29080
501079212;29081
501095886;29082
501112560;29083
501129234;29084
501145908;29085
501162581;29086
501179255;29087
501195929;29088
501212602;29089
501229276;29090
501245950;29091
501262624;29092
501279297;29093
501295971;29094
501312645;29095
501329319;29096
501345993;29097
501379340;29098
501396014;29099
501412688;29100
501429361;29101
501446035;29102
501462709;29103
501479382;29104
501496056;29105
501512730;29106
501529404;29107
501546078;29108
501562751;29109
501579425;29110
501596099;29111
501612773;29112
501629446;29113
501646120;29114
501662794;29115
501679468;29116
501696141;29117
501712815;29118
501729489;29119
501746163;29120
501762836;29121
501779510;29122
501796184;29123
501812858;29124
501829531;29125
501846205;29126
501879553;29127
501896226;29128
501912900;29129
501929574;29130
501946248;29131
501962921;29132
501979595;29133
501996269;29134
502012943;29135
502029616;29136
502046290;29137
502062964;29138
502079638;29139
502096311;29140
502112985;29141
502129659;29142
502146333;29143
502163006;29144
502179680;29145
502196354;29146
502213028;29147
502229701;29148
502246375;29149
502263049;29150
502279723;29151
502296396;29152
502313070;29153
502329744;29154
502346418;29155
502379765;29156
502396439;29157
502413113;29158
502429786;29159
502446460;29160
502463134;29161
502479808;29162
502496481;29163
502513155;29164
502529829;29165
502546503;29166
502563176;29167
502579850;29168
502596524;29169
502613198;29170
502629871;29171
502646545;29172
502663219;29173
502679893;29174
502696566;29175
502713240;29176
502729914;29177
502746588;29178
502763261;29179
502779935;29180
502796609;29181
502813282;29182
502829956;29183
502846630;29184
502879977;29185
502896651;29186
502913325;29187
502929999;29188
502946672;29189
502963346;29190
502980020;29191
502996694;29192
503013367;29193
503030041;29194
503046715;29195
503063389;29196
503080062;29197
503096736;29198
503113410;29199
503130084;29200
503146757;29201
503163431;29202
503180105;29203
503196779;29204
503213452;29205
503230126;29206
503246800;29207
503263473;29208
503280147;29209
503296821;29210
503313495;29211
503330168;29212
503346842;29213
503380190;29214
503396863;29215
503413537;29216
503430211;29217
503446885;29218
503463558;29219
503480232;29220
503496906;29221
503513580;29222
503530253;29223
503546927;29224
503563601;29225
503580275;29226
503596948;29227
503613622;29228
503630296;29229
503646969;29230
503663643;29231
503680317;29232
503696991;29233
503713664;29234
503730338;29235
503747012;29236
503763686;29237
503780359;29238
503797033;29239
503813707;29240
503830381;29241
503847054;29242
503880402;29243
503897076;29244
503913749;29245
503930423;29246
503947097;29247
503963770;29248
503980444;29249
503997118;29250
504013792;29251
504030465;29252
504047139;29253
504063813;29254
504080487;29255
504097160;29256
504113834;29257
504130508;29258
504147182;29259
504163855;29260
504180529;29261
504197203;29262
504213876;29263
504230550;29264
504247224;29265
504263898;29266
504280571;29267
504297245;29268
504313919;29269
504330593;29270
504347266;29271
504380614;29272
504397288;29273
504413961;29274
504430635;29275
504447309;29276
504463982;29277
504480656;29278
504497330;29279
504514004;29280
504530677;29281
504547351;29282
504564025;29283
504580699;29284
504597372;29285
504614046;29286
504630720;29287
504647394;29288
504664067;29289
504680741;29290
504697415;29291
504714088;29292
504730762;29293
504747436;29294
504764110;29295
504780783;29296
504797457;29297
504814131;29298
504830804;29299
504847478;29300
504880826;29301
504897499;29302
504914173;29303
504930847;29304
504947521;29305
504964194;29306
504980868;29307
504997542;29308
505014216;29309
-1;-1
-1;-1
-1;-1
-1;-1
-1;-1
-1;-1
-1;-1
-1;-1
-1;-1
-1;-1
-1;-1
-1;-1
-1;-1
-1;-1
-1;-1
-1;-1
-1;-1
-1;-1
-1;-1
-1;-1
-1;-1
-1;-1
-1;-1
-1;-1
-1;-1
-1;-1
-1;-1
-1;-1
-1;-1
-1;-1
-1;-1
-1;-1
-1;-1
-1;-1
-1;-1
-1;-1
-1;-1
-1;-1
-1;-1
-1;-1
-1;-1
-1;-1
-1;-1
-1;-1
-1;-1
-1;-1
-1;-1
-1;-1
-1;-1
-1;-1
-1;-1
-1;-1
-1;-1
-1;-1
-1;-1
-1;-1
-1;-1
-1;-1
-1;-1
-1;-1
-1;-1
-1;-1
-1;-1
-1;-1
-1;-1
-1;-1
-1;-1
-1;-1
-1;-1
-1;-1
-1;-1
-1;-1
-1;-1
-1;-1
-1;-1
-1;-1
-1;-1
-1;-1
-1;-1
-1;-1
-1;-1
-1;-1
-1;-1
-1;-1
-1;-1
-1;-1
-1;-1
-1;-1
-1;-1
-1;-1
-1;-1
-1;-1
-1;-1
-1;-1
-1;-1
-1;-1
-1;-1
-1;-1
-1;-1
-1;-1
-1;-1
-1;-1
-1;-1
-1;-1
-1;-1
-1;-1
-1;-1
-1;-1
-1;-1
-1;-1
-1;-1
-1;-1
-1;-1
-1;-1
-1;-1
-1;-1
-1;-1
-1;-1
-1;-1
-1;-1
-1;-1
-1;-1
-1;-1
-1;-1
-1;-1
-1;-1
-1;-1
-1;-1
-1;-1
-1;-1
-1;-1
-1;-1
-1;-1
-1;-1
-1;-1
-1;-1
-1;-1
-1;-1
-1;-1
-1;-1
-1;-1
-1;-1
-1;-1
-1;-1
-1;-1
-1;-1
-1;-1
-1;-1
-1;-1
-1;-1
-1;-1
-1;-1
-1;-1
-1;-1
-1;-1
-1;-1
-1;-1
-1;-1
-1;-1
-1;-1
-1;-1
-1;-1
-1;-1
-1;-1
-1;-1
-1;-1
-1;-1
-1;-1
-1;-1
-1;-1
-1;-1
-1;-1
-1;-1
-1;-1
-1;-1
-1;-1
-1;-1
-1;-1
-1;-1
-1;-1
-1;-1
-1;-1
-1;-1
-1;-1
-1;-1
-1;-1
-1;-1
-1;-1
-1;-1
-1;-1
-1;-1
-1;-1
-1;-1
