409374574;23764
409391248;23765
409407921;23766
409424595;23767
409441269;23768
409457943;23769
409474616;23770
409491290;23771
409507964;23772
409524637;23773
409541311;23774
409557985;23775
409574658;23776
409591332;23777
409608006;23778
409624679;23779
409641353;23780
409658027;23781
409674700;23782
409691374;23783
409708048;23784
409724721;23785
409741395;23786
409758069;23787
409774742;23788
409791416;23789
409808090;23790
409824763;23791
409858111;23792
409874785;23793
409891458;23794
409908132;23795
409924805;23796
409941479;23797
409958153;23798
409974827;23799
409991500;23800
410008174;23801
410024848;23802
410041521;23803
410058195;23804
410074869;23805
410091542;23806
410108216;23807
410124890;23808
410141563;23809
410158237;23810
410174911;23811
410191584;23812
410208258;23813
410224932;23814
410241605;23815
410258279;23816
410274953;23817
410291626;23818
410308300;23819
410324974;23820
410358321;23821
410374995;23822
410391669;23823
410408342;23824
410425016;23825
410441690;23826
410458363;23827
410475037;23828
410491711;23829
410508384;23830
410525058;23831
410541732;23832
410558405;23833
410575079;23834
410591753;23835
410608426;23836
410625100;23837
410641774;23838
410658448;23839
410675121;23840
410691795;23841
410708469;23842
410725142;23843
410741816;23844
410758490;23845
410775163;23846
410791837;23847
410808511;23848
410825184;23849
410858532;23850
410875205;23851
410891879;23852
410908553;23853
410925226;23854
410941900;23855
410958574;23856
410975247;23857
410991921;23858
411008595;23859
411025269;23860
411041942;23861
411058616;23862
411075290;23863
411091963;23864
411108637;23865
411125311;23866
411141984;23867
411158658;23868
411175332;23869
411192005;23870
411208679;23871
411225353;23872
411242026;23873
411258700;23874
411275374;23875
411292047;23876
411308721;23877
411325395;23878
411358742;23879
411375416;23880
411392090;23881
411408763;23882
411425437;23883
411442111;23884
411458784;23885
411475458;23886
411492132;23887
411508805;23888
411525479;23889
411542153;23890
411558826;23891
411575500;23892
411592174;23893
411608848;23894
411625521;23895
411642195;23896
411658869;23897
411675542;23898
411692216;23899
411708890;23900
411725563;23901
411742237;23902
411758911;23903
411775584;23904
411792258;23905
411808932;23906
411825605;23907
411858953;23908
411875627;23909
411892300;23910
411908974;23911
411925648;23912
411942321;23913
411958995;23914
411975669;23915
411992342;23916
412009016;23917
412025690;23918
412042363;23919
412059037;23920
412075711;23921
412092384;23922
412109058;23923
412125732;23924
412142406;23925
412159079;23926
412175753;23927
412192427;23928
412209100;23929
412225774;23930
412242448;23931
412259121;23932
412275795;23933
412292469;23934
412309142;23935
412325816;23936
412359163;23937
412375837;23938
412392511;23939
412409185;23940
412425858;23941
412442532;23942
412459206;23943
412475879;23944
412492553;23945
412509227;23946
412525900;23947
412542574;23948
412559248;23949
412575921;23950
412592595;23951
412609269;23952
412625942;23953
412642616;23954
412659290;23955
412675964;23956
412692637;23957
412709311;23958
412725985;23959
412742658;23960
412759332;23961
412776006;23962
412792679;23963
412809353;23964
412826027;23965
412859374;23966
412876048;23967
412892722;23968
412909395;23969
412926069;23970
412942743;23971
412959416;23972
412976090;23973
412992764;23974
413009437;23975
413026111;23976
413042785;23977
413059458;23978
413076132;23979
413092806;23980
413109480;23981
413126153;23982
413142827;23983
413159501;23984
413176174;23985
413192848;23986
413209522;23987
413226195;23988
413242869;23989
413259543;23990
413276216;23991
413292890;23992
413309564;23993
413326238;23994
413359585;23995
413376259;23996
413392932;23997
413409606;23998
413426280;23999
413442953;24000
413459627;24001
413476301;24002
413492974;24003
413509648;24004
413526322;24005
413542995;24006
413559669;24007
413576343;24008
413593017;24009
413609690;24010
413626364;24011
413643038;24012
413659711;24013
413676385;24014
413693059;24015
413709732;24016
413726406;24017
413743080;24018
413759753;24019
413776427;24020
413793101;24021
413809775;24022
413826448;24023
413859796;24024
413876469;24025
413893143;24026
413909817;24027
413926490;24028
413943164;24029
413959838;24030
413976511;24031
413993185;24032
414009859;24033
414026533;24034
414043206;24035
414059880;24036
414076554;24037
414093227;24038
414109901;24039
414126575;24040
414143248;24041
414159922;24042
414176596;24043
414193269;24044
414209943;24045
414226617;24046
414243291;24047
414259964;24048
414276638;24049
414293312;24050
414309985;24051
414326659;24052
414360006;24053
414376680;24054
414393354;24055
414410028;24056
414426701;24057
414443375;24058
414460049;24059
414476722;24060
414493396;24061
414510070;24062
414526743;24063
414543417;24064
414560091;24065
414576765;24066
414593438;24067
414610112;24068
414626786;24069
414643459;24070
414660133;24071
414676807;24072
414693480;24073
414710154;24074
414726828;24075
414743502;24076
414760175;24077
414776849;24078
414793523;24079
414810196;24080
414826870;24081
414860217;24082
414876891;24083
414893565;24084
414910238;24085
414926912;24086
414943586;24087
414960260;24088
414976933;24089
414993607;24090
415010281;24091
415026954;24092
415043628;24093
415060302;24094
415076975;24095
415093649;24096
415110323;24097
415126997;24098
415143670;24099
415160344;24100
415177018;24101
415193691;24102
415210365;24103
415227039;24104
415243712;24105
415260386;24106
415277060;24107
415293733;24108
415310407;24109
415327081;24110
415360428;24111
415377102;24112
415393776;24113
415410449;24114
415427123;24115
415443797;24116
415460471;24117
415477144;24118
415493818;24119
415510492;24120
415527165;24121
415543839;24122
415560513;24123
415577186;24124
415593860;24125
415610534;24126
415627207;24127
415643881;24128
415660555;24129
415677229;24130
415693902;24131
415710576;24132
415727250;24133
415743923;24134
415760597;24135
415777271;24136
415793945;24137
415810618;24138
415827292;24139
415860639;24140
415877313;24141
415893987;24142
415910660;24143
415927334;24144
415944008;24145
415960681;24146
415977355;24147
415994029;24148
416010703;24149
416027376;24150
416044050;24151
416060724;24152
416077397;24153
416094071;24154
416110745;24155
416127418;24156
416144092;24157
416160766;24158
416177440;24159
416194113;24160
416210787;24161
416227461;24162
416244134;24163
416260808;24164
416277482;24165
416294155;24166
416310829;24167
416327503;24168
416360850;24169
416377524;24170
416394198;24171
416410871;24172
416427545;24173
416444219;24174
416460892;24175
416477566;24176
416494240;24177
416510914;24178
416527587;24179
416544261;24180
416560935;24181
416577608;24182
416594282;24183
416610956;24184
416627629;24185
416644303;24186
416660977;24187
416677651;24188
416694324;24189
416710998;24190
416727672;24191
416744345;24192
416761019;24193
416777693;24194
416794366;24195
416811040;24196
416827714;24197
416861061;24198
416877735;24199
416894409;24200
416911082;24201
416927756;24202
416944430;24203
416961104;24204
416977777;24205
416994451;24206
417011125;24207
417027798;24208
417044472;24209
417061146;24210
417077819;24211
417094493;24212
417111167;24213
417127840;24214
417144514;24215
417161188;24216
417177862;24217
417194535;24218
417211209;24219
417227883;24220
417244556;24221
417261230;24222
417277904;24223
417294578;24224
417311251;24225
417327925;24226
417361272;24227
417377946;24228
417394620;24229
417411294;24230
417427967;24231
417444641;24232
417461315;24233
417477988;24234
417494662;24235
417511336;24236
417528010;24237
417544683;24238
417561357;24239
417578031;24240
417594704;24241
417611378;24242
417628052;24243
417644725;24244
417661399;24245
417678073;24246
417694746;24247
417711420;24248
417728094;24249
417744768;24250
417761441;24251
417778115;24252
417794789;24253
417811462;24254
417828136;24255
417861484;24256
417878157;24257
417894831;24258
417911505;24259
417928178;24260
417944852;24261
417961526;24262
417978199;24263
417994873;24264
418011547;24265
418028221;24266
418044894;24267
418061568;24268
418078242;24269
418094915;24270
418111589;24271
418128263;24272
418144936;24273
418161610;24274
418178284;24275
418194958;24276
418211631;24277
418228305;24278
418244979;24279
418261652;24280
418278326;24281
418295000;24282
418311674;24283
418328347;24284
418361695;24285
418378368;24286
418395042;24287
418411716;24288
418428389;24289
418445063;24290
418461737;24291
418478411;24292
418495084;24293
418511758;24294
418528432;24295
418545105;24296
418561779;24297
418578453;24298
418595127;24299
418611800;24300
418628474;24301
418645148;24302
418661821;24303
418678495;24304
418695169;24305
418711842;24306
418728516;24307
418745190;24308
418761864;24309
418778537;24310
418795211;24311
418811885;24312
418828558;24313
418861906;24314
418878579;24315
418895253;24316
418911927;24317
418928601;24318
418945274;24319
418961948;24320
418978622;24321
418995295;24322
419011969;24323
419028643;24324
419045317;24325
419061990;24326
419078664;24327
419095338;24328
419112011;24329
419128685;24330
419145359;24331
419162033;24332
419178706;24333
419195380;24334
419212054;24335
419228727;24336
419245401;24337
419262075;24338
419278748;24339
419295422;24340
419312096;24341
419328770;24342
419362117;24343
419378791;24344
419395464;24345
419412138;24346
419428812;24347
419445486;24348
419462159;24349
419478833;24350
419495507;24351
419512180;24352
419528854;24353
419545528;24354
419562201;24355
419578875;24356
419595549;24357
419612223;24358
419628896;24359
419645570;24360
419662244;24361
419678917;24362
419695591;24363
419712265;24364
419728939;24365
419745612;24366
419762286;24367
419778960;24368
419795633;24369
419812307;24370
419828981;24371
419862328;24372
419879002;24373
419895676;24374
419912349;24375
419929023;24376
419945697;24377
419962370;24378
419979044;24379
419995718;24380
420012392;24381
420029065;24382
420045739;24383
420062413;24384
420079086;24385
420095760;24386
420112434;24387
420129108;24388
420145781;24389
420162455;24390
420179129;24391
420195802;24392
420212476;24393
420229150;24394
420245824;24395
420262497;24396
420279171;24397
420295845;24398
420312518;24399
420329192;24400
420362540;24401
420379213;24402
420395887;24403
420412561;24404
420429234;24405
420445908;24406
420462582;24407
420479255;24408
420495929;24409
420512603;24410
420529277;24411
420545950;24412
420562624;24413
420579298;24414
420595971;24415
420612645;24416
420629319;24417
420645993;24418
420662666;24419
420679340;24420
420696014;24421
420712687;24422
420729361;24423
420746035;24424
420762709;24425
420779382;24426
420796056;24427
420812730;24428
420829403;24429
420862751;24430
420879425;24431
420896098;24432
420912772;24433
420929446;24434
420946119;24435
420962793;24436
420979467;24437
420996141;24438
421012814;24439
421029488;24440
421046162;24441
421062835;24442
421079509;24443
421096183;24444
421112856;24445
421129530;24446
421146204;24447
421162878;24448
421179551;24449
421196225;24450
421212899;24451
421229572;24452
421246246;24453
421262920;24454
421279594;24455
421296267;24456
421312941;24457
421329615;24458
421362962;24459
421379636;24460
421396310;24461
421412983;24462
421429657;24463
421446331;24464
421463004;24465
421479678;24466
421496352;24467
421513026;24468
421529699;24469
421546373;24470
421563047;24471
421579720;24472
421596394;24473
421613068;24474
421629742;24475
421646415;24476
421663089;24477
421679763;24478
421696436;24479
421713110;24480
421729784;24481
421746457;24482
421763131;24483
421779805;24484
421796479;24485
421813152;24486
421829826;24487
421863173;24488
421879847;24489
421896521;24490
421913195;24491
421929868;24492
421946542;24493
421963216;24494
421979889;24495
421996563;24496
422013237;24497
422029911;24498
422046584;24499
422063258;24500
422079932;24501
422096605;24502
422113279;24503
422129953;24504
422146627;24505
422163300;24506
422179974;24507
422196648;24508
422213321;24509
422229995;24510
422246669;24511
422263343;24512
422280016;24513
422296690;24514
422313364;24515
422330037;24516
422363385;24517
422380059;24518
422396732;24519
422413406;24520
422430080;24521
422446753;24522
422463427;24523
422480101;24524
422496774;24525
422513448;24526
422530122;24527
422546796;24528
422563469;24529
422580143;24530
422596817;24531
422613490;24532
422630164;24533
422646838;24534
422663512;24535
422680185;24536
422696859;24537
422713533;24538
422730206;24539
422746880;24540
422763554;24541
422780228;24542
422796901;24543
422813575;24544
422830249;24545
422863596;24546
422880270;24547
422896944;24548
422913617;24549
422930291;24550
422946965;24551
422963638;24552
422980312;24553
422996986;24554
423013660;24555
423030333;24556
423047007;24557
423063681;24558
423080354;24559
423097028;24560
423113702;24561
423130376;24562
423147049;24563
423163723;24564
423180397;24565
423197070;24566
423213744;24567
423230418;24568
423247092;24569
423263765;24570
423280439;24571
423297113;24572
423313786;24573
423330460;24574
423363808;24575
423380481;24576
423397155;24577
423413829;24578
423430503;24579
423447176;24580
423463850;24581
423480524;24582
423497197;24583
423513871;24584
423530545;24585
423547218;24586
423563892;24587
423580566;24588
423597240;24589
423613913;24590
423630587;24591
423647261;24592
423663934;24593
423680608;24594
423697282;24595
423713956;24596
423730629;24597
423747303;24598
423763977;24599
423780650;24600
423797324;24601
423813998;24602
423830671;24603
423864019;24604
423880693;24605
423897366;24606
423914040;24607
423930714;24608
423947388;24609
423964061;24610
423980735;24611
423997409;24612
424014082;24613
424030756;24614
424047430;24615
424064103;24616
424080777;24617
424097451;24618
424114125;24619
424130798;24620
424147472;24621
424164146;24622
424180820;24623
424197493;24624
424214167;24625
424230841;24626
424247514;24627
424264188;24628
424280862;24629
424297536;24630
424314209;24631
424330883;24632
424364230;24633
424380904;24634
424397578;24635
424414251;24636
424430925;24637
424447599;24638
424464273;24639
424480946;24640
424497620;24641
424514294;24642
424530968;24643
424547641;24644
424564315;24645
424580989;24646
424597662;24647
424614336;24648
424631010;24649
424647684;24650
424664357;24651
424681031;24652
424697705;24653
424714378;24654
424731052;24655
424747726;24656
424764399;24657
424781073;24658
424797747;24659
424814421;24660
424831094;24661
424864442;24662
424881116;24663
424897789;24664
424914463;24665
424931137;24666
424947810;24667
424964484;24668
424981158;24669
424997831;24670
425014505;24671
425031179;24672
425047853;24673
425064526;24674
425081200;24675
425097874;24676
425114547;24677
425131221;24678
425147895;24679
425164569;24680
425181242;24681
425197916;24682
425214590;24683
425231264;24684
425247937;24685
425264611;24686
425281285;24687
425297958;24688
425314632;24689
425331306;24690
425364653;24691
425381327;24692
425398001;24693
425414674;24694
425431348;24695
425448022;24696
425464695;24697
425481369;24698
425498043;24699
425514717;24700
425531390;24701
425548064;24702
425564738;24703
425581411;24704
425598085;24705
425614759;24706
425631433;24707
425648106;24708
425664780;24709
425681454;24710
425698127;24711
425714801;24712
425731475;24713
425748149;24714
425764822;24715
425781496;24716
425798170;24717
425814844;24718
425831517;24719
425864865;24720
425881538;24721
425898212;24722
425914886;24723
425931559;24724
425948233;24725
425964907;24726
425981581;24727
425998254;24728
426014928;24729
426031602;24730
426048276;24731
426064949;24732
426081623;24733
426098297;24734
426114970;24735
426131644;24736
426148318;24737
426164992;24738
426181665;24739
426198339;24740
426215013;24741
426231686;24742
426248360;24743
426265034;24744
426281708;24745
426298381;24746
426315055;24747
426331729;24748
426365076;24749
426381750;24750
426398424;24751
426415097;24752
426431771;24753
426448445;24754
426465118;24755
426481792;24756
426498466;24757
426515140;24758
426531813;24759
426548487;24760
426565161;24761
426581834;24762
426598508;24763
426615182;24764
426631856;24765
426648529;24766
426665203;24767
426681877;24768
426698550;24769
426715224;24770
426731898;24771
426748571;24772
426765245;24773
426781919;24774
426798593;24775
426815266;24776
426831940;24777
426865287;24778
426881961;24779
426898635;24780
426915309;24781
426931982;24782
426948656;24783
426965330;24784
426982004;24785
426998677;24786
427015351;24787
427032025;24788
427048698;24789
427065372;24790
427082046;24791
427098720;24792
427115393;24793
427132067;24794
427148741;24795
427165414;24796
427182088;24797
427198762;24798
427215435;24799
427232109;24800
427248783;24801
427265457;24802
427282130;24803
427298804;24804
427315478;24805
427332151;24806
427365499;24807
427382173;24808
427398846;24809
427415520;24810
427432194;24811
427448867;24812
427465541;24813
427482215;24814
427498889;24815
427515562;24816
427532236;24817
427548910;24818
427565583;24819
427582257;24820
427598931;24821
427615605;24822
427632278;24823
427648952;24824
427665626;24825
427682299;24826
427698973;24827
427715647;24828
427732321;24829
427748994;24830
427765668;24831
427782342;24832
427799015;24833
427815689;24834
427832363;24835
427865710;24836
427882384;24837
427899058;24838
427915731;24839
427932405;24840
427949079;24841
427965753;24842
427982426;24843
427999100;24844
428015774;24845
428032447;24846
428049121;24847
428065795;24848
428082468;24849
428099142;24850
428115816;24851
428132490;24852
428149163;24853
428165837;24854
428182511;24855
428199185;24856
428215858;24857
428232532;24858
428249206;24859
428265879;24860
428282553;24861
428299227;24862
428315901;24863
428332574;24864
428365922;24865
428382595;24866
428399269;24867
428415943;24868
428432616;24869
428449290;24870
428465964;24871
428482638;24872
428499311;24873
428515985;24874
428532659;24875
428549332;24876
428566006;24877
428582680;24878
428599354;24879
428616027;24880
428632701;24881
428649375;24882
428666048;24883
428682722;24884
428699396;24885
428716070;24886
428732743;24887
428749417;24888
428766091;24889
428782764;24890
428799438;24891
428816112;24892
428832786;24893
428866133;24894
428882807;24895
428899481;24896
428916154;24897
428932828;24898
428949502;24899
428966175;24900
428982849;24901
428999523;24902
429016196;24903
429032870;24904
429049544;24905
429066218;24906
429082891;24907
429099565;24908
429116239;24909
429132912;24910
429149586;24911
429166260;24912
429182934;24913
429199607;24914
429216281;24915
429232955;24916
429249628;24917
429266302;24918
429282976;24919
429299650;24920
429316323;24921
429332997;24922
429366344;24923
429383018;24924
429399692;24925
429416366;24926
429433039;24927
429449713;24928
429466387;24929
429483060;24930
429499734;24931
429516408;24932
429533081;24933
429549755;24934
429566429;24935
429583103;24936
429599776;24937
429616450;24938
429633124;24939
429649798;24940
429666471;24941
429683145;24942
429699819;24943
429716492;24944
429733166;24945
429749840;24946
429766513;24947
429783187;24948
429799861;24949
429816535;24950
429833208;24951
429866556;24952
429883230;24953
429899903;24954
429916577;24955
429933251;24956
429949924;24957
429966598;24958
429983272;24959
429999945;24960
430016619;24961
430033293;24962
430049967;24963
430066640;24964
430083314;24965
430099988;24966
430116661;24967
430133335;24968
430150009;24969
430166683;24970
430183356;24971
430200030;24972
430216704;24973
430233377;24974
430250051;24975
430266725;24976
430283399;24977
430300072;24978
430316746;24979
430333420;24980
430366767;24981
430383441;24982
430400115;24983
430416788;24984
430433462;24985
430450136;24986
430466809;24987
430483483;24988
430500157;24989
430516830;24990
430533504;24991
430550178;24992
430566852;24993
430583525;24994
430600199;24995
430616873;24996
430633546;24997
430650220;24998
430666894;24999
430683568;25000
430700241;25001
430716915;25002
430733589;25003
430750262;25004
430766936;25005
430783610;25006
430800284;25007
430816957;25008
430833631;25009
430866978;25010
430883652;25011
430900326;25012
430917000;25013
430933673;25014
430950347;25015
430967021;25016
430983694;25017
431000368;25018
431017042;25019
431033716;25020
431050389;25021
431067063;25022
431083737;25023
431100410;25024
431117084;25025
431133758;25026
431150431;25027
431167105;25028
431183779;25029
431200453;25030
431217126;25031
431233800;25032
431250474;25033
431267148;25034
431283821;25035
431300495;25036
431317169;25037
431333842;25038
431367190;25039
431383864;25040
431400537;25041
431417211;25042
431433885;25043
431450558;25044
431467232;25045
431483906;25046
431500579;25047
431517253;25048
431533927;25049
431550601;25050
431567274;25051
431583948;25052
431600622;25053
431617295;25054
431633969;25055
431650643;25056
431667316;25057
431683990;25058
431700664;25059
431717338;25060
431734011;25061
431750685;25062
431767359;25063
431784032;25064
431800706;25065
431817380;25066
431834054;25067
431867401;25068
431884075;25069
431900748;25070
431917422;25071
431934096;25072
431950770;25073
431967443;25074
431984117;25075
432000791;25076
432017464;25077
432034138;25078
432050812;25079
432067486;25080
432084159;25081
432100833;25082
432117507;25083
432134180;25084
432150854;25085
432167528;25086
432184201;25087
432200875;25088
432217549;25089
432234223;25090
432250896;25091
432267570;25092
432284244;25093
432300917;25094
432317591;25095
432334265;25096
432367612;25097
432384286;25098
432400960;25099
432417633;25100
432434307;25101
432450981;25102
432467655;25103
432484328;25104
432501002;25105
432517676;25106
432534349;25107
432551023;25108
432567697;25109
432584370;25110
432601044;25111
432617718;25112
432634392;25113
432651065;25114
432667739;25115
432684413;25116
432701086;25117
432717760;25118
432734434;25119
432751108;25120
432767781;25121
432784455;25122
432801129;25123
432817802;25124
432834476;25125
432867824;25126
432884497;25127
432901171;25128
432917845;25129
432934518;25130
432951192;25131
432967866;25132
432984539;25133
433001213;25134
433017887;25135
433034561;25136
433051234;25137
433067908;25138
433084582;25139
433101255;25140
433117929;25141
433134603;25142
433151276;25143
433167950;25144
433184624;25145
433201298;25146
433217971;25147
433234645;25148
433251319;25149
433267992;25150
433284666;25151
433301340;25152
433318014;25153
433334687;25154
433368035;25155
433384708;25156
433401382;25157
433418056;25158
433434730;25159
433451403;25160
433468077;25161
433484751;25162
433501424;25163
433518098;25164
433534772;25165
433551446;25166
433568119;25167
433584793;25168
433601467;25169
433618140;25170
433634814;25171
433651488;25172
433668161;25173
433684835;25174
433701509;25175
433718183;25176
433734856;25177
433751530;25178
433768204;25179
433784877;25180
433801551;25181
433818225;25182
433834899;25183
433868246;25184
433884920;25185
433901593;25186
433918267;25187
433934941;25188
433951614;25189
433968288;25190
433984962;25191
434001636;25192
434018309;25193
434034983;25194
434051657;25195
434068330;25196
434085004;25197
434101678;25198
434118351;25199
434135025;25200
434151699;25201
434168373;25202
434185046;25203
434201720;25204
434218394;25205
434235067;25206
434251741;25207
434268415;25208
434285088;25209
434301762;25210
434318436;25211
434335110;25212
434368457;25213
434385131;25214
434401804;25215
434418478;25216
434435152;25217
434451826;25218
434468499;25219
434485173;25220
434501847;25221
434518520;25222
434535194;25223
434551868;25224
434568542;25225
434585215;25226
434601889;25227
434618563;25228
434635236;25229
434651910;25230
434668584;25231
434685257;25232
434701931;25233
434718605;25234
434735278;25235
434751952;25236
434768626;25237
434785300;25238
434801973;25239
434818647;25240
434835321;25241
434868668;25242
434885342;25243
434902016;25244
434918689;25245
434935363;25246
434952037;25247
434968710;25248
434985384;25249
435002058;25250
435018732;25251
435035405;25252
435052079;25253
435068753;25254
435085426;25255
435102100;25256
435118774;25257
435135447;25258
435152121;25259
435168795;25260
435185468;25261
435202142;25262
435218816;25263
435235490;25264
435252163;25265
435268837;25266
435285511;25267
435302184;25268
435318858;25269
435335532;25270
435368879;25271
435385553;25272
435402227;25273
435418900;25274
435435574;25275
435452248;25276
435468921;25277
435485595;25278
435502269;25279
435518942;25280
435535616;25281
435552290;25282
435568964;25283
435585637;25284
435602311;25285
435618985;25286
435635658;25287
435652332;25288
435669006;25289
435685680;25290
435702353;25291
435719027;25292
435735701;25293
435752374;25294
435769048;25295
435785722;25296
435802395;25297
435819069;25298
435835743;25299
435869090;25300
435885764;25301
435902438;25302
435919111;25303
435935785;25304
435952459;25305
435969132;25306
435985806;25307
436002480;25308
436019154;25309
436035827;25310
436052501;25311
436069175;25312
436085848;25313
436102522;25314
436119196;25315
436135870;25316
436152543;25317
436169217;25318
436185891;25319
436202564;25320
436219238;25321
436235912;25322
436252585;25323
436269259;25324
436285933;25325
436302606;25326
436319280;25327
436335954;25328
436369301;25329
436385975;25330
436402649;25331
436419322;25332
436435996;25333
436452670;25334
436469344;25335
436486017;25336
436502691;25337
436519365;25338
436536038;25339
436552712;25340
436569386;25341
436586059;25342
436602733;25343
436619407;25344
436636080;25345
436652754;25346
436669428;25347
436686102;25348
436702775;25349
436719449;25350
436736123;25351
436752796;25352
436769470;25353
436786144;25354
436802817;25355
436819491;25356
436836165;25357
436869512;25358
436886186;25359
436902860;25360
436919533;25361
436936207;25362
436952881;25363
436969554;25364
436986228;25365
437002902;25366
437019575;25367
437036249;25368
437052923;25369
437069597;25370
437086270;25371
437102944;25372
437119618;25373
437136291;25374
437152965;25375
437169639;25376
437186312;25377
437202986;25378
437219660;25379
437236334;25380
437253007;25381
437269681;25382
437286355;25383
437303028;25384
437319702;25385
437336376;25386
437369723;25387
437386397;25388
437403071;25389
437419744;25390
437436418;25391
437453092;25392
437469765;25393
437486439;25394
437503113;25395
437519786;25396
437536460;25397
437553134;25398
437569807;25399
437586481;25400
437603155;25401
437619829;25402
437636502;25403
437653176;25404
437669850;25405
437686523;25406
437703197;25407
437719871;25408
437736544;25409
437753218;25410
437769892;25411
437786566;25412
437803239;25413
437819913;25414
437836587;25415
437869934;25416
437886608;25417
437903282;25418
437919955;25419
437936629;25420
437953303;25421
437969976;25422
437986650;25423
438003324;25424
438019997;25425
438036671;25426
438053345;25427
438070018;25428
438086692;25429
438103366;25430
438120040;25431
438136713;25432
438153387;25433
438170061;25434
438186734;25435
438203408;25436
438220082;25437
438236755;25438
438253429;25439
438270103;25440
438286777;25441
438303450;25442
438320124;25443
438336798;25444
438370145;25445
438386819;25446
438403492;25447
438420166;25448
438436840;25449
438453513;25450
438470187;25451
438486861;25452
438503534;25453
438520208;25454
438536882;25455
438553556;25456
438570229;25457
438586903;25458
438603577;25459
438620250;25460
438636924;25461
438653598;25462
438670271;25463
438686945;25464
438703619;25465
438720293;25466
438736966;25467
438753640;25468
438770314;25469
438786987;25470
438803661;25471
438820335;25472
438837008;25473
438870356;25474
438887029;25475
438903703;25476
438920377;25477
438937051;25478
438953724;25479
438970398;25480
438987072;25481
439003745;25482
439020419;25483
439037093;25484
439053766;25485
439070440;25486
439087114;25487
439103787;25488
439120461;25489
439137135;25490
439153809;25491
439170482;25492
439187156;25493
439203830;25494
439220503;25495
439237177;25496
439253851;25497
439270524;25498
439287198;25499
439303872;25500
439320545;25501
439337219;25502
439370567;25503
439387240;25504
439403914;25505
439420588;25506
439437261;25507
439453935;25508
439470609;25509
439487282;25510
439503956;25511
439520630;25512
439537303;25513
439553977;25514
439570651;25515
439587324;25516
439603998;25517
439620672;25518
439637346;25519
439654019;25520
439670693;25521
439687367;25522
439704040;25523
439720714;25524
439737388;25525
439754061;25526
439770735;25527
439787409;25528
439804082;25529
439820756;25530
439837430;25531
439870777;25532
439887451;25533
439904125;25534
439920798;25535
439937472;25536
439954146;25537
439970819;25538
439987493;25539
440004167;25540
440020841;25541
440037514;25542
440054188;25543
440070862;25544
440087535;25545
440104209;25546
440120883;25547
440137556;25548
440154230;25549
440170904;25550
440187577;25551
440204251;25552
440220925;25553
440237598;25554
440254272;25555
440270946;25556
440287619;25557
440304293;25558
440320967;25559
440337641;25560
440370988;25561
440387662;25562
440404335;25563
440421009;25564
440437683;25565
440454356;25566
440471030;25567
440487704;25568
440504377;25569
440521051;25570
440537725;25571
440554399;25572
440571072;25573
440587746;25574
440604420;25575
440621093;25576
440637767;25577
440654441;25578
440671114;25579
440687788;25580
440704462;25581
440721135;25582
440737809;25583
440754483;25584
440771157;25585
440787830;25586
440804504;25587
440821178;25588
440837851;25589
440871199;25590
440887872;25591
440904546;25592
440921220;25593
440937893;25594
440954567;25595
440971241;25596
440987914;25597
441004588;25598
441021262;25599
441037935;25600
441054609;25601
441071283;25602
441087957;25603
441104630;25604
441121304;25605
441137978;25606
441154651;25607
441171325;25608
441187999;25609
441204672;25610
441221346;25611
441238020;25612
441254693;25613
441271367;25614
441288041;25615
441304714;25616
441321388;25617
441338062;25618
441371409;25619
441388083;25620
441404757;25621
441421430;25622
441438104;25623
441454778;25624
441471451;25625
441488125;25626
441504799;25627
441521472;25628
441538146;25629
441554820;25630
441571493;25631
441588167;25632
441604841;25633
441621514;25634
441638188;25635
441654862;25636
441671536;25637
441688209;25638
441704883;25639
441721557;25640
441738230;25641
441754904;25642
441771578;25643
441788251;25644
441804925;25645
441821599;25646
441838272;25647
441871620;25648
441888293;25649
441904967;25650
441921641;25651
441938314;25652
441954988;25653
441971662;25654
441988336;25655
442005009;25656
442021683;25657
442038357;25658
442055030;25659
442071704;25660
442088378;25661
442105051;25662
442121725;25663
442138399;25664
442155072;25665
442171746;25666
442188420;25667
442205093;25668
442221767;25669
442238441;25670
442255114;25671
442271788;25672
442288462;25673
442305135;25674
442321809;25675
442338483;25676
442371830;25677
442388504;25678
442405178;25679
442421851;25680
442438525;25681
442455199;25682
442471872;25683
442488546;25684
442505220;25685
442521893;25686
442538567;25687
442555241;25688
442571914;25689
442588588;25690
442605262;25691
442621935;25692
442638609;25693
442655283;25694
442671956;25695
442688630;25696
442705304;25697
442721978;25698
442738651;25699
442755325;25700
442771999;25701
442788672;25702
442805346;25703
442822020;25704
442838693;25705
442872041;25706
442888714;25707
442905388;25708
442922062;25709
442938735;25710
442955409;25711
442972083;25712
442988756;25713
443005430;25714
443022104;25715
443038777;25716
443055451;25717
443072125;25718
443088798;25719
443105472;25720
443122146;25721
443138819;25722
443155493;25723
443172167;25724
443188841;25725
443205514;25726
443222188;25727
443238862;25728
443255535;25729
443272209;25730
443288883;25731
443305556;25732
443322230;25733
443338904;25734
443372251;25735
443388925;25736
443405598;25737
443422272;25738
443438946;25739
443455619;25740
443472293;25741
443488967;25742
443505640;25743
443522314;25744
443538988;25745
443555661;25746
443572335;25747
443589009;25748
443605683;25749
443622356;25750
443639030;25751
443655704;25752
443672377;25753
443689051;25754
443705725;25755
443722398;25756
443739072;25757
443755746;25758
443772419;25759
443789093;25760
443805767;25761
443822440;25762
443839114;25763
443872461;25764
443889135;25765
443905809;25766
443922482;25767
443939156;25768
443955830;25769
443972503;25770
443989177;25771
444005851;25772
444022524;25773
444039198;25774
444055872;25775
444072545;25776
444089219;25777
444105893;25778
444122566;25779
444139240;25780
444155914;25781
444172587;25782
444189261;25783
444205935;25784
444222609;25785
444239282;25786
444255956;25787
444272629;25788
444289303;25789
444305977;25790
444322650;25791
444339324;25792
444372672;25793
444389345;25794
444406019;25795
444422693;25796
444439366;25797
444456040;25798
444472714;25799
444489387;25800
444506061;25801
444522735;25802
444539408;25803
444556082;25804
444572756;25805
444589429;25806
444606103;25807
444622777;25808
444639450;25809
444656124;25810
444672798;25811
444689471;25812
444706145;25813
444722819;25814
444739492;25815
444756166;25816
444772840;25817
444789513;25818
444806187;25819
444822861;25820
444839534;25821
444872882;25822
444889555;25823
444906229;25824
444922903;25825
444939577;25826
444956250;25827
444972924;25828
444989598;25829
445006271;25830
445022945;25831
445039618;25832
445056292;25833
445072966;25834
445089640;25835
445106313;25836
445122987;25837
445139661;25838
445156334;25839
445173008;25840
445189682;25841
445206355;25842
445223029;25843
445239703;25844
445256376;25845
445273050;25846
445289724;25847
445306397;25848
445323071;25849
445339745;25850
445373092;25851
445389766;25852
445406439;25853
445423113;25854
445439787;25855
445456460;25856
445473134;25857
445489808;25858
445506481;25859
445523155;25860
445539829;25861
445556502;25862
445573176;25863
445589850;25864
445606523;25865
445623197;25866
445639871;25867
445656544;25868
445673218;25869
445689892;25870
445706565;25871
445723239;25872
445739913;25873
445756587;25874
445773260;25875
445789934;25876
445806608;25877
445823281;25878
445839955;25879
445873302;25880
445889976;25881
445906650;25882
445923323;25883
445939997;25884
445956671;25885
445973344;25886
445990018;25887
446006692;25888
446023365;25889
446040039;25890
446056713;25891
446073386;25892
446090060;25893
446106734;25894
446123407;25895
446140081;25896
446156755;25897
446173428;25898
446190102;25899
446206776;25900
446223449;25901
446240123;25902
446256797;25903
446273470;25904
446290144;25905
446306818;25906
446323491;25907
446340165;25908
446373512;25909
446390186;25910
446406860;25911
446423533;25912
446440207;25913
446456881;25914
446473554;25915
446490228;25916
446506902;25917
446523575;25918
446540249;25919
446556923;25920
446573596;25921
446590270;25922
446606944;25923
446623618;25924
446640291;25925
446656965;25926
446673638;25927
446690312;25928
446706986;25929
446723659;25930
446740333;25931
446757007;25932
446773680;25933
446790354;25934
446807028;25935
446823701;25936
446840375;25937
446857049;25938
446890396;25939
446907070;25940
446923744;25941
446940417;25942
446957091;25943
446973765;25944
446990438;25945
447007112;25946
447023786;25947
447040459;25948
447057133;25949
447073807;25950
447090480;25951
447107154;25952
447123828;25953
447140501;25954
447157175;25955
447173849;25956
447190522;25957
447207196;25958
447223870;25959
447240543;25960
447257217;25961
447273891;25962
447290564;25963
447307238;25964
447323912;25965
447340585;25966
447357259;25967
447390606;25968
447407280;25969
447423954;25970
447440627;25971
447457301;25972
447473975;25973
447490648;25974
447507322;25975
447523996;25976
447540669;25977
447557343;25978
447574017;25979
447590690;25980
447607364;25981
447624038;25982
447640711;25983
447657385;25984
447674059;25985
447690732;25986
447707406;25987
447724080;25988
447740753;25989
447757427;25990
447774101;25991
447790774;25992
447807448;25993
447824122;25994
447840795;25995
447857469;25996
447890816;25997
447907490;25998
447924164;25999
447940837;26000
447957511;26001
447974185;26002
447990858;26003
448007532;26004
448024206;26005
448040879;26006
448057553;26007
448074227;26008
448090900;26009
448107574;26010
448124248;26011
448140921;26012
448157595;26013
448174269;26014
448190942;26015
448207616;26016
448224290;26017
448240963;26018
448257637;26019
448274311;26020
448290984;26021
448307658;26022
448324332;26023
448341005;26024
448357679;26025
448391026;26026
448407700;26027
448424374;26028
448441047;26029
448457721;26030
448474395;26031
448491068;26032
448507742;26033
448524416;26034
448541089;26035
448557763;26036
448574437;26037
448591110;26038
448607784;26039
448624458;26040
448641131;26041
448657805;26042
448674479;26043
448691152;26044
448707826;26045
448724500;26046
448741173;26047
448757847;26048
448774521;26049
448791194;26050
448807868;26051
448824542;26052
448841215;26053
448857889;26054
448891236;26055
448907910;26056
448924584;26057
448941257;26058
448957931;26059
448974605;26060
448991278;26061
449007952;26062
449024626;26063
449041299;26064
449057973;26065
449074647;26066
449091320;26067
449107994;26068
449124668;26069
449141342;26070
449158015;26071
449174689;26072
449191362;26073
449208036;26074
449224710;26075
449241383;26076
449258057;26077
449274731;26078
449291404;26079
449308078;26080
449324752;26081
449341425;26082
449358099;26083
449391446;26084
449408120;26085
449424794;26086
449441467;26087
449458141;26088
449474815;26089
449491488;26090
449508162;26091
449524836;26092
449541509;26093
449558183;26094
449574857;26095
449591530;26096
449608204;26097
449624878;26098
449641551;26099
449658225;26100
449674899;26101
449691572;26102
449708246;26103
449724920;26104
449741593;26105
449758267;26106
449774941;26107
449791614;26108
449808288;26109
449824962;26110
449841635;26111
449858309;26112
449891656;26113
449908330;26114
449925004;26115
449941677;26116
449958351;26117
449975025;26118
449991698;26119
450008372;26120
450025046;26121
450041719;26122
450058393;26123
450075067;26124
450091740;26125
450108414;26126
450125088;26127
450141761;26128
450158435;26129
450175109;26130
450191782;26131
450208456;26132
450225130;26133
450241803;26134
450258477;26135
450275151;26136
450291824;26137
450308498;26138
450325172;26139
450341845;26140
450358519;26141
450391866;26142
450408540;26143
450425214;26144
450441887;26145
450458561;26146
450475235;26147
450491908;26148
450508582;26149
450525256;26150
450541929;26151
450558603;26152
450575277;26153
450591950;26154
450608624;26155
450625298;26156
450641971;26157
450658645;26158
450675319;26159
450691992;26160
450708666;26161
450725340;26162
450742013;26163
450758687;26164
450775361;26165
450792034;26166
450808708;26167
450825382;26168
450842055;26169
450858729;26170
450892076;26171
450908750;26172
450925424;26173
450942097;26174
450958771;26175
450975445;26176
450992118;26177
451008792;26178
451025466;26179
451042139;26180
451058813;26181
451075487;26182
451092160;26183
451108834;26184
451125508;26185
451142181;26186
451158855;26187
451175529;26188
451192202;26189
451208876;26190
451225549;26191
451242223;26192
451258897;26193
451275571;26194
451292244;26195
451308918;26196
451325591;26197
451342265;26198
451358939;26199
451392286;26200
451408960;26201
451425634;26202
451442307;26203
451458981;26204
451475655;26205
451492328;26206
451509002;26207
451525675;26208
451542349;26209
451559023;26210
451575696;26211
451592370;26212
451609044;26213
451625717;26214
451642391;26215
451659065;26216
451675738;26217
451692412;26218
451709086;26219
451725759;26220
451742433;26221
451759107;26222
451775780;26223
451792454;26224
451809128;26225
451825801;26226
451842475;26227
451859149;26228
451892496;26229
451909170;26230
451925843;26231
451942517;26232
451959191;26233
451975864;26234
451992538;26235
452009212;26236
452025885;26237
452042559;26238
452059233;26239
452075906;26240
452092580;26241
452109254;26242
452125927;26243
452142601;26244
452159275;26245
452175948;26246
452192622;26247
452209296;26248
452225969;26249
452242643;26250
452259317;26251
452275990;26252
452292664;26253
452309338;26254
452326011;26255
452342685;26256
452359359;26257
452392706;26258
452409380;26259
452426053;26260
452442727;26261
452459401;26262
452476074;26263
452492748;26264
452509421;26265
452526095;26266
452542769;26267
452559443;26268
452576116;26269
452592790;26270
452609463;26271
452626137;26272
452642811;26273
452659485;26274
452676158;26275
452692832;26276
452709505;26277
452726179;26278
452742853;26279
452759527;26280
452776200;26281
452792874;26282
452809547;26283
452826221;26284
452842895;26285
452859568;26286
452892916;26287
452909589;26288
452926263;26289
452942937;26290
452959610;26291
452976284;26292
452992958;26293
453009631;26294
453026305;26295
453042979;26296
453059652;26297
453076326;26298
453093000;26299
453109673;26300
453126347;26301
453143021;26302
453159694;26303
453176368;26304
453193042;26305
453209715;26306
453226389;26307
453243063;26308
453259736;26309
453276410;26310
453293084;26311
453309757;26312
453326431;26313
453343105;26314
453359778;26315
453393126;26316
453409799;26317
453426473;26318
453443147;26319
453459820;26320
453476494;26321
453493168;26322
453509841;26323
453526515;26324
453543189;26325
453559862;26326
453576536;26327
453593210;26328
453609883;26329
453626557;26330
453643230;26331
453659904;26332
453676578;26333
453693251;26334
453709925;26335
453726599;26336
453743272;26337
453759946;26338
453776620;26339
453793293;26340
453809967;26341
453826641;26342
453843314;26343
453859988;26344
453893335;26345
453910009;26346
453926683;26347
453943356;26348
453960030;26349
453976704;26350
453993377;26351
454010051;26352
454026725;26353
454043398;26354
454060072;26355
454076746;26356
454093419;26357
454110093;26358
454126767;26359
454143440;26360
454160114;26361
454176788;26362
454193461;26363
454210135;26364
454226809;26365
454243482;26366
454260156;26367
454276830;26368
454293503;26369
454310177;26370
454326851;26371
454343524;26372
454360198;26373
454393545;26374
454410219;26375
454426892;26376
454443566;26377
454460240;26378
454476913;26379
454493587;26380
454510261;26381
454526934;26382
454543608;26383
454560282;26384
454576955;26385
454593629;26386
454610303;26387
454626976;26388
454643650;26389
454660324;26390
454676997;26391
454693671;26392
454710345;26393
454727018;26394
454743692;26395
454760366;26396
454777039;26397
454793713;26398
454810387;26399
454827060;26400
454843734;26401
454860408;26402
454893755;26403
454910429;26404
454927102;26405
454943776;26406
454960450;26407
454977123;26408
454993797;26409
455010471;26410
455027144;26411
455043818;26412
455060492;26413
455077165;26414
455093839;26415
455110513;26416
455127186;26417
455143860;26418
455160534;26419
455177207;26420
455193881;26421
455210554;26422
455227228;26423
455243902;26424
455260575;26425
455277249;26426
455293923;26427
455310597;26428
455327270;26429
455343944;26430
455360617;26431
455393965;26432
455410638;26433
455427312;26434
455443986;26435
455460659;26436
455477333;26437
455494007;26438
455510680;26439
455527354;26440
455544028;26441
455560701;26442
455577375;26443
455594049;26444
455610722;26445
455627396;26446
455644070;26447
455660743;26448
455677417;26449
455694091;26450
455710764;26451
455727438;26452
455744112;26453
455760785;26454
455777459;26455
455794133;26456
455810806;26457
455827480;26458
455844154;26459
455860827;26460
455894175;26461
455910848;26462
455927522;26463
455944196;26464
455960869;26465
455977543;26466
455994217;26467
456010890;26468
456027564;26469
456044238;26470
456060911;26471
456077585;26472
456094258;26473
456110932;26474
456127606;26475
456144280;26476
456160953;26477
456177627;26478
456194300;26479
456210974;26480
456227648;26481
456244321;26482
456260995;26483
456277669;26484
456294342;26485
456311016;26486
456327690;26487
456344363;26488
456361037;26489
456394384;26490
456411058;26491
456427732;26492
456444405;26493
456461079;26494
456477753;26495
456494426;26496
456511100;26497
456527774;26498
456544447;26499
456561121;26500
456577795;26501
456594468;26502
456611142;26503
456627816;26504
456644489;26505
456661163;26506
456677837;26507
456694510;26508
456711184;26509
456727858;26510
456744531;26511
456761205;26512
456777879;26513
456794552;26514
456811226;26515
456827900;26516
456844573;26517
456861247;26518
456894594;26519
456911268;26520
456927941;26521
456944615;26522
456961289;26523
456977962;26524
456994636;26525
457011310;26526
457027983;26527
457044657;26528
457061331;26529
457078004;26530
457094678;26531
457111352;26532
457128025;26533
457144699;26534
457161373;26535
457178046;26536
457194720;26537
457211394;26538
457228067;26539
457244741;26540
457261415;26541
457278088;26542
457294762;26543
457311436;26544
457328109;26545
457344783;26546
457361457;26547
457394804;26548
457411478;26549
457428151;26550
457444825;26551
457461499;26552
457478172;26553
457494846;26554
457511520;26555
457528193;26556
457544867;26557
457561541;26558
457578214;26559
457594888;26560
457611562;26561
457628235;26562
457644909;26563
457661582;26564
457678256;26565
457694930;26566
457711604;26567
457728277;26568
457744951;26569
457761625;26570
457778298;26571
457794972;26572
457811645;26573
457828319;26574
457844993;26575
457861666;26576
457895014;26577
457911687;26578
457928361;26579
457945035;26580
457961708;26581
457978382;26582
457995056;26583
458011729;26584
458028403;26585
458045077;26586
458061750;26587
458078424;26588
458095098;26589
458111771;26590
458128445;26591
458145119;26592
458161792;26593
458178466;26594
458195140;26595
458211813;26596
458228487;26597
458245161;26598
458261834;26599
458278508;26600
458295182;26601
458311855;26602
458328529;26603
458345203;26604
458361876;26605
458395224;26606
458411897;26607
458428571;26608
458445244;26609
458461918;26610
458478592;26611
458495265;26612
458511939;26613
458528613;26614
458545287;26615
458561960;26616
458578634;26617
458595308;26618
458611981;26619
458628655;26620
458645328;26621
458662002;26622
458678676;26623
458695349;26624
458712023;26625
458728697;26626
458745370;26627
458762044;26628
458778718;26629
458795391;26630
458812065;26631
458828739;26632
458845412;26633
458862086;26634
458895433;26635
458912107;26636
458928781;26637
458945454;26638
458962128;26639
458978802;26640
458995475;26641
459012149;26642
459028823;26643
459045496;26644
459062170;26645
459078844;26646
459095517;26647
459112191;26648
459128865;26649
459145538;26650
459162212;26651
459178886;26652
459195559;26653
459212233;26654
459228906;26655
459245580;26656
459262254;26657
459278928;26658
459295601;26659
459312275;26660
459328948;26661
459345622;26662
459362296;26663
459395643;26664
459412317;26665
459428990;26666
459445664;26667
459462338;26668
459479011;26669
459495685;26670
459512359;26671
459529032;26672
459545706;26673
459562380;26674
459579053;26675
459595727;26676
459612401;26677
459629074;26678
459645748;26679
459662422;26680
459679095;26681
459695769;26682
459712443;26683
459729116;26684
459745790;26685
459762464;26686
459779137;26687
459795811;26688
459812485;26689
459829158;26690
459845832;26691
459862506;26692
459895853;26693
459912527;26694
459929200;26695
459945874;26696
459962548;26697
459979221;26698
459995895;26699
460012569;26700
460029242;26701
460045916;26702
460062590;26703
460079263;26704
460095937;26705
460112611;26706
460129284;26707
460145958;26708
460162632;26709
460179305;26710
460195979;26711
460212652;26712
460229326;26713
460246000;26714
460262674;26715
460279347;26716
460296021;26717
460312695;26718
460329368;26719
460346042;26720
460362715;26721
460396063;26722
460412736;26723
460429410;26724
460446084;26725
460462757;26726
460479431;26727
460496105;26728
460512778;26729
460529452;26730
460546126;26731
460562799;26732
460579473;26733
460596147;26734
460612820;26735
460629494;26736
460646168;26737
460662841;26738
460679515;26739
460696189;26740
460712862;26741
460729536;26742
460746210;26743
460762883;26744
460779557;26745
460796231;26746
460812904;26747
460829578;26748
460846252;26749
460862925;26750
460879599;26751
460912946;26752
460929620;26753
460946294;26754
460962967;26755
460979641;26756
460996315;26757
461012988;26758
461029662;26759
461046336;26760
461063009;26761
461079683;26762
461096357;26763
461113030;26764
461129704;26765
461146378;26766
461163051;26767
461179725;26768
461196399;26769
461213072;26770
461229746;26771
461246420;26772
461263093;26773
461279767;26774
461296440;26775
461313114;26776
461329788;26777
461346462;26778
461363135;26779
461379809;26780
461413156;26781
461429830;26782
461446504;26783
461463177;26784
461479851;26785
461496524;26786
461513198;26787
461529872;26788
461546545;26789
461563219;26790
461579893;26791
461596567;26792
461613240;26793
461629914;26794
461646587;26795
461663261;26796
461679935;26797
461696608;26798
461713282;26799
461729956;26800
461746629;26801
461763303;26802
461779977;26803
461796650;26804
461813324;26805
461829998;26806
461846671;26807
461863345;26808
461880019;26809
461913366;26810
461930040;26811
461946713;26812
461963387;26813
461980061;26814
461996734;26815
462013408;26816
462030082;26817
462046755;26818
462063429;26819
462080103;26820
462096776;26821
462113450;26822
462130124;26823
462146797;26824
462163471;26825
462180145;26826
462196818;26827
462213492;26828
462230166;26829
462246839;26830
462263513;26831
462280187;26832
462296860;26833
462313534;26834
462330208;26835
462346881;26836
462363555;26837
462380229;26838
462413576;26839
462430250;26840
462446923;26841
462463597;26842
462480271;26843
462496944;26844
462513618;26845
462530292;26846
462546965;26847
462563639;26848
462580313;26849
462596986;26850
462613660;26851
462630334;26852
462647007;26853
462663681;26854
462680355;26855
462697028;26856
462713702;26857
462730376;26858
462747049;26859
462763723;26860
462780397;26861
462797070;26862
462813744;26863
462830418;26864
462847091;26865
462863765;26866
462880439;26867
462913786;26868
462930460;26869
462947133;26870
462963807;26871
462980481;26872
462997154;26873
463013828;26874
463030502;26875
463047175;26876
463063849;26877
463080523;26878
463097196;26879
463113870;26880
463130544;26881
463147217;26882
463163891;26883
463180565;26884
463197238;26885
463213912;26886
463230586;26887
463247260;26888
463263933;26889
463280607;26890
463297280;26891
463313954;26892
463330628;26893
463347301;26894
463363975;26895
463380649;26896
463413996;26897
463430670;26898
463447343;26899
463464017;26900
463480691;26901
463497365;26902
463514038;26903
463530712;26904
463547385;26905
463564059;26906
463580733;26907
463597407;26908
463614080;26909
463630754;26910
463647428;26911
463664101;26912
463680775;26913
463697449;26914
463714122;26915
463730796;26916
463747470;26917
463764143;26918
463780817;26919
463797491;26920
463814164;26921
463830838;26922
463847512;26923
463864185;26924
463880859;26925
463914206;26926
463930880;26927
463947554;26928
463964227;26929
463980901;26930
463997575;26931
464014248;26932
464030922;26933
464047596;26934
464064269;26935
464080943;26936
464097617;26937
464114290;26938
464130964;26939
464147638;26940
464164311;26941
464180985;26942
464197659;26943
464214332;26944
464231006;26945
464247680;26946
464264354;26947
464281027;26948
464297701;26949
464314375;26950
464331048;26951
464347722;26952
464364396;26953
464381069;26954
464414417;26955
464431090;26956
464447764;26957
464464438;26958
464481111;26959
464497785;26960
464514459;26961
464531132;26962
464547806;26963
464564480;26964
464581153;26965
464597827;26966
464614501;26967
464631174;26968
464647848;26969
464664522;26970
464681196;26971
464697869;26972
464714543;26973
464731217;26974
464747890;26975
464764564;26976
464781238;26977
464797911;26978
464814585;26979
464831259;26980
464847932;26981
464864606;26982
464881280;26983
464914627;26984
464931301;26985
464947974;26986
464964648;26987
464981322;26988
464997995;26989
465014669;26990
465031343;26991
465048016;26992
465064690;26993
465081364;26994
465098037;26995
465114711;26996
465131385;26997
465148058;26998
465164732;26999
465181406;27000
465198079;27001
465214753;27002
465231427;27003
465248101;27004
465264774;27005
465281448;27006
465298122;27007
465314795;27008
465331469;27009
465348143;27010
465364816;27011
465381490;27012
465414837;27013
465431511;27014
465448185;27015
465464858;27016
465481532;27017
465498206;27018
465514880;27019
465531553;27020
465548227;27021
465564901;27022
465581574;27023
465598248;27024
465614922;27025
465631595;27026
465648269;27027
465664943;27028
465681616;27029
465698290;27030
465714964;27031
465731637;27032
465748311;27033
465764985;27034
465781658;27035
465798332;27036
465815006;27037
465831680;27038
465848353;27039
465865027;27040
465881701;27041
465915048;27042
465931722;27043
465948395;27044
465965069;27045
465981743;27046
465998416;27047
466015090;27048
466031764;27049
466048437;27050
466065111;27051
466081785;27052
466098459;27053
466115132;27054
466131806;27055
466148480;27056
466165153;27057
466181827;27058
466198501;27059
466215174;27060
466231848;27061
466248522;27062
466265195;27063
466281869;27064
466298543;27065
466315217;27066
466331890;27067
466348564;27068
466365238;27069
466381911;27070
466415259;27071
466431932;27072
466448606;27073
466465280;27074
466481953;27075
466498627;27076
466515301;27077
466531974;27078
466548648;27079
466565322;27080
466581996;27081
466598669;27082
466615343;27083
466632017;27084
466648690;27085
466665364;27086
466682038;27087
466698711;27088
466715385;27089
466732059;27090
466748732;27091
466765406;27092
466782080;27093
466798754;27094
466815427;27095
466832101;27096
466848775;27097
466865448;27098
466882122;27099
466915469;27100
466932143;27101
466948817;27102
466965490;27103
466982164;27104
466998838;27105
467015511;27106
467032185;27107
467048859;27108
467065533;27109
467082206;27110
467098880;27111
467115554;27112
467132227;27113
467148901;27114
467165575;27115
467182248;27116
467198922;27117
467215596;27118
467232270;27119
467248943;27120
467265617;27121
467282291;27122
467298964;27123
467315638;27124
467332312;27125
467348985;27126
467365659;27127
467382333;27128
467415680;27129
467432354;27130
467449028;27131
467465701;27132
467482375;27133
467499049;27134
467515723;27135
467532396;27136
467549070;27137
467565744;27138
467582417;27139
467599091;27140
467615765;27141
467632438;27142
467649112;27143
467665786;27144
467682459;27145
467699133;27146
467715807;27147
467732481;27148
467749154;27149
467765828;27150
467782502;27151
467799175;27152
467815849;27153
467832523;27154
467849196;27155
467865870;27156
467882544;27157
467915891;27158
467932565;27159
467949239;27160
467965912;27161
467982586;27162
467999260;27163
468015933;27164
468032607;27165
468049281;27166
468065955;27167
468082628;27168
468099302;27169
468115976;27170
468132649;27171
468149323;27172
468165997;27173
468182671;27174
468199344;27175
468216018;27176
468232692;27177
468249365;27178
468266039;27179
468282713;27180
468299386;27181
468316060;27182
468332734;27183
468349408;27184
468366081;27185
468382755;27186
468416102;27187
468432776;27188
468449450;27189
468466123;27190
468482797;27191
468499471;27192
468516145;27193
468532818;27194
468549492;27195
468566166;27196
468582839;27197
468599513;27198
468616187;27199
468632861;27200
468649534;27201
468666208;27202
468682882;27203
468699555;27204
468716229;27205
468732903;27206
468749576;27207
468766250;27208
468782924;27209
468799598;27210
468816271;27211
468832945;27212
468849619;27213
468866292;27214
468882966;27215
468916314;27216
468932987;27217
468949661;27218
468966335;27219
468983008;27220
468999682;27221
469016356;27222
469033030;27223
469049703;27224
469066377;27225
469083051;27226
469099724;27227
469116398;27228
469133072;27229
469149746;27230
469166419;27231
469183093;27232
469199767;27233
469216440;27234
469233114;27235
469249788;27236
469266462;27237
469283135;27238
469299809;27239
469316483;27240
469333156;27241
469349830;27242
469366504;27243
469383177;27244
469416525;27245
469433199;27246
469449872;27247
469466546;27248
469483220;27249
469499893;27250
469516567;27251
469533241;27252
469549915;27253
469566588;27254
469583262;27255
469599936;27256
469616610;27257
469633283;27258
469649957;27259
469666631;27260
469683304;27261
469699978;27262
469716652;27263
469733326;27264
469749999;27265
469766673;27266
469783347;27267
469800020;27268
469816694;27269
469833368;27270
469850042;27271
469866715;27272
469883389;27273
469916736;27274
469933410;27275
469950084;27276
469966757;27277
469983431;27278
470000105;27279
470016779;27280
470033452;27281
470050126;27282
470066800;27283
470083473;27284
470100147;27285
470116821;27286
470133495;27287
470150168;27288
470166842;27289
470183516;27290
470200190;27291
470216863;27292
470233537;27293
470250211;27294
470266884;27295
470283558;27296
470300232;27297
470316906;27298
470333579;27299
470350253;27300
470366927;27301
470383600;27302
470416948;27303
470433622;27304
470450295;27305
470466969;27306
470483643;27307
470500317;27308
470516990;27309
470533664;27310
470550338;27311
470567012;27312
470583685;27313
470600359;27314
470617033;27315
470633706;27316
470650380;27317
470667054;27318
470683728;27319
470700401;27320
470717075;27321
470733749;27322
470750422;27323
470767096;27324
470783770;27325
470800444;27326
470817117;27327
470833791;27328
470850465;27329
470867139;27330
470883812;27331
470917160;27332
470933833;27333
470950507;27334
470967181;27335
470983855;27336
471000528;27337
471017202;27338
471033876;27339
471050549;27340
471067223;27341
471083897;27342
471100571;27343
471117244;27344
471133918;27345
471150592;27346
471167266;27347
471183939;27348
471200613;27349
471217287;27350
471233960;27351
471250634;27352
471267308;27353
471283982;27354
471300655;27355
471317329;27356
471334003;27357
471350677;27358
471367350;27359
471384024;27360
471417372;27361
471434045;27362
471450719;27363
471467393;27364
471484066;27365
471500740;27366
471517414;27367
471534088;27368
471550761;27369
471567435;27370
471584109;27371
471600783;27372
471617456;27373
471634130;27374
471650804;27375
471667477;27376
471684151;27377
471700825;27378
471717499;27379
471734172;27380
471750846;27381
471767520;27382
471784194;27383
471800867;27384
471817541;27385
471834215;27386
471850888;27387
471867562;27388
471884236;27389
471917583;27390
471934257;27391
471950931;27392
471967605;27393
471984278;27394
472000952;27395
472017626;27396
472034300;27397
472050973;27398
472067647;27399
472084321;27400
472100994;27401
472117668;27402
472134342;27403
472151016;27404
472167689;27405
472184363;27406
472201037;27407
472217711;27408
472234384;27409
472251058;27410
472267732;27411
472284406;27412
472301079;27413
472317753;27414
472334427;27415
472351100;27416
472367774;27417
472384448;27418
472417795;27419
472434469;27420
472451143;27421
472467817;27422
472484490;27423
472501164;27424
472517838;27425
472534512;27426
472551185;27427
472567859;27428
472584533;27429
472601207;27430
472617880;27431
472634554;27432
472651228;27433
472667902;27434
472684575;27435
472701249;27436
472717923;27437
472734597;27438
472751270;27439
472767944;27440
472784618;27441
472801291;27442
472817965;27443
472834639;27444
472851313;27445
472867986;27446
472884660;27447
472918008;27448
472934681;27449
472951355;27450
472968029;27451
472984703;27452
473001376;27453
473018050;27454
473034724;27455
473051398;27456
473068071;27457
473084745;27458
473101419;27459
473118093;27460
473134766;27461
473151440;27462
473168114;27463
473184787;27464
473201461;27465
473218135;27466
473234809;27467
473251482;27468
473268156;27469
473284830;27470
473301504;27471
473318177;27472
473334851;27473
473351525;27474
473368199;27475
473384873;27476
473418220;27477
473434894;27478
473451567;27479
473468241;27480
473484915;27481
473501589;27482
473518263;27483
473534936;27484
473551610;27485
473568284;27486
473584957;27487
473601631;27488
473618305;27489
473634979;27490
473651652;27491
473668326;27492
473685000;27493
473701674;27494
473718347;27495
473735021;27496
473751695;27497
473768369;27498
473785043;27499
473801716;27500
473818390;27501
473835064;27502
473851737;27503
473868411;27504
473885085;27505
473918432;27506
473935106;27507
473951780;27508
473968454;27509
473985127;27510
474001801;27511
474018475;27512
474035149;27513
474051822;27514
474068496;27515
474085170;27516
474101844;27517
474118518;27518
474135191;27519
474151865;27520
474168539;27521
474185212;27522
474201886;27523
474218560;27524
474235234;27525
474251907;27526
474268581;27527
474285255;27528
474301929;27529
474318603;27530
474335276;27531
474351950;27532
474368624;27533
474385298;27534
474418645;27535
474435319;27536
474451993;27537
474468666;27538
474485340;27539
474502014;27540
474518688;27541
474535361;27542
474552035;27543
474568709;27544
474585383;27545
474602056;27546
474618730;27547
474635404;27548
474652078;27549
474668751;27550
474685425;27551
474702099;27552
474718773;27553
474735447;27554
474752120;27555
474768794;27556
474785468;27557
474802141;27558
474818815;27559
474835489;27560
474852163;27561
474868836;27562
474885510;27563
474918858;27564
474935532;27565
474952205;27566
474968879;27567
474985553;27568
475002227;27569
475018900;27570
475035574;27571
475052248;27572
475068922;27573
475085595;27574
475102269;27575
475118943;27576
475135617;27577
475152290;27578
475168964;27579
475185638;27580
475202312;27581
475218986;27582
475235659;27583
475252333;27584
475269007;27585
475285681;27586
475302354;27587
475319028;27588
475335702;27589
475352376;27590
475369049;27591
475385723;27592
475419071;27593
475435745;27594
475452418;27595
475469092;27596
475485766;27597
475502439;27598
475519113;27599
475535787;27600
475552461;27601
475569135;27602
475585808;27603
475602482;27604
475619156;27605
475635830;27606
475652503;27607
475669177;27608
475685851;27609
475702525;27610
475719198;27611
475735872;27612
475752546;27613
475769220;27614
475785894;27615
475802567;27616
475819241;27617
475835915;27618
475852589;27619
475869262;27620
475885936;27621
475919284;27622
475935957;27623
475952631;27624
475969305;27625
475985979;27626
476002652;27627
476019326;27628
476036000;27629
476052674;27630
476069348;27631
476086021;27632
476102695;27633
476119369;27634
476136043;27635
476152717;27636
476169390;27637
476186064;27638
476202738;27639
476219412;27640
476236085;27641
476252759;27642
476269433;27643
476286107;27644
476302780;27645
476319454;27646
476336128;27647
476352802;27648
476369475;27649
476386149;27650
476419497;27651
476436171;27652
476452844;27653
476469518;27654
476486192;27655
476502866;27656
476519539;27657
476536213;27658
476552887;27659
476569561;27660
476586235;27661
476602908;27662
476619582;27663
476636256;27664
476652930;27665
476669604;27666
476686277;27667
476702951;27668
476719625;27669
476736299;27670
476752972;27671
476769646;27672
476786320;27673
476802994;27674
476819667;27675
476836341;27676
476853015;27677
476869689;27678
476886363;27679
476919710;27680
476936384;27681
476953058;27682
476969731;27683
476986405;27684
477003079;27685
477019753;27686
477036427;27687
477053100;27688
477069774;27689
477086448;27690
477103122;27691
477119795;27692
477136469;27693
477153143;27694
477169817;27695
477186491;27696
477203164;27697
477219838;27698
477236512;27699
477253186;27700
477269859;27701
477286533;27702
477303207;27703
477319881;27704
477336555;27705
477353228;27706
477369902;27707
477386576;27708
477419923;27709
477436597;27710
477453271;27711
477469945;27712
477486619;27713
477503292;27714
477519966;27715
477536640;27716
477553314;27717
477569988;27718
477586661;27719
477603335;27720
477620009;27721
477636683;27722
477653356;27723
477670030;27724
477686704;27725
477703378;27726
477720052;27727
477736725;27728
477753399;27729
477770073;27730
477786747;27731
477803420;27732
477820094;27733
477836768;27734
477853442;27735
477870116;27736
477886789;27737
477920137;27738
477936811;27739
477953484;27740
477970158;27741
477986832;27742
478003506;27743
478020180;27744
478036854;27745
478053527;27746
478070201;27747
478086875;27748
478103549;27749
478120222;27750
478136896;27751
478153570;27752
478170244;27753
478186918;27754
478203591;27755
478220265;27756
478236939;27757
478253613;27758
478270286;27759
478286960;27760
478303634;27761
478320308;27762
478336982;27763
478353655;27764
478370329;27765
478387003;27766
478420351;27767
478437024;27768
478453698;27769
478470372;27770
478487046;27771
478503720;27772
478520393;27773
478537067;27774
478553741;27775
478570415;27776
478587089;27777
478603762;27778
478620436;27779
478637110;27780
478653784;27781
478670458;27782
478687131;27783
478703805;27784
478720479;27785
478737153;27786
478753826;27787
478770500;27788
478787174;27789
478803848;27790
478820522;27791
478837195;27792
478853869;27793
478870543;27794
478887217;27795
478903891;27796
478937238;27797
478953912;27798
478970586;27799
478987260;27800
479003933;27801
479020607;27802
479037281;27803
479053955;27804
479070629;27805
479087302;27806
479103976;27807
479120650;27808
479137324;27809
479153997;27810
479170671;27811
479187345;27812
479204019;27813
479220693;27814
479237366;27815
479254040;27816
479270714;27817
479287388;27818
479304062;27819
479320735;27820
479337409;27821
479354083;27822
479370757;27823
479387431;27824
479404105;27825
479437452;27826
479454126;27827
479470800;27828
479487474;27829
479504147;27830
479520821;27831
479537495;27832
479554169;27833
479570842;27834
479587516;27835
479604190;27836
479620864;27837
479637538;27838
479654211;27839
479670885;27840
479687559;27841
479704233;27842
479720907;27843
479737580;27844
479754254;27845
479770928;27846
479787602;27847
479804276;27848
479820950;27849
479837623;27850
479854297;27851
479870971;27852
479887645;27853
479904318;27854
479937666;27855
479954340;27856
479971014;27857
479987687;27858
480004361;27859
480021035;27860
480037709;27861
480054383;27862
480071056;27863
480087730;27864
480104404;27865
480121078;27866
480137752;27867
480154426;27868
480171099;27869
480187773;27870
480204447;27871
480221121;27872
480237794;27873
480254468;27874
480271142;27875
480287816;27876
480304490;27877
480321164;27878
480337837;27879
480354511;27880
480371185;27881
480387859;27882
480404533;27883
480437880;27884
480454554;27885
480471228;27886
480487902;27887
480504575;27888
480521249;27889
480537923;27890
480554597;27891
480571271;27892
480587944;27893
480604618;27894
480621292;27895
480637966;27896
480654640;27897
480671313;27898
480687987;27899
480704661;27900
480721335;27901
480738009;27902
480754682;27903
480771356;27904
480788030;27905
480804704;27906
480821378;27907
480838052;27908
480854725;27909
480871399;27910
480888073;27911
480904747;27912
480938094;27913
480954768;27914
480971442;27915
480988116;27916
481004790;27917
481021463;27918
481038137;27919
481054811;27920
481071485;27921
481088159;27922
481104832;27923
481121506;27924
481138180;27925
481154854;27926
481171528;27927
481188201;27928
481204875;27929
481221549;27930
481238223;27931
481254897;27932
481271571;27933
481288244;27934
481304918;27935
481321592;27936
481338266;27937
481354940;27938
481371613;27939
481388287;27940
481404961;27941
481438309;27942
481454982;27943
481471656;27944
481488330;27945
481505004;27946
481521678;27947
481538351;27948
481555025;27949
481571699;27950
481588373;27951
481605047;27952
481621721;27953
481638394;27954
481655068;27955
481671742;27956
481688416;27957
481705090;27958
481721763;27959
481738437;27960
481755111;27961
481771785;27962
481788459;27963
481805133;27964
481821806;27965
481838480;27966
481855154;27967
481871828;27968
481888502;27969
481905175;27970
481938523;27971
481955197;27972
481971871;27973
481988544;27974
482005218;27975
482021892;27976
482038566;27977
482055240;27978
482071913;27979
482088587;27980
482105261;27981
482121935;27982
482138609;27983
482155283;27984
482171956;27985
482188630;27986
482205304;27987
482221978;27988
482238652;27989
482255325;27990
482271999;27991
482288673;27992
482305347;27993
482322021;27994
482338695;27995
482355368;27996
482372042;27997
482388716;27998
482405390;27999
482438737;28000
482455411;28001
482472085;28002
482488759;28003
482505433;28004
482522107;28005
482538780;28006
482555454;28007
482572128;28008
482588802;28009
482605476;28010
482622149;28011
482638823;28012
482655497;28013
482672171;28014
482688845;28015
482705519;28016
482722192;28017
482738866;28018
482755540;28019
482772214;28020
482788888;28021
482805561;28022
482822235;28023
482838909;28024
482855583;28025
482872257;28026
482888930;28027
482905604;28028
482938952;28029
482955626;28030
482972300;28031
482988973;28032
483005647;28033
483022321;28034
483038995;28035
483055669;28036
483072342;28037
483089016;28038
483105690;28039
483122364;28040
483139038;28041
483155712;28042
483172385;28043
483189059;28044
483205733;28045
483222407;28046
483239081;28047
483255755;28048
483272428;28049
483289102;28050
483305776;28051
483322450;28052
483339124;28053
483355797;28054
483372471;28055
483389145;28056
483405819;28057
483439167;28058
483455840;28059
483472514;28060
483489188;28061
483505862;28062
483522536;28063
483539210;28064
483555883;28065
483572557;28066
483589231;28067
483605905;28068
483622579;28069
483639252;28070
483655926;28071
483672600;28072
483689274;28073
483705948;28074
483722622;28075
483739295;28076
483755969;28077
483772643;28078
483789317;28079
483805991;28080
483822664;28081
483839338;28082
483856012;28083
483872686;28084
483889360;28085
483906034;28086
483939381;28087
483956055;28088
483972729;28089
483989403;28090
484006076;28091
484022750;28092
484039424;28093
484056098;28094
484072772;28095
484089446;28096
484106119;28097
484122793;28098
484139467;28099
484156141;28100
484172815;28101
484189488;28102
484206162;28103
484222836;28104
484239510;28105
484256184;28106
484272858;28107
484289532;28108
484306205;28109
484322879;28110
484339553;28111
484356227;28112
484372901;28113
484389574;28114
484406248;28115
484422922;28116
484456270;28117
484472944;28118
484489617;28119
484506291;28120
484522965;28121
484539639;28122
484556313;28123
484572987;28124
484589660;28125
484606334;28126
484623008;28127
484639682;28128
484656356;28129
484673029;28130
484689703;28131
484706377;28132
484723051;28133
484739725;28134
484756399;28135
484773072;28136
484789746;28137
484806420;28138
484823094;28139
484839768;28140
484856442;28141
484873115;28142
484889789;28143
484906463;28144
484923137;28145
484956485;28146
484973158;28147
484989832;28148
485006506;28149
485023180;28150
485039854;28151
485056527;28152
485073201;28153
485089875;28154
485106549;28155
485123223;28156
485139897;28157
485156571;28158
485173244;28159
485189918;28160
485206592;28161
485223266;28162
485239940;28163
485256613;28164
485273287;28165
485289961;28166
485306635;28167
485323309;28168
485339983;28169
485356656;28170
485373330;28171
485390004;28172
485406678;28173
485423352;28174
485456699;28175
485473373;28176
485490047;28177
485506721;28178
485523395;28179
485540069;28180
485556742;28181
485573416;28182
485590090;28183
485606764;28184
485623438;28185
485640112;28186
485656785;28187
485673459;28188
485690133;28189
485706807;28190
485723481;28191
485740154;28192
485756828;28193
485773502;28194
485790176;28195
485806850;28196
485823524;28197
485840197;28198
485856871;28199
485873545;28200
485890219;28201
485906893;28202
485923567;28203
485956914;28204
485973588;28205
485990262;28206
486006936;28207
486023610;28208
486040283;28209
486056957;28210
486073631;28211
486090305;28212
486106979;28213
486123652;28214
486140326;28215
486157000;28216
486173674;28217
486190348;28218
486207022;28219
486223696;28220
486240369;28221
486257043;28222
486273717;28223
486290391;28224
486307065;28225
486323739;28226
486340412;28227
486357086;28228
486373760;28229
486390434;28230
486407108;28231
486423782;28232
486457129;28233
486473803;28234
486490477;28235
486507151;28236
486523824;28237
486540498;28238
486557172;28239
486573846;28240
486590520;28241
486607194;28242
486623868;28243
486640541;28244
486657215;28245
486673889;28246
486690563;28247
486707237;28248
486723910;28249
486740584;28250
486757258;28251
486773932;28252
486790606;28253
486807280;28254
486823954;28255
486840627;28256
486857301;28257
486873975;28258
486890649;28259
486907323;28260
486923997;28261
486957344;28262
486974018;28263
486990692;28264
487007366;28265
487024039;28266
487040713;28267
487057387;28268
487074061;28269
487090735;28270
487107409;28271
487124083;28272
487140756;28273
487157430;28274
487174104;28275
487190778;28276
487207452;28277
487224126;28278
487240799;28279
487257473;28280
487274147;28281
487290821;28282
487307495;28283
487324169;28284
487340842;28285
487357516;28286
487374190;28287
487390864;28288
487407538;28289
487424211;28290
487457559;28291
487474233;28292
487490907;28293
487507581;28294
487524255;28295
487540928;28296
487557602;28297
487574276;28298
487590950;28299
487607624;28300
487624298;28301
487640971;28302
487657645;28303
487674319;28304
487690993;28305
487707667;28306
487724341;28307
487741014;28308
487757688;28309
487774362;28310
487791036;28311
487807710;28312
487824383;28313
487841057;28314
487857731;28315
487874405;28316
487891079;28317
487907753;28318
487924426;28319
487957774;28320
487974448;28321
487991122;28322
488007796;28323
488024470;28324
488041143;28325
488057817;28326
488074491;28327
488091165;28328
488107839;28329
488124513;28330
488141186;28331
488157860;28332
488174534;28333
488191208;28334
488207882;28335
488224556;28336
488241229;28337
488257903;28338
488274577;28339
488291251;28340
488307925;28341
488324599;28342
488341272;28343
488357946;28344
488374620;28345
488391294;28346
488407968;28347
488424642;28348
488457989;28349
488474663;28350
488491337;28351
488508011;28352
488524685;28353
488541358;28354
488558032;28355
488574706;28356
488591380;28357
488608054;28358
488624728;28359
488641401;28360
488658075;28361
488674749;28362
488691423;28363
488708097;28364
488724771;28365
488741444;28366
488758118;28367
488774792;28368
488791466;28369
488808140;28370
488824814;28371
488841487;28372
488858161;28373
488874835;28374
488891509;28375
488908183;28376
488924857;28377
488958204;28378
488974878;28379
488991552;28380
489008226;28381
489024900;28382
489041573;28383
489058247;28384
489074921;28385
489091595;28386
489108269;28387
489124943;28388
489141616;28389
489158290;28390
489174964;28391
489191638;28392
489208312;28393
489224986;28394
489241659;28395
489258333;28396
489275007;28397
489291681;28398
489308355;28399
489325029;28400
489341703;28401
489358376;28402
489375050;28403
489391724;28404
489408398;28405
489425072;28406
489458419;28407
489475093;28408
489491767;28409
489508441;28410
489525115;28411
489541788;28412
489558462;28413
489575136;28414
489591810;28415
489608484;28416
489625158;28417
489641832;28418
489658505;28419
489675179;28420
489691853;28421
489708527;28422
489725201;28423
489741875;28424
489758548;28425
489775222;28426
489791896;28427
489808570;28428
489825244;28429
489841918;28430
489858591;28431
489875265;28432
489891939;28433
489908613;28434
489925287;28435
489958634;28436
489975308;28437
489991982;28438
490008656;28439
490025330;28440
490042004;28441
490058677;28442
490075351;28443
490092025;28444
490108699;28445
490125373;28446
490142047;28447
490158720;28448
490175394;28449
490192068;28450
490208742;28451
490225416;28452
490242090;28453
490258763;28454
490275437;28455
490292111;28456
490308785;28457
490325459;28458
490342133;28459
490358806;28460
490375480;28461
490392154;28462
490408828;28463
490425502;28464
490458849;28465
490475523;28466
490492197;28467
490508871;28468
490525545;28469
490542219;28470
490558892;28471
490575566;28472
490592240;28473
490608914;28474
490625588;28475
490642262;28476
490658935;28477
490675609;28478
490692283;28479
490708957;28480
490725631;28481
490742305;28482
490758978;28483
490775652;28484
490792326;28485
490809000;28486
490825674;28487
490842348;28488
490859021;28489
490875695;28490
490892369;28491
490909043;28492
490925717;28493
490959064;28494
490975738;28495
490992412;28496
491009086;28497
491025760;28498
491042434;28499
491059108;28500
491075781;28501
491092455;28502
491109129;28503
491125803;28504
491142477;28505
491159150;28506
491175824;28507
491192498;28508
491209172;28509
491225846;28510
491242520;28511
491259193;28512
491275867;28513
491292541;28514
491309215;28515
491325889;28516
491342563;28517
491359236;28518
491375910;28519
491392584;28520
491409258;28521
491425932;28522
491459279;28523
491475953;28524
491492627;28525
491509301;28526
491525975;28527
491542649;28528
491559322;28529
491575996;28530
491592670;28531
491609344;28532
491626018;28533
491642692;28534
491659365;28535
491676039;28536
491692713;28537
491709387;28538
491726061;28539
491742735;28540
491759408;28541
491776082;28542
491792756;28543
491809430;28544
491826104;28545
491842778;28546
491859451;28547
491876125;28548
491892799;28549
491909473;28550
491926147;28551
491959494;28552
491976168;28553
491992842;28554
492009516;28555
492026190;28556
492042864;28557
492059537;28558
492076211;28559
492092885;28560
492109559;28561
492126233;28562
492142907;28563
492159580;28564
492176254;28565
492192928;28566
492209602;28567
492226276;28568
492242949;28569
492259623;28570
492276297;28571
492292971;28572
492309645;28573
492326319;28574
492342993;28575
492359666;28576
492376340;28577
492393014;28578
492409688;28579
492426362;28580
492459709;28581
492476383;28582
492493057;28583
492509731;28584
492526405;28585
492543078;28586
492559752;28587
492576426;28588
492593100;28589
492609774;28590
492626448;28591
492643121;28592
492659795;28593
492676469;28594
492693143;28595
492709817;28596
492726491;28597
492743164;28598
492759838;28599
492776512;28600
492793186;28601
492809860;28602
492826534;28603
492843207;28604
492859881;28605
492876555;28606
492893229;28607
492909903;28608
492926577;28609
492959924;28610
492976598;28611
492993272;28612
493009946;28613
493026619;28614
493043293;28615
493059967;28616
493076641;28617
493093315;28618
493109989;28619
493126662;28620
493143336;28621
493160010;28622
493176684;28623
493193358;28624
493210031;28625
493226705;28626
493243379;28627
493260053;28628
493276727;28629
493293401;28630
493310074;28631
493326748;28632
493343422;28633
493360096;28634
493376770;28635
493393444;28636
493410117;28637
493426791;28638
493460139;28639
493476813;28640
493493486;28641
493510160;28642
493526834;28643
493543508;28644
493560182;28645
493576856;28646
493593529;28647
493610203;28648
493626877;28649
493643551;28650
493660225;28651
493676899;28652
493693572;28653
493710246;28654
493726920;28655
493743594;28656
493760268;28657
493776941;28658
493793615;28659
493810289;28660
493826963;28661
493843637;28662
493860311;28663
493876984;28664
493893658;28665
493910332;28666
493927006;28667
493960353;28668
493977027;28669
493993701;28670
494010375;28671
494027049;28672
494043723;28673
494060396;28674
494077070;28675
494093744;28676
494110418;28677
494127092;28678
494143766;28679
494160439;28680
494177113;28681
494193787;28682
494210461;28683
494227135;28684
494243809;28685
494260482;28686
494277156;28687
494293830;28688
494310504;28689
494327178;28690
494343852;28691
494360525;28692
494377199;28693
494393873;28694
494410547;28695
494427221;28696
494460568;28697
494477242;28698
494493916;28699
494510590;28700
494527263;28701
494543937;28702
494560611;28703
494577285;28704
494593959;28705
494610633;28706
494627306;28707
494643980;28708
494660654;28709
494677328;28710
494694002;28711
494710675;28712
494727349;28713
494744023;28714
494760697;28715
494777371;28716
494794045;28717
494810718;28718
494827392;28719
494844066;28720
494860740;28721
494877414;28722
494894087;28723
494910761;28724
494927435;28725
494960783;28726
494977457;28727
494994130;28728
495010804;28729
495027478;28730
495044152;28731
495060826;28732
495077499;28733
495094173;28734
495110847;28735
495127521;28736
495144195;28737
495160869;28738
495177542;28739
495194216;28740
495210890;28741
495227564;28742
495244238;28743
495260912;28744
495277585;28745
495294259;28746
495310933;28747
495327607;28748
495344281;28749
495360954;28750
495377628;28751
495394302;28752
495410976;28753
495427650;28754
495460997;28755
495477671;28756
495494345;28757
495511019;28758
495527693;28759
495544366;28760
495561040;28761
495577714;28762
495594388;28763
495611062;28764
495627735;28765
495644409;28766
495661083;28767
495677757;28768
495694431;28769
495711105;28770
495727778;28771
495744452;28772
495761126;28773
495777800;28774
495794474;28775
495811147;28776
495827821;28777
495844495;28778
495861169;28779
495877843;28780
495894517;28781
495911190;28782
495927864;28783
495961212;28784
495977886;28785
495994559;28786
496011233;28787
496027907;28788
496044581;28789
496061255;28790
496077928;28791
496094602;28792
496111276;28793
496127950;28794
496144624;28795
496161298;28796
496177971;28797
496194645;28798
496211319;28799
496227993;28800
496244667;28801
496261340;28802
496278014;28803
496294688;28804
496311362;28805
496328036;28806
496344709;28807
496361383;28808
496378057;28809
496394731;28810
496411405;28811
496428079;28812
496461426;28813
496478100;28814
496494774;28815
496511448;28816
496528121;28817
496544795;28818
496561469;28819
496578143;28820
496594817;28821
496611490;28822
496628164;28823
496644838;28824
496661512;28825
496678186;28826
496694860;28827
496711533;28828
496728207;28829
496744881;28830
496761555;28831
496778229;28832
496794902;28833
496811576;28834
496828250;28835
496844924;28836
496861598;28837
496878271;28838
496894945;28839
496911619;28840
496928293;28841
496961641;28842
496978314;28843
496994988;28844
497011662;28845
497028336;28846
497045010;28847
497061683;28848
497078357;28849
497095031;28850
497111705;28851
497128379;28852
497145052;28853
497161726;28854
497178400;28855
497195074;28856
497211748;28857
497228421;28858
497245095;28859
497261769;28860
497278443;28861
497295117;28862
497311790;28863
497328464;28864
497345138;28865
497361812;28866
497378486;28867
497395159;28868
497411833;28869
497428507;28870
497461855;28871
497478529;28872
497495202;28873
497511876;28874
497528550;28875
497545224;28876
497561898;28877
497578571;28878
497595245;28879
497611919;28880
497628593;28881
497645267;28882
497661940;28883
497678614;28884
497695288;28885
497711962;28886
497728636;28887
497745309;28888
497761983;28889
497778657;28890
497795331;28891
497812005;28892
497828678;28893
497845352;28894
497862026;28895
497878700;28896
497895374;28897
497912047;28898
497928721;28899
497962069;28900
497978743;28901
497995416;28902
498012090;28903
498028764;28904
498045438;28905
498062112;28906
498078786;28907
498095459;28908
498112133;28909
498128807;28910
498145481;28911
498162155;28912
498178828;28913
498195502;28914
498212176;28915
498228850;28916
498245524;28917
498262197;28918
498278871;28919
498295545;28920
498312219;28921
498328893;28922
498345566;28923
498362240;28924
498378914;28925
498395588;28926
498412262;28927
498428935;28928
498462283;28929
498478957;28930
498495631;28931
498512304;28932
498528978;28933
498545652;28934
498562326;28935
498579000;28936
498595673;28937
498612347;28938
498629021;28939
498645695;28940
498662369;28941
498679042;28942
498695716;28943
498712390;28944
498729064;28945
498745738;28946
498762411;28947
498779085;28948
498795759;28949
498812433;28950
498829107;28951
498845780;28952
498862454;28953
498879128;28954
498895802;28955
498912476;28956
498929149;28957
498962497;28958
498979171;28959
498995845;28960
499012518;28961
499029192;28962
499045866;28963
499062540;28964
499079214;28965
499095887;28966
499112561;28967
499129235;28968
499145909;28969
499162582;28970
499179256;28971
499195930;28972
499212604;28973
499229278;28974
499245951;28975
499262625;28976
499279299;28977
499295973;28978
499312647;28979
499329320;28980
499345994;28981
499362668;28982
499379342;28983
499396016;28984
499412689;28985
499429363;28986
499462711;28987
499479385;28988
499496058;28989
499512732;28990
499529406;28991
499546080;28992
499562753;28993
499579427;28994
499596101;28995
499612775;28996
499629449;28997
499646122;28998
499662796;28999
499679470;29000
499696144;29001
499712818;29002
499729491;29003
499746165;29004
499762839;29005
499779513;29006
499796187;29007
499812860;29008
499829534;29009
499846208;29010
499862882;29011
499879556;29012
499896229;29013
499912903;29014
499929577;29015
499962925;29016
499979598;29017
499996272;29018
500012946;29019
500029620;29020
500046294;29021
500062967;29022
500079641;29023
500096315;29024
500112989;29025
500129663;29026
500146336;29027
500163010;29028
500179684;29029
500196358;29030
500213031;29031
500229705;29032
500246379;29033
500263053;29034
500279727;29035
500296400;29036
500313074;29037
500329748;29038
500346422;29039
500363096;29040
500379769;29041
500396443;29042
500413117;29043
500429791;29044
500463138;29045
500479812;29046
500496486;29047
500513160;29048
500529833;29049
500546507;29050
500563181;29051
500579855;29052
500596529;29053
500613202;29054
500629876;29055
500646550;29056
500663224;29057
500679897;29058
500696571;29059
500713245;29060
500729919;29061
500746593;29062
500763266;29063
500779940;29064
500796614;29065
500813288;29066
500829962;29067
500846635;29068
500863309;29069
500879983;29070
500896657;29071
500913330;29072
500930004;29073
500963352;29074
500980026;29075
500996699;29076
501013373;29077
501030047;29078
501046721;29079
501063395;29080
501080068;29081
501096742;29082
501113416;29083
501130090;29084
501146763;29085
501163437;29086
501180111;29087
501196785;29088
501213459;29089
501230132;29090
501246806;29091
501263480;29092
501280154;29093
501296827;29094
501313501;29095
501330175;29096
501346849;29097
501363523;29098
501380196;29099
501396870;29100
501413544;29101
501430218;29102
501463565;29103
501480239;29104
501496913;29105
501513587;29106
501530260;29107
501546934;29108
501563608;29109
501580282;29110
501596956;29111
501613629;29112
501630303;29113
501646977;29114
501663651;29115
501680324;29116
501696998;29117
501713672;29118
501730346;29119
501747020;29120
501763693;29121
501780367;29122
501797041;29123
501813715;29124
501830388;29125
501847062;29126
501863736;29127
501880410;29128
501897084;29129
501913757;29130
501930431;29131
501963779;29132
501980452;29133
501997126;29134
502013800;29135
502030474;29136
502047148;29137
502063821;29138
502080495;29139
502097169;29140
502113843;29141
502130516;29142
502147190;29143
502163864;29144
502180538;29145
502197211;29146
502213885;29147
502230559;29148
502247233;29149
502263907;29150
502280580;29151
502297254;29152
502313928;29153
502330602;29154
502347275;29155
502363949;29156
502380623;29157
502397297;29158
502413971;29159
502430644;29160
502447318;29161
502480666;29162
502497339;29163
502514013;29164
502530687;29165
502547361;29166
502564034;29167
502580708;29168
502597382;29169
502614056;29170
502630730;29171
502647403;29172
502664077;29173
502680751;29174
502697425;29175
502714098;29176
502730772;29177
502747446;29178
502764120;29179
502780794;29180
502797467;29181
502814141;29182
502830815;29183
502847489;29184
502864162;29185
502880836;29186
502897510;29187
502914184;29188
502930857;29189
502947531;29190
502980879;29191
502997553;29192
503014226;29193
503030900;29194
503047574;29195
503064248;29196
503080922;29197
503097595;29198
503114269;29199
503130943;29200
503147617;29201
503164290;29202
503180964;29203
503197638;29204
503214312;29205
503230985;29206
503247659;29207
503264333;29208
503281007;29209
503297680;29210
503314354;29211
503331028;29212
503347702;29213
503364376;29214
503381049;29215
503397723;29216
503414397;29217
503431070;29218
503447744;29219
503481092;29220
503497766;29221
503514439;29222
503531113;29223
503547787;29224
503564461;29225
503581134;29226
503597808;29227
503614482;29228
503631156;29229
503647829;29230
503664503;29231
503681177;29232
503697851;29233
503714525;29234
503731198;29235
503747872;29236
503764546;29237
503781220;29238
503797893;29239
503814567;29240
503831241;29241
503847915;29242
503864588;29243
503881262;29244
503897936;29245
503914610;29246
503931283;29247
503947957;29248
503981305;29249
503997979;29250
504014652;29251
504031326;29252
504048000;29253
504064674;29254
504081347;29255
504098021;29256
504114695;29257
504131369;29258
504148042;29259
504164716;29260
504181390;29261
504198064;29262
504214737;29263
504231411;29264
504248085;29265
504264759;29266
504281432;29267
504298106;29268
504314780;29269
504331454;29270
504348127;29271
504364801;29272
504381475;29273
504398149;29274
504414822;29275
504431496;29276
504448170;29277
504481517;29278
504498191;29279
504514865;29280
504531539;29281
504548212;29282
504564886;29283
504581560;29284
504598234;29285
504614908;29286
504631581;29287
504648255;29288
504664929;29289
504681603;29290
504698276;29291
504714950;29292
504731624;29293
504748298;29294
504764971;29295
504781645;29296
504798319;29297
504814993;29298
504831666;29299
504848340;29300
504865014;29301
504881688;29302
504898361;29303
504915035;29304
504931709;29305
504948383;29306
504981730;29307
504998404;29308
505015078;29309
-1;-1
-1;-1
-1;-1
-1;-1
-1;-1
-1;-1
-1;-1
-1;-1
-1;-1
-1;-1
-1;-1
-1;-1
-1;-1
-1;-1
-1;-1
-1;-1
-1;-1
-1;-1
-1;-1
-1;-1
-1;-1
-1;-1
-1;-1
-1;-1
-1;-1
-1;-1
-1;-1
-1;-1
-1;-1
-1;-1
-1;-1
-1;-1
-1;-1
-1;-1
-1;-1
-1;-1
-1;-1
-1;-1
-1;-1
-1;-1
-1;-1
-1;-1
-1;-1
-1;-1
-1;-1
-1;-1
-1;-1
-1;-1
-1;-1
-1;-1
-1;-1
-1;-1
-1;-1
-1;-1
-1;-1
-1;-1
-1;-1
-1;-1
-1;-1
-1;-1
-1;-1
-1;-1
-1;-1
-1;-1
-1;-1
-1;-1
-1;-1
-1;-1
-1;-1
-1;-1
-1;-1
-1;-1
-1;-1
-1;-1
-1;-1
-1;-1
-1;-1
-1;-1
-1;-1
-1;-1
-1;-1
-1;-1
-1;-1
-1;-1
-1;-1
-1;-1
-1;-1
-1;-1
-1;-1
-1;-1
-1;-1
-1;-1
-1;-1
-1;-1
-1;-1
-1;-1
-1;-1
-1;-1
-1;-1
-1;-1
-1;-1
-1;-1
-1;-1
-1;-1
-1;-1
-1;-1
-1;-1
-1;-1
-1;-1
-1;-1
-1;-1
-1;-1
-1;-1
-1;-1
-1;-1
-1;-1
-1;-1
-1;-1
-1;-1
-1;-1
-1;-1
-1;-1
-1;-1
-1;-1
-1;-1
-1;-1
-1;-1
-1;-1
-1;-1
-1;-1
-1;-1
-1;-1
-1;-1
-1;-1
-1;-1
-1;-1
-1;-1
-1;-1
-1;-1
-1;-1
-1;-1
-1;-1
-1;-1
-1;-1
-1;-1
-1;-1
-1;-1
-1;-1
-1;-1
-1;-1
-1;-1
-1;-1
-1;-1
-1;-1
-1;-1
-1;-1
-1;-1
-1;-1
-1;-1
-1;-1
-1;-1
-1;-1
-1;-1
-1;-1
-1;-1
-1;-1
-1;-1
-1;-1
-1;-1
-1;-1
-1;-1
-1;-1
-1;-1
-1;-1
-1;-1
-1;-1
-1;-1
-1;-1
-1;-1
-1;-1
-1;-1
-1;-1
-1;-1
-1;-1
-1;-1
-1;-1
-1;-1
-1;-1
-1;-1
-1;-1
-1;-1
-1;-1
-1;-1
