409374380;23764
409391054;23765
409407728;23766
409424402;23767
409441075;23768
409457749;23769
409491096;23770
409507770;23771
409524443;23772
409541117;23773
409557791;23774
409574465;23775
409591138;23776
409607812;23777
409624485;23778
409641159;23779
409657833;23780
409674506;23781
409691180;23782
409707854;23783
409724527;23784
409741201;23785
409757875;23786
409774549;23787
409791222;23788
409807896;23789
409824570;23790
409841243;23791
409857917;23792
409874591;23793
409891264;23794
409907938;23795
409924612;23796
409941285;23797
409957959;23798
409991306;23799
410007980;23800
410024654;23801
410041327;23802
410058001;23803
410074675;23804
410091348;23805
410108022;23806
410124696;23807
410141369;23808
410158043;23809
410174717;23810
410191390;23811
410208064;23812
410224738;23813
410241411;23814
410258085;23815
410274759;23816
410291432;23817
410308106;23818
410324780;23819
410341453;23820
410358127;23821
410374801;23822
410391474;23823
410408148;23824
410424822;23825
410441495;23826
410458169;23827
410491516;23828
410508190;23829
410524864;23830
410541537;23831
410558211;23832
410574885;23833
410591558;23834
410608232;23835
410624906;23836
410641580;23837
410658253;23838
410674927;23839
410691600;23840
410708274;23841
410724948;23842
410741621;23843
410758295;23844
410774969;23845
410791642;23846
410808316;23847
410824990;23848
410841664;23849
410858337;23850
410875011;23851
410891685;23852
410908358;23853
410925032;23854
410941706;23855
410958379;23856
410991727;23857
411008400;23858
411025074;23859
411041748;23860
411058421;23861
411075095;23862
411091769;23863
411108442;23864
411125116;23865
411141790;23866
411158463;23867
411175137;23868
411191811;23869
411208484;23870
411225158;23871
411241832;23872
411258505;23873
411275179;23874
411291853;23875
411308526;23876
411325200;23877
411341874;23878
411358547;23879
411375221;23880
411391895;23881
411408568;23882
411425242;23883
411441916;23884
411458589;23885
411491937;23886
411508611;23887
411525284;23888
411541958;23889
411558632;23890
411575305;23891
411591979;23892
411608653;23893
411625326;23894
411642000;23895
411658674;23896
411675347;23897
411692021;23898
411708695;23899
411725368;23900
411742042;23901
411758716;23902
411775389;23903
411792063;23904
411808737;23905
411825410;23906
411842084;23907
411858758;23908
411875431;23909
411892105;23910
411908779;23911
411925452;23912
411942126;23913
411958800;23914
411992147;23915
412008821;23916
412025495;23917
412042168;23918
412058842;23919
412075516;23920
412092189;23921
412108863;23922
412125537;23923
412142210;23924
412158884;23925
412175558;23926
412192231;23927
412208905;23928
412225579;23929
412242252;23930
412258926;23931
412275600;23932
412292273;23933
412308947;23934
412325621;23935
412342294;23936
412358968;23937
412375642;23938
412392315;23939
412408989;23940
412425663;23941
412442336;23942
412459010;23943
412492358;23944
412509031;23945
412525705;23946
412542378;23947
412559052;23948
412575726;23949
412592400;23950
412609073;23951
412625747;23952
412642421;23953
412659094;23954
412675768;23955
412692442;23956
412709115;23957
412725789;23958
412742463;23959
412759136;23960
412775810;23961
412792484;23962
412809157;23963
412825831;23964
412842505;23965
412859178;23966
412875852;23967
412892526;23968
412909199;23969
412925873;23970
412942547;23971
412959221;23972
412992568;23973
413009242;23974
413025915;23975
413042589;23976
413059263;23977
413075936;23978
413092610;23979
413109284;23980
413125957;23981
413142631;23982
413159305;23983
413175978;23984
413192652;23985
413209326;23986
413225999;23987
413242673;23988
413259347;23989
413276020;23990
413292694;23991
413309368;23992
413326042;23993
413342715;23994
413359389;23995
413376063;23996
413392736;23997
413409410;23998
413426084;23999
413442757;24000
413459431;24001
413492778;24002
413509452;24003
413526126;24004
413542799;24005
413559473;24006
413576147;24007
413592820;24008
413609494;24009
413626168;24010
413642842;24011
413659515;24012
413676189;24013
413692863;24014
413709536;24015
413726210;24016
413742884;24017
413759557;24018
413776231;24019
413792905;24020
413809578;24021
413826252;24022
413842926;24023
413859599;24024
413876273;24025
413892947;24026
413909620;24027
413926294;24028
413942968;24029
413959642;24030
413992989;24031
414009663;24032
414026336;24033
414043010;24034
414059684;24035
414076357;24036
414093031;24037
414109705;24038
414126378;24039
414143052;24040
414159726;24041
414176399;24042
414193073;24043
414209747;24044
414226420;24045
414243094;24046
414259768;24047
414276441;24048
414293115;24049
414309789;24050
414326463;24051
414343136;24052
414359810;24053
414376484;24054
414393157;24055
414409831;24056
414426505;24057
414443178;24058
414459852;24059
414493199;24060
414509873;24061
414526547;24062
414543221;24063
414559894;24064
414576568;24065
414593241;24066
414609915;24067
414626589;24068
414643263;24069
414659936;24070
414676610;24071
414693284;24072
414709957;24073
414726631;24074
414743305;24075
414759978;24076
414776652;24077
414793326;24078
414809999;24079
414826673;24080
414843347;24081
414860021;24082
414876694;24083
414893368;24084
414910042;24085
414926715;24086
414943389;24087
414960063;24088
414993410;24089
415010084;24090
415026757;24091
415043431;24092
415060105;24093
415076778;24094
415093452;24095
415110126;24096
415126799;24097
415143473;24098
415160147;24099
415176821;24100
415193494;24101
415210168;24102
415226842;24103
415243515;24104
415260189;24105
415276863;24106
415293536;24107
415310210;24108
415326884;24109
415343557;24110
415360231;24111
415376905;24112
415393579;24113
415410252;24114
415426926;24115
415443600;24116
415460273;24117
415493621;24118
415510294;24119
415526968;24120
415543642;24121
415560315;24122
415576989;24123
415593663;24124
415610337;24125
415627010;24126
415643684;24127
415660358;24128
415677031;24129
415693705;24130
415710379;24131
415727052;24132
415743726;24133
415760400;24134
415777073;24135
415793747;24136
415810421;24137
415827094;24138
415843768;24139
415860442;24140
415877115;24141
415893789;24142
415910463;24143
415927137;24144
415943810;24145
415960484;24146
415993831;24147
416010505;24148
416027179;24149
416043852;24150
416060526;24151
416077200;24152
416093873;24153
416110547;24154
416127221;24155
416143895;24156
416160568;24157
416177242;24158
416193916;24159
416210589;24160
416227263;24161
416243937;24162
416260610;24163
416277284;24164
416293958;24165
416310631;24166
416327305;24167
416343979;24168
416360653;24169
416377326;24170
416394000;24171
416410674;24172
416427347;24173
416444021;24174
416460695;24175
416494042;24176
416510716;24177
416527389;24178
416544063;24179
416560737;24180
416577411;24181
416594084;24182
416610758;24183
416627432;24184
416644105;24185
416660779;24186
416677453;24187
416694126;24188
416710800;24189
416727474;24190
416744147;24191
416760821;24192
416777495;24193
416794168;24194
416810842;24195
416827516;24196
416844190;24197
416860863;24198
416877537;24199
416894211;24200
416910884;24201
416927558;24202
416944232;24203
416960905;24204
416994253;24205
417010926;24206
417027600;24207
417044274;24208
417060947;24209
417077621;24210
417094295;24211
417110969;24212
417127642;24213
417144316;24214
417160990;24215
417177663;24216
417194337;24217
417211011;24218
417227684;24219
417244358;24220
417261032;24221
417277706;24222
417294379;24223
417311053;24224
417327727;24225
417344400;24226
417361074;24227
417377748;24228
417394421;24229
417411095;24230
417427769;24231
417444442;24232
417461116;24233
417494463;24234
417511137;24235
417527811;24236
417544485;24237
417561158;24238
417577832;24239
417594506;24240
417611179;24241
417627853;24242
417644527;24243
417661200;24244
417677874;24245
417694548;24246
417711222;24247
417727895;24248
417744569;24249
417761243;24250
417777916;24251
417794590;24252
417811264;24253
417827937;24254
417844611;24255
417861285;24256
417877958;24257
417894632;24258
417911306;24259
417927980;24260
417944653;24261
417961327;24262
417994674;24263
418011348;24264
418028022;24265
418044695;24266
418061369;24267
418078043;24268
418094716;24269
418111390;24270
418128064;24271
418144738;24272
418161411;24273
418178085;24274
418194759;24275
418211432;24276
418228106;24277
418244780;24278
418261453;24279
418278127;24280
418294801;24281
418311474;24282
418328148;24283
418344822;24284
418361496;24285
418378169;24286
418394843;24287
418411517;24288
418428190;24289
418444864;24290
418461538;24291
418494885;24292
418511559;24293
418528233;24294
418544906;24295
418561580;24296
418578254;24297
418594927;24298
418611601;24299
418628275;24300
418644948;24301
418661622;24302
418678296;24303
418694969;24304
418711643;24305
418728317;24306
418744991;24307
418761664;24308
418778338;24309
418795012;24310
418811685;24311
418828359;24312
418845033;24313
418861706;24314
418878380;24315
418895054;24316
418911728;24317
418928401;24318
418945075;24319
418961749;24320
418995096;24321
419011770;24322
419028443;24323
419045117;24324
419061791;24325
419078465;24326
419095138;24327
419111812;24328
419128486;24329
419145159;24330
419161833;24331
419178507;24332
419195180;24333
419211854;24334
419228528;24335
419245201;24336
419261875;24337
419278549;24338
419295223;24339
419311896;24340
419328570;24341
419345244;24342
419361917;24343
419378591;24344
419395265;24345
419411938;24346
419428612;24347
419445286;24348
419461960;24349
419495307;24350
419511981;24351
419528654;24352
419545328;24353
419562002;24354
419578675;24355
419595349;24356
419612023;24357
419628697;24358
419645370;24359
419662044;24360
419678718;24361
419695391;24362
419712065;24363
419728739;24364
419745412;24365
419762086;24366
419778760;24367
419795433;24368
419812107;24369
419828781;24370
419845455;24371
419862128;24372
419878802;24373
419895476;24374
419912149;24375
419928823;24376
419945497;24377
419962170;24378
419995518;24379
420012191;24380
420028865;24381
420045539;24382
420062213;24383
420078886;24384
420095560;24385
420112234;24386
420128907;24387
420145581;24388
420162255;24389
420178928;24390
420195602;24391
420212276;24392
420228950;24393
420245623;24394
420262297;24395
420278971;24396
420295644;24397
420312318;24398
420328992;24399
420345665;24400
420362339;24401
420379013;24402
420395687;24403
420412360;24404
420429034;24405
420445708;24406
420462381;24407
420495729;24408
420512402;24409
420529076;24410
420545750;24411
420562424;24412
420579097;24413
420595771;24414
420612445;24415
420629118;24416
420645792;24417
420662466;24418
420679139;24419
420695813;24420
420712487;24421
420729161;24422
420745834;24423
420762508;24424
420779182;24425
420795855;24426
420812529;24427
420829203;24428
420845876;24429
420862550;24430
420879224;24431
420895897;24432
420912571;24433
420929245;24434
420945919;24435
420962592;24436
420995940;24437
421012613;24438
421029287;24439
421045961;24440
421062634;24441
421079308;24442
421095982;24443
421112656;24444
421129329;24445
421146003;24446
421162677;24447
421179350;24448
421196024;24449
421212698;24450
421229372;24451
421246045;24452
421262719;24453
421279393;24454
421296066;24455
421312740;24456
421329414;24457
421346087;24458
421362761;24459
421379435;24460
421396109;24461
421412782;24462
421429456;24463
421446130;24464
421462803;24465
421496151;24466
421512824;24467
421529498;24468
421546172;24469
421562846;24470
421579519;24471
421596193;24472
421612867;24473
421629540;24474
421646214;24475
421662888;24476
421679561;24477
421696235;24478
421712909;24479
421729582;24480
421746256;24481
421762930;24482
421779604;24483
421796277;24484
421812951;24485
421829625;24486
421846298;24487
421862972;24488
421879646;24489
421896320;24490
421912993;24491
421929667;24492
421946341;24493
421963014;24494
421996362;24495
422013035;24496
422029709;24497
422046383;24498
422063056;24499
422079730;24500
422096404;24501
422113078;24502
422129751;24503
422146425;24504
422163099;24505
422179772;24506
422196446;24507
422213120;24508
422229794;24509
422246467;24510
422263141;24511
422279815;24512
422296488;24513
422313162;24514
422329836;24515
422346509;24516
422363183;24517
422379857;24518
422396530;24519
422413204;24520
422429878;24521
422446552;24522
422463225;24523
422496573;24524
422513246;24525
422529920;24526
422546594;24527
422563267;24528
422579941;24529
422596615;24530
422613289;24531
422629962;24532
422646636;24533
422663310;24534
422679983;24535
422696657;24536
422713331;24537
422730005;24538
422746678;24539
422763352;24540
422780026;24541
422796699;24542
422813373;24543
422830047;24544
422846720;24545
422863394;24546
422880068;24547
422896742;24548
422913415;24549
422930089;24550
422946763;24551
422963436;24552
422996784;24553
423013457;24554
423030131;24555
423046805;24556
423063479;24557
423080152;24558
423096826;24559
423113500;24560
423130173;24561
423146847;24562
423163521;24563
423180194;24564
423196868;24565
423213542;24566
423230216;24567
423246889;24568
423263563;24569
423280237;24570
423296910;24571
423313584;24572
423330258;24573
423346932;24574
423363605;24575
423380279;24576
423396953;24577
423413626;24578
423430300;24579
423446974;24580
423463647;24581
423496995;24582
423513669;24583
423530342;24584
423547016;24585
423563690;24586
423580363;24587
423597037;24588
423613711;24589
423630384;24590
423647058;24591
423663732;24592
423680405;24593
423697079;24594
423713753;24595
423730427;24596
423747100;24597
423763774;24598
423780448;24599
423797121;24600
423813795;24601
423830469;24602
423847143;24603
423863816;24604
423880490;24605
423897164;24606
423913837;24607
423930511;24608
423947185;24609
423963858;24610
423997206;24611
424013880;24612
424030553;24613
424047227;24614
424063901;24615
424080574;24616
424097248;24617
424113922;24618
424130595;24619
424147269;24620
424163943;24621
424180617;24622
424197290;24623
424213964;24624
424230638;24625
424247311;24626
424263985;24627
424280659;24628
424297333;24629
424314006;24630
424330680;24631
424347354;24632
424364027;24633
424380701;24634
424397375;24635
424414048;24636
424430722;24637
424447396;24638
424464069;24639
424497417;24640
424514091;24641
424530764;24642
424547438;24643
424564112;24644
424580785;24645
424597459;24646
424614133;24647
424630807;24648
424647480;24649
424664154;24650
424680828;24651
424697501;24652
424714175;24653
424730849;24654
424747522;24655
424764196;24656
424780870;24657
424797544;24658
424814217;24659
424830891;24660
424847565;24661
424864238;24662
424880912;24663
424897586;24664
424914259;24665
424930933;24666
424947607;24667
424964281;24668
424997628;24669
425014302;24670
425030975;24671
425047649;24672
425064323;24673
425080996;24674
425097670;24675
425114344;24676
425131018;24677
425147691;24678
425164365;24679
425181039;24680
425197712;24681
425214386;24682
425231060;24683
425247733;24684
425264407;24685
425281081;24686
425297755;24687
425314428;24688
425331102;24689
425347776;24690
425364449;24691
425381123;24692
425397797;24693
425414471;24694
425431144;24695
425447818;24696
425464492;24697
425497839;24698
425514513;24699
425531186;24700
425547860;24701
425564534;24702
425581208;24703
425597881;24704
425614555;24705
425631229;24706
425647902;24707
425664576;24708
425681250;24709
425697923;24710
425714597;24711
425731271;24712
425747945;24713
425764618;24714
425781292;24715
425797966;24716
425814639;24717
425831313;24718
425847987;24719
425864661;24720
425881334;24721
425898008;24722
425914682;24723
425931355;24724
425948029;24725
425964703;24726
425998050;24727
426014724;24728
426031397;24729
426048071;24730
426064745;24731
426081419;24732
426098092;24733
426114766;24734
426131440;24735
426148113;24736
426164787;24737
426181461;24738
426198135;24739
426214808;24740
426231482;24741
426248156;24742
426264829;24743
426281503;24744
426298177;24745
426314850;24746
426331524;24747
426348198;24748
426364872;24749
426381545;24750
426398219;24751
426414893;24752
426431566;24753
426448240;24754
426464914;24755
426498261;24756
426514935;24757
426531609;24758
426548282;24759
426564956;24760
426581630;24761
426598303;24762
426614977;24763
426631651;24764
426648324;24765
426664998;24766
426681672;24767
426698346;24768
426715019;24769
426731693;24770
426748367;24771
426765040;24772
426781714;24773
426798388;24774
426815062;24775
426831735;24776
426848409;24777
426865083;24778
426881756;24779
426898430;24780
426915104;24781
426931777;24782
426948451;24783
426965125;24784
426998472;24785
427015146;24786
427031820;24787
427048493;24788
427065167;24789
427081841;24790
427098514;24791
427115188;24792
427131862;24793
427148536;24794
427165209;24795
427181883;24796
427198557;24797
427215230;24798
427231904;24799
427248578;24800
427265252;24801
427281925;24802
427298599;24803
427315273;24804
427331946;24805
427348620;24806
427365294;24807
427381967;24808
427398641;24809
427415315;24810
427431989;24811
427448662;24812
427465336;24813
427498683;24814
427515357;24815
427532031;24816
427548704;24817
427565378;24818
427582052;24819
427598725;24820
427615399;24821
427632073;24822
427648747;24823
427665420;24824
427682094;24825
427698768;24826
427715441;24827
427732115;24828
427748789;24829
427765462;24830
427782136;24831
427798810;24832
427815484;24833
427832157;24834
427848831;24835
427865505;24836
427882178;24837
427898852;24838
427915526;24839
427932199;24840
427948873;24841
427965547;24842
427998894;24843
428015568;24844
428032242;24845
428048915;24846
428065589;24847
428082263;24848
428098937;24849
428115610;24850
428132284;24851
428148958;24852
428165631;24853
428182305;24854
428198979;24855
428215652;24856
428232326;24857
428249000;24858
428265673;24859
428282347;24860
428299021;24861
428315695;24862
428332368;24863
428349042;24864
428365716;24865
428382389;24866
428399063;24867
428415737;24868
428432411;24869
428449084;24870
428465758;24871
428499105;24872
428515779;24873
428532453;24874
428549126;24875
428565800;24876
428582474;24877
428599148;24878
428615821;24879
428632495;24880
428649169;24881
428665842;24882
428682516;24883
428699190;24884
428715863;24885
428732537;24886
428749211;24887
428765885;24888
428782558;24889
428799232;24890
428815906;24891
428832579;24892
428849253;24893
428865927;24894
428882600;24895
428899274;24896
428915948;24897
428932622;24898
428949295;24899
428965969;24900
428999316;24901
429015990;24902
429032664;24903
429049338;24904
429066011;24905
429082685;24906
429099359;24907
429116032;24908
429132706;24909
429149380;24910
429166053;24911
429182727;24912
429199401;24913
429216074;24914
429232748;24915
429249422;24916
429266096;24917
429282769;24918
429299443;24919
429316117;24920
429332790;24921
429349464;24922
429366138;24923
429382811;24924
429399485;24925
429416159;24926
429432833;24927
429449506;24928
429466180;24929
429499527;24930
429516201;24931
429532875;24932
429549548;24933
429566222;24934
429582896;24935
429599570;24936
429616243;24937
429632917;24938
429649591;24939
429666264;24940
429682938;24941
429699612;24942
429716285;24943
429732959;24944
429749633;24945
429766307;24946
429782980;24947
429799654;24948
429816328;24949
429833001;24950
429849675;24951
429866349;24952
429883022;24953
429899696;24954
429916370;24955
429933044;24956
429949717;24957
429966391;24958
429999738;24959
430016412;24960
430033086;24961
430049759;24962
430066433;24963
430083107;24964
430099780;24965
430116454;24966
430133128;24967
430149802;24968
430166475;24969
430183149;24970
430199823;24971
430216496;24972
430233170;24973
430249844;24974
430266518;24975
430283191;24976
430299865;24977
430316539;24978
430333212;24979
430349886;24980
430366560;24981
430383233;24982
430399907;24983
430416581;24984
430433255;24985
430449928;24986
430466602;24987
430499949;24988
430516623;24989
430533297;24990
430549970;24991
430566644;24992
430583318;24993
430599992;24994
430616665;24995
430633339;24996
430650013;24997
430666686;24998
430683360;24999
430700034;25000
430716707;25001
430733381;25002
430750055;25003
430766729;25004
430783402;25005
430800076;25006
430816750;25007
430833423;25008
430850097;25009
430866771;25010
430883444;25011
430900118;25012
430916792;25013
430933466;25014
430950139;25015
430966813;25016
431000160;25017
431016834;25018
431033508;25019
431050181;25020
431066855;25021
431083529;25022
431100203;25023
431116876;25024
431133550;25025
431150224;25026
431166897;25027
431183571;25028
431200245;25029
431216918;25030
431233592;25031
431250266;25032
431266939;25033
431283613;25034
431300287;25035
431316961;25036
431333634;25037
431350308;25038
431366982;25039
431383655;25040
431400329;25041
431417003;25042
431433676;25043
431450350;25044
431467024;25045
431500371;25046
431517045;25047
431533719;25048
431550392;25049
431567066;25050
431583740;25051
431600413;25052
431617087;25053
431633761;25054
431650434;25055
431667108;25056
431683782;25057
431700456;25058
431717129;25059
431733803;25060
431750477;25061
431767150;25062
431783824;25063
431800498;25064
431817172;25065
431833845;25066
431850519;25067
431867193;25068
431883866;25069
431900540;25070
431917214;25071
431933887;25072
431950561;25073
431967235;25074
432000582;25075
432017256;25076
432033930;25077
432050603;25078
432067277;25079
432083951;25080
432100624;25081
432117298;25082
432133972;25083
432150645;25084
432167319;25085
432183993;25086
432200666;25087
432217340;25088
432234014;25089
432250688;25090
432267361;25091
432284035;25092
432300709;25093
432317382;25094
432334056;25095
432350730;25096
432367403;25097
432384077;25098
432400751;25099
432417425;25100
432434098;25101
432450772;25102
432467446;25103
432500793;25104
432517467;25105
432534140;25106
432550814;25107
432567488;25108
432584161;25109
432600835;25110
432617509;25111
432634183;25112
432650856;25113
432667530;25114
432684204;25115
432700877;25116
432717551;25117
432734225;25118
432750898;25119
432767572;25120
432784246;25121
432800920;25122
432817593;25123
432834267;25124
432850941;25125
432867614;25126
432884288;25127
432900962;25128
432917635;25129
432934309;25130
432950983;25131
432967657;25132
433001004;25133
433017678;25134
433034351;25135
433051025;25136
433067699;25137
433084372;25138
433101046;25139
433117720;25140
433134393;25141
433151067;25142
433167741;25143
433184415;25144
433201088;25145
433217762;25146
433234436;25147
433251109;25148
433267783;25149
433284457;25150
433301130;25151
433317804;25152
433334478;25153
433351151;25154
433367825;25155
433384499;25156
433401173;25157
433417846;25158
433434520;25159
433451194;25160
433467867;25161
433501215;25162
433517888;25163
433534562;25164
433551236;25165
433567909;25166
433584583;25167
433601257;25168
433617931;25169
433634604;25170
433651278;25171
433667952;25172
433684625;25173
433701299;25174
433717973;25175
433734646;25176
433751320;25177
433767994;25178
433784668;25179
433801341;25180
433818015;25181
433834689;25182
433851362;25183
433868036;25184
433884710;25185
433901383;25186
433918057;25187
433934731;25188
433951404;25189
433968078;25190
434001425;25191
434018099;25192
434034773;25193
434051447;25194
434068120;25195
434084794;25196
434101468;25197
434118141;25198
434134815;25199
434151489;25200
434168162;25201
434184836;25202
434201510;25203
434218183;25204
434234857;25205
434251531;25206
434268205;25207
434284878;25208
434301552;25209
434318226;25210
434334899;25211
434351573;25212
434368247;25213
434384920;25214
434401594;25215
434418268;25216
434434941;25217
434451615;25218
434468289;25219
434501636;25220
434518310;25221
434534984;25222
434551657;25223
434568331;25224
434585005;25225
434601678;25226
434618352;25227
434635026;25228
434651699;25229
434668373;25230
434685047;25231
434701721;25232
434718394;25233
434735068;25234
434751742;25235
434768415;25236
434785089;25237
434801763;25238
434818436;25239
434835110;25240
434851784;25241
434868458;25242
434885131;25243
434901805;25244
434918479;25245
434935152;25246
434951826;25247
434968500;25248
435001847;25249
435018521;25250
435035194;25251
435051868;25252
435068542;25253
435085215;25254
435101889;25255
435118563;25256
435135237;25257
435151910;25258
435168584;25259
435185258;25260
435201931;25261
435218605;25262
435235279;25263
435251952;25264
435268626;25265
435285300;25266
435301974;25267
435318647;25268
435335321;25269
435351995;25270
435368668;25271
435385342;25272
435402016;25273
435418689;25274
435435363;25275
435452037;25276
435468710;25277
435502058;25278
435518731;25279
435535405;25280
435552079;25281
435568753;25282
435585426;25283
435602100;25284
435618774;25285
435635447;25286
435652121;25287
435668795;25288
435685468;25289
435702142;25290
435718816;25291
435735489;25292
435752163;25293
435768837;25294
435785510;25295
435802184;25296
435818858;25297
435835532;25298
435852205;25299
435868879;25300
435885553;25301
435902226;25302
435918900;25303
435935574;25304
435952247;25305
435968921;25306
436002268;25307
436018942;25308
436035616;25309
436052290;25310
436068963;25311
436085637;25312
436102311;25313
436118984;25314
436135658;25315
436152332;25316
436169005;25317
436185679;25318
436202353;25319
436219026;25320
436235700;25321
436252374;25322
436269047;25323
436285721;25324
436302395;25325
436319068;25326
436335742;25327
436352416;25328
436369090;25329
436385763;25330
436402437;25331
436419111;25332
436435784;25333
436452458;25334
436469132;25335
436502479;25336
436519153;25337
436535826;25338
436552500;25339
436569174;25340
436585848;25341
436602521;25342
436619195;25343
436635869;25344
436652542;25345
436669216;25346
436685890;25347
436702563;25348
436719237;25349
436735911;25350
436752584;25351
436769258;25352
436785932;25353
436802605;25354
436819279;25355
436835953;25356
436852626;25357
436869300;25358
436885974;25359
436902648;25360
436919321;25361
436935995;25362
436952669;25363
436969342;25364
437002690;25365
437019363;25366
437036037;25367
437052711;25368
437069384;25369
437086058;25370
437102732;25371
437119405;25372
437136079;25373
437152753;25374
437169426;25375
437186100;25376
437202774;25377
437219448;25378
437236121;25379
437252795;25380
437269469;25381
437286142;25382
437302816;25383
437319490;25384
437336163;25385
437352837;25386
437369511;25387
437386184;25388
437402858;25389
437419532;25390
437436205;25391
437452879;25392
437469553;25393
437502900;25394
437519574;25395
437536248;25396
437552921;25397
437569595;25398
437586269;25399
437602942;25400
437619616;25401
437636290;25402
437652963;25403
437669637;25404
437686311;25405
437702984;25406
437719658;25407
437736332;25408
437753005;25409
437769679;25410
437786353;25411
437803027;25412
437819700;25413
437836374;25414
437853048;25415
437869721;25416
437886395;25417
437903069;25418
437919742;25419
437936416;25420
437953090;25421
437969763;25422
438003111;25423
438019784;25424
438036458;25425
438053132;25426
438069805;25427
438086479;25428
438103153;25429
438119827;25430
438136500;25431
438153174;25432
438169848;25433
438186521;25434
438203195;25435
438219869;25436
438236542;25437
438253216;25438
438269890;25439
438286563;25440
438303237;25441
438319911;25442
438336584;25443
438353258;25444
438369932;25445
438386605;25446
438403279;25447
438419953;25448
438436626;25449
438453300;25450
438469974;25451
438503321;25452
438519995;25453
438536669;25454
438553342;25455
438570016;25456
438586690;25457
438603363;25458
438620037;25459
438636711;25460
438653384;25461
438670058;25462
438686732;25463
438703405;25464
438720079;25465
438736753;25466
438753427;25467
438770100;25468
438786774;25469
438803448;25470
438820121;25471
438836795;25472
438853468;25473
438870142;25474
438886816;25475
438903490;25476
438920163;25477
438936837;25478
438953511;25479
438970184;25480
439003532;25481
439020205;25482
439036879;25483
439053553;25484
439070226;25485
439086900;25486
439103574;25487
439120248;25488
439136921;25489
439153595;25490
439170269;25491
439186942;25492
439203616;25493
439220290;25494
439236963;25495
439253637;25496
439270311;25497
439286984;25498
439303658;25499
439320332;25500
439337005;25501
439353679;25502
439370353;25503
439387026;25504
439403700;25505
439420374;25506
439437047;25507
439453721;25508
439470395;25509
439503742;25510
439520416;25511
439537089;25512
439553763;25513
439570437;25514
439587110;25515
439603784;25516
439620458;25517
439637131;25518
439653805;25519
439670479;25520
439687153;25521
439703826;25522
439720500;25523
439737174;25524
439753847;25525
439770521;25526
439787195;25527
439803868;25528
439820542;25529
439837216;25530
439853889;25531
439870563;25532
439887237;25533
439903910;25534
439920584;25535
439937258;25536
439953931;25537
439970605;25538
440003952;25539
440020626;25540
440037300;25541
440053973;25542
440070647;25543
440087321;25544
440103995;25545
440120668;25546
440137342;25547
440154016;25548
440170689;25549
440187363;25550
440204037;25551
440220710;25552
440237384;25553
440254058;25554
440270731;25555
440287405;25556
440304079;25557
440320752;25558
440337426;25559
440354100;25560
440370773;25561
440387447;25562
440404121;25563
440420794;25564
440437468;25565
440454142;25566
440470815;25567
440504163;25568
440520836;25569
440537510;25570
440554184;25571
440570857;25572
440587531;25573
440604205;25574
440620879;25575
440637552;25576
440654226;25577
440670900;25578
440687573;25579
440704247;25580
440720921;25581
440737594;25582
440754268;25583
440770942;25584
440787615;25585
440804289;25586
440820963;25587
440837636;25588
440854310;25589
440870984;25590
440887657;25591
440904331;25592
440921005;25593
440937678;25594
440954352;25595
440971026;25596
441004373;25597
441021047;25598
441037720;25599
441054394;25600
441071068;25601
441087741;25602
441104415;25603
441121089;25604
441137762;25605
441154436;25606
441171110;25607
441187784;25608
441204457;25609
441221131;25610
441237805;25611
441254478;25612
441271152;25613
441287825;25614
441304499;25615
441321173;25616
441337847;25617
441354520;25618
441371194;25619
441387868;25620
441404541;25621
441421215;25622
441437889;25623
441454562;25624
441471236;25625
441504583;25626
441521257;25627
441537931;25628
441554604;25629
441571278;25630
441587952;25631
441604625;25632
441621299;25633
441637973;25634
441654646;25635
441671320;25636
441687994;25637
441704667;25638
441721341;25639
441738015;25640
441754688;25641
441771362;25642
441788036;25643
441804709;25644
441821383;25645
441838057;25646
441854730;25647
441871404;25648
441888078;25649
441904751;25650
441921425;25651
441938099;25652
441954772;25653
441971446;25654
442004793;25655
442021467;25656
442038141;25657
442054815;25658
442071488;25659
442088162;25660
442104835;25661
442121509;25662
442138183;25663
442154856;25664
442171530;25665
442188204;25666
442204877;25667
442221551;25668
442238225;25669
442254898;25670
442271572;25671
442288246;25672
442304920;25673
442321593;25674
442338267;25675
442354941;25676
442371614;25677
442388288;25678
442404962;25679
442421635;25680
442438309;25681
442454983;25682
442471656;25683
442505004;25684
442521677;25685
442538351;25686
442555025;25687
442571698;25688
442588372;25689
442605046;25690
442621719;25691
442638393;25692
442655067;25693
442671740;25694
442688414;25695
442705088;25696
442721761;25697
442738435;25698
442755109;25699
442771782;25700
442788456;25701
442805130;25702
442821803;25703
442838477;25704
442855151;25705
442871824;25706
442888498;25707
442905172;25708
442921845;25709
442938519;25710
442955193;25711
442971866;25712
443005214;25713
443021887;25714
443038561;25715
443055235;25716
443071908;25717
443088582;25718
443105256;25719
443121929;25720
443138603;25721
443155277;25722
443171950;25723
443188624;25724
443205298;25725
443221971;25726
443238645;25727
443255319;25728
443271992;25729
443288666;25730
443305340;25731
443322013;25732
443338687;25733
443355361;25734
443372034;25735
443388708;25736
443405382;25737
443422055;25738
443438729;25739
443455403;25740
443472076;25741
443505424;25742
443522097;25743
443538771;25744
443555445;25745
443572118;25746
443588792;25747
443605466;25748
443622139;25749
443638813;25750
443655487;25751
443672160;25752
443688834;25753
443705508;25754
443722181;25755
443738855;25756
443755529;25757
443772202;25758
443788876;25759
443805550;25760
443822223;25761
443838897;25762
443855571;25763
443872244;25764
443888918;25765
443905592;25766
443922265;25767
443938939;25768
443955613;25769
443972286;25770
444005634;25771
444022307;25772
444038981;25773
444055655;25774
444072328;25775
444089002;25776
444105676;25777
444122349;25778
444139023;25779
444155697;25780
444172370;25781
444189044;25782
444205718;25783
444222391;25784
444239065;25785
444255739;25786
444272412;25787
444289086;25788
444305759;25789
444322433;25790
444339107;25791
444355780;25792
444372454;25793
444389128;25794
444405802;25795
444422475;25796
444439149;25797
444455823;25798
444472496;25799
444505843;25800
444522517;25801
444539191;25802
444555865;25803
444572538;25804
444589212;25805
444605885;25806
444622559;25807
444639233;25808
444655906;25809
444672580;25810
444689254;25811
444705927;25812
444722601;25813
444739275;25814
444755949;25815
444772622;25816
444789296;25817
444805969;25818
444822643;25819
444839317;25820
444855990;25821
444872664;25822
444889338;25823
444906011;25824
444922685;25825
444939359;25826
444956032;25827
444972706;25828
445006053;25829
445022727;25830
445039401;25831
445056074;25832
445072748;25833
445089422;25834
445106095;25835
445122769;25836
445139443;25837
445156116;25838
445172790;25839
445189464;25840
445206137;25841
445222811;25842
445239485;25843
445256158;25844
445272832;25845
445289506;25846
445306179;25847
445322853;25848
445339527;25849
445356200;25850
445372874;25851
445389548;25852
445406221;25853
445422895;25854
445439569;25855
445456242;25856
445472916;25857
445506263;25858
445522937;25859
445539611;25860
445556284;25861
445572958;25862
445589632;25863
445606305;25864
445622979;25865
445639653;25866
445656326;25867
445673000;25868
445689674;25869
445706347;25870
445723021;25871
445739695;25872
445756368;25873
445773042;25874
445789716;25875
445806389;25876
445823063;25877
445839737;25878
445856410;25879
445873084;25880
445889757;25881
445906431;25882
445923105;25883
445939778;25884
445956452;25885
445973126;25886
446006473;25887
446023147;25888
446039821;25889
446056494;25890
446073168;25891
446089841;25892
446106515;25893
446123189;25894
446139862;25895
446156536;25896
446173210;25897
446189883;25898
446206557;25899
446223231;25900
446239904;25901
446256578;25902
446273252;25903
446289925;25904
446306599;25905
446323273;25906
446339946;25907
446356620;25908
446373294;25909
446389967;25910
446406641;25911
446423315;25912
446439988;25913
446456662;25914
446473336;25915
446506683;25916
446523357;25917
446540030;25918
446556704;25919
446573378;25920
446590051;25921
446606725;25922
446623399;25923
446640072;25924
446656746;25925
446673420;25926
446690093;25927
446706767;25928
446723441;25929
446740114;25930
446756788;25931
446773461;25932
446790135;25933
446806809;25934
446823483;25935
446840156;25936
446856830;25937
446873504;25938
446890177;25939
446906851;25940
446923525;25941
446940198;25942
446956872;25943
446973546;25944
447006893;25945
447023566;25946
447040240;25947
447056914;25948
447073587;25949
447090261;25950
447106935;25951
447123608;25952
447140282;25953
447156956;25954
447173629;25955
447190303;25956
447206977;25957
447223650;25958
447240324;25959
447256998;25960
447273671;25961
447290345;25962
447307019;25963
447323692;25964
447340366;25965
447357040;25966
447373713;25967
447390387;25968
447407061;25969
447423734;25970
447440408;25971
447457082;25972
447473755;25973
447507103;25974
447523776;25975
447540450;25976
447557124;25977
447573797;25978
447590471;25979
447607145;25980
447623818;25981
447640492;25982
447657166;25983
447673839;25984
447690513;25985
447707186;25986
447723860;25987
447740534;25988
447757207;25989
447773881;25990
447790555;25991
447807228;25992
447823902;25993
447840576;25994
447857249;25995
447873923;25996
447890597;25997
447907270;25998
447923944;25999
447940618;26000
447957291;26001
447973965;26002
448007312;26003
448023986;26004
448040660;26005
448057333;26006
448074007;26007
448090681;26008
448107354;26009
448124028;26010
448140702;26011
448157375;26012
448174049;26013
448190723;26014
448207396;26015
448224070;26016
448240743;26017
448257417;26018
448274091;26019
448290765;26020
448307438;26021
448324112;26022
448340785;26023
448357459;26024
448374133;26025
448390806;26026
448407480;26027
448424154;26028
448440827;26029
448457501;26030
448474175;26031
448507522;26032
448524196;26033
448540869;26034
448557543;26035
448574217;26036
448590890;26037
448607564;26038
448624238;26039
448640911;26040
448657585;26041
448674259;26042
448690932;26043
448707606;26044
448724279;26045
448740953;26046
448757627;26047
448774301;26048
448790974;26049
448807648;26050
448824321;26051
448840995;26052
448857669;26053
448874343;26054
448891016;26055
448907690;26056
448924363;26057
448941037;26058
448957711;26059
448974384;26060
449007732;26061
449024405;26062
449041079;26063
449057753;26064
449074426;26065
449091100;26066
449107774;26067
449124447;26068
449141121;26069
449157795;26070
449174468;26071
449191142;26072
449207816;26073
449224489;26074
449241163;26075
449257837;26076
449274510;26077
449291184;26078
449307858;26079
449324531;26080
449341205;26081
449357879;26082
449374552;26083
449391226;26084
449407900;26085
449424573;26086
449441247;26087
449457920;26088
449474594;26089
449507941;26090
449524615;26091
449541289;26092
449557962;26093
449574636;26094
449591310;26095
449607983;26096
449624657;26097
449641331;26098
449658004;26099
449674678;26100
449691352;26101
449708025;26102
449724699;26103
449741373;26104
449758046;26105
449774720;26106
449791394;26107
449808067;26108
449824741;26109
449841414;26110
449858088;26111
449874762;26112
449891435;26113
449908109;26114
449924783;26115
449941456;26116
449958130;26117
449974804;26118
450008151;26119
450024825;26120
450041498;26121
450058172;26122
450074846;26123
450091519;26124
450108193;26125
450124867;26126
450141540;26127
450158214;26128
450174888;26129
450191561;26130
450208235;26131
450224909;26132
450241582;26133
450258256;26134
450274930;26135
450291603;26136
450308277;26137
450324951;26138
450341624;26139
450358298;26140
450374971;26141
450391645;26142
450408319;26143
450424992;26144
450441666;26145
450458340;26146
450475013;26147
450508361;26148
450525034;26149
450541708;26150
450558382;26151
450575055;26152
450591729;26153
450608403;26154
450625076;26155
450641750;26156
450658424;26157
450675097;26158
450691771;26159
450708445;26160
450725118;26161
450741792;26162
450758466;26163
450775139;26164
450791813;26165
450808486;26166
450825160;26167
450841834;26168
450858507;26169
450875181;26170
450891855;26171
450908528;26172
450925202;26173
450941876;26174
450958549;26175
450975223;26176
451008570;26177
451025244;26178
451041918;26179
451058591;26180
451075265;26181
451091939;26182
451108612;26183
451125286;26184
451141960;26185
451158633;26186
451175307;26187
451191980;26188
451208654;26189
451225328;26190
451242001;26191
451258675;26192
451275349;26193
451292022;26194
451308696;26195
451325370;26196
451342043;26197
451358717;26198
451375391;26199
451392064;26200
451408738;26201
451425412;26202
451442085;26203
451458759;26204
451475433;26205
451508780;26206
451525454;26207
451542127;26208
451558801;26209
451575475;26210
451592148;26211
451608822;26212
451625495;26213
451642169;26214
451658843;26215
451675516;26216
451692190;26217
451708864;26218
451725537;26219
451742211;26220
451758885;26221
451775558;26222
451792232;26223
451808906;26224
451825579;26225
451842253;26226
451858927;26227
451875600;26228
451892274;26229
451908948;26230
451925621;26231
451942295;26232
451958968;26233
451975642;26234
452008989;26235
452025663;26236
452042337;26237
452059010;26238
452075684;26239
452092358;26240
452109031;26241
452125705;26242
452142379;26243
452159052;26244
452175726;26245
452192400;26246
452209073;26247
452225747;26248
452242421;26249
452259094;26250
452275768;26251
452292441;26252
452309115;26253
452325789;26254
452342463;26255
452359136;26256
452375810;26257
452392483;26258
452409157;26259
452425831;26260
452442504;26261
452459178;26262
452475852;26263
452509199;26264
452525873;26265
452542546;26266
452559220;26267
452575894;26268
452592567;26269
452609241;26270
452625915;26271
452642588;26272
452659262;26273
452675935;26274
452692609;26275
452709283;26276
452725956;26277
452742630;26278
452759304;26279
452775977;26280
452792651;26281
452809325;26282
452825998;26283
452842672;26284
452859346;26285
452876019;26286
452892693;26287
452909367;26288
452926040;26289
452942714;26290
452959388;26291
452976061;26292
453009408;26293
453026082;26294
453042756;26295
453059429;26296
453076103;26297
453092777;26298
453109450;26299
453126124;26300
453142798;26301
453159471;26302
453176145;26303
453192819;26304
453209492;26305
453226166;26306
453242840;26307
453259513;26308
453276187;26309
453292861;26310
453309534;26311
453326208;26312
453342882;26313
453359555;26314
453376229;26315
453392903;26316
453409576;26317
453426250;26318
453442923;26319
453459597;26320
453476271;26321
453509618;26322
453526292;26323
453542965;26324
453559639;26325
453576313;26326
453592986;26327
453609660;26328
453626334;26329
453643007;26330
453659681;26331
453676355;26332
453693028;26333
453709702;26334
453726375;26335
453743049;26336
453759723;26337
453776397;26338
453793070;26339
453809744;26340
453826417;26341
453843091;26342
453859765;26343
453876438;26344
453893112;26345
453909786;26346
453926459;26347
453943133;26348
453959807;26349
453976480;26350
454009828;26351
454026501;26352
454043175;26353
454059849;26354
454076522;26355
454093196;26356
454109869;26357
454126543;26358
454143217;26359
454159890;26360
454176564;26361
454193238;26362
454209911;26363
454226585;26364
454243259;26365
454259932;26366
454276606;26367
454293280;26368
454309953;26369
454326627;26370
454343301;26371
454359974;26372
454376648;26373
454393322;26374
454409995;26375
454426669;26376
454443342;26377
454460016;26378
454476690;26379
454510037;26380
454526711;26381
454543384;26382
454560058;26383
454576732;26384
454593405;26385
454610079;26386
454626753;26387
454643426;26388
454660100;26389
454676774;26390
454693447;26391
454710121;26392
454726795;26393
454743468;26394
454760142;26395
454776816;26396
454793489;26397
454810163;26398
454826836;26399
454843510;26400
454860184;26401
454876857;26402
454893531;26403
454910205;26404
454926878;26405
454943552;26406
454960226;26407
454976899;26408
455010247;26409
455026920;26410
455043594;26411
455060268;26412
455076941;26413
455093615;26414
455110288;26415
455126962;26416
455143636;26417
455160309;26418
455176983;26419
455193657;26420
455210330;26421
455227004;26422
455243678;26423
455260351;26424
455277025;26425
455293699;26426
455310372;26427
455327046;26428
455343720;26429
455360393;26430
455377067;26431
455393741;26432
455410414;26433
455427088;26434
455443762;26435
455460435;26436
455477109;26437
455510456;26438
455527130;26439
455543803;26440
455560477;26441
455577151;26442
455593824;26443
455610498;26444
455627172;26445
455643845;26446
455660519;26447
455677193;26448
455693866;26449
455710540;26450
455727214;26451
455743887;26452
455760561;26453
455777234;26454
455793908;26455
455810582;26456
455827256;26457
455843929;26458
455860603;26459
455877276;26460
455893950;26461
455910624;26462
455927297;26463
455943971;26464
455960645;26465
455977318;26466
456010666;26467
456027339;26468
456044013;26469
456060687;26470
456077360;26471
456094034;26472
456110708;26473
456127381;26474
456144055;26475
456160729;26476
456177402;26477
456194076;26478
456210749;26479
456227423;26480
456244097;26481
456260770;26482
456277444;26483
456294118;26484
456310791;26485
456327465;26486
456344139;26487
456360812;26488
456377486;26489
456394160;26490
456410833;26491
456427507;26492
456444181;26493
456460854;26494
456477528;26495
456510875;26496
456527549;26497
456544222;26498
456560896;26499
456577570;26500
456594243;26501
456610917;26502
456627591;26503
456644264;26504
456660938;26505
456677612;26506
456694285;26507
456710959;26508
456727633;26509
456744306;26510
456760980;26511
456777654;26512
456794327;26513
456811001;26514
456827675;26515
456844348;26516
456861022;26517
456877696;26518
456894369;26519
456911043;26520
456927716;26521
456944390;26522
456961064;26523
456977737;26524
457011085;26525
457027758;26526
457044432;26527
457061106;26528
457077779;26529
457094453;26530
457111127;26531
457127800;26532
457144474;26533
457161148;26534
457177821;26535
457194495;26536
457211168;26537
457227842;26538
457244516;26539
457261189;26540
457277863;26541
457294537;26542
457311210;26543
457327884;26544
457344558;26545
457361231;26546
457377905;26547
457394579;26548
457411252;26549
457427926;26550
457444600;26551
457461273;26552
457477947;26553
457511294;26554
457527968;26555
457544641;26556
457561315;26557
457577989;26558
457594662;26559
457611336;26560
457628010;26561
457644683;26562
457661357;26563
457678031;26564
457694704;26565
457711378;26566
457728052;26567
457744725;26568
457761399;26569
457778073;26570
457794746;26571
457811420;26572
457828093;26573
457844767;26574
457861441;26575
457878114;26576
457894788;26577
457911462;26578
457928135;26579
457944809;26580
457961483;26581
457978156;26582
458011504;26583
458028177;26584
458044851;26585
458061525;26586
458078198;26587
458094872;26588
458111546;26589
458128219;26590
458144893;26591
458161567;26592
458178240;26593
458194914;26594
458211587;26595
458228261;26596
458244935;26597
458261608;26598
458278282;26599
458294956;26600
458311629;26601
458328303;26602
458344977;26603
458361650;26604
458378324;26605
458394998;26606
458411671;26607
458428345;26608
458445019;26609
458461692;26610
458478366;26611
458511713;26612
458528387;26613
458545060;26614
458561734;26615
458578408;26616
458595081;26617
458611755;26618
458628429;26619
458645102;26620
458661776;26621
458678450;26622
458695123;26623
458711797;26624
458728471;26625
458745144;26626
458761818;26627
458778492;26628
458795165;26629
458811839;26630
458828512;26631
458845186;26632
458861860;26633
458878533;26634
458895207;26635
458911881;26636
458928554;26637
458945228;26638
458961902;26639
458978575;26640
459011923;26641
459028596;26642
459045270;26643
459061944;26644
459078617;26645
459095291;26646
459111965;26647
459128638;26648
459145312;26649
459161986;26650
459178659;26651
459195333;26652
459212006;26653
459228680;26654
459245354;26655
459262027;26656
459278701;26657
459295375;26658
459312048;26659
459328722;26660
459345396;26661
459362069;26662
459378743;26663
459395417;26664
459412090;26665
459428764;26666
459445438;26667
459462111;26668
459478785;26669
459512132;26670
459528806;26671
459545479;26672
459562153;26673
459578827;26674
459595500;26675
459612174;26676
459628848;26677
459645521;26678
459662195;26679
459678869;26680
459695542;26681
459712216;26682
459728890;26683
459745563;26684
459762237;26685
459778911;26686
459795584;26687
459812258;26688
459828932;26689
459845605;26690
459862279;26691
459878953;26692
459895626;26693
459912300;26694
459928973;26695
459945647;26696
459962321;26697
459978995;26698
459995668;26699
460029015;26700
460045689;26701
460062363;26702
460079036;26703
460095710;26704
460112384;26705
460129057;26706
460145731;26707
460162405;26708
460179078;26709
460195752;26710
460212426;26711
460229099;26712
460245773;26713
460262446;26714
460279120;26715
460295794;26716
460312467;26717
460329141;26718
460345815;26719
460362488;26720
460379162;26721
460395836;26722
460412509;26723
460429183;26724
460445857;26725
460462530;26726
460479204;26727
460495878;26728
460529225;26729
460545899;26730
460562572;26731
460579246;26732
460595920;26733
460612593;26734
460629267;26735
460645940;26736
460662614;26737
460679288;26738
460695962;26739
460712635;26740
460729309;26741
460745982;26742
460762656;26743
460779330;26744
460796003;26745
460812677;26746
460829351;26747
460846024;26748
460862698;26749
460879372;26750
460896045;26751
460912719;26752
460929393;26753
460946066;26754
460962740;26755
460979414;26756
460996087;26757
461029435;26758
461046108;26759
461062782;26760
461079455;26761
461096129;26762
461112803;26763
461129476;26764
461146150;26765
461162824;26766
461179497;26767
461196171;26768
461212845;26769
461229518;26770
461246192;26771
461262866;26772
461279539;26773
461296213;26774
461312887;26775
461329560;26776
461346234;26777
461362908;26778
461379581;26779
461396255;26780
461412929;26781
461429602;26782
461446276;26783
461462949;26784
461479623;26785
461496297;26786
461529644;26787
461546318;26788
461562991;26789
461579665;26790
461596339;26791
461613012;26792
461629686;26793
461646360;26794
461663033;26795
461679707;26796
461696381;26797
461713054;26798
461729728;26799
461746402;26800
461763075;26801
461779749;26802
461796423;26803
461813096;26804
461829770;26805
461846444;26806
461863117;26807
461879791;26808
461896465;26809
461913138;26810
461929812;26811
461946486;26812
461963159;26813
461979833;26814
461996507;26815
462029854;26816
462046527;26817
462063201;26818
462079875;26819
462096548;26820
462113222;26821
462129896;26822
462146569;26823
462163243;26824
462179917;26825
462196590;26826
462213264;26827
462229938;26828
462246611;26829
462263285;26830
462279959;26831
462296632;26832
462313306;26833
462329980;26834
462346653;26835
462363327;26836
462380001;26837
462396674;26838
462413348;26839
462430021;26840
462446695;26841
462463369;26842
462480043;26843
462496716;26844
462530064;26845
462546737;26846
462563411;26847
462580084;26848
462596758;26849
462613432;26850
462630105;26851
462646779;26852
462663453;26853
462680126;26854
462696800;26855
462713474;26856
462730147;26857
462746821;26858
462763495;26859
462780168;26860
462796842;26861
462813516;26862
462830189;26863
462846863;26864
462863537;26865
462880210;26866
462896884;26867
462913558;26868
462930231;26869
462946905;26870
462963579;26871
462980252;26872
462996926;26873
463030273;26874
463046947;26875
463063621;26876
463080294;26877
463096968;26878
463113642;26879
463130315;26880
463146989;26881
463163663;26882
463180336;26883
463197010;26884
463213684;26885
463230357;26886
463247031;26887
463263704;26888
463280378;26889
463297052;26890
463313725;26891
463330399;26892
463347073;26893
463363746;26894
463380420;26895
463397094;26896
463413768;26897
463430441;26898
463447115;26899
463463789;26900
463480462;26901
463497136;26902
463530483;26903
463547157;26904
463563830;26905
463580504;26906
463597178;26907
463613851;26908
463630525;26909
463647199;26910
463663872;26911
463680546;26912
463697220;26913
463713893;26914
463730567;26915
463747241;26916
463763914;26917
463780588;26918
463797262;26919
463813935;26920
463830609;26921
463847283;26922
463863956;26923
463880630;26924
463897304;26925
463913977;26926
463930651;26927
463947325;26928
463963998;26929
463980672;26930
463997346;26931
464030693;26932
464047367;26933
464064040;26934
464080714;26935
464097388;26936
464114061;26937
464130735;26938
464147409;26939
464164082;26940
464180756;26941
464197430;26942
464214103;26943
464230777;26944
464247451;26945
464264124;26946
464280798;26947
464297472;26948
464314145;26949
464330819;26950
464347493;26951
464364166;26952
464380840;26953
464397514;26954
464414187;26955
464430861;26956
464447535;26957
464464208;26958
464480882;26959
464497556;26960
464530903;26961
464547577;26962
464564250;26963
464580924;26964
464597598;26965
464614271;26966
464630945;26967
464647619;26968
464664292;26969
464680966;26970
464697640;26971
464714313;26972
464730987;26973
464747661;26974
464764334;26975
464781008;26976
464797682;26977
464814355;26978
464831029;26979
464847703;26980
464864376;26981
464881050;26982
464897724;26983
464914397;26984
464931071;26985
464947745;26986
464964419;26987
464981092;26988
464997766;26989
465031113;26990
465047787;26991
465064460;26992
465081134;26993
465097808;26994
465114482;26995
465131155;26996
465147829;26997
465164503;26998
465181176;26999
465197850;27000
465214524;27001
465231197;27002
465247871;27003
465264545;27004
465281218;27005
465297892;27006
465314566;27007
465331239;27008
465347913;27009
465364587;27010
465381260;27011
465397934;27012
465414608;27013
465431281;27014
465447955;27015
465464629;27016
465481302;27017
465497976;27018
465531323;27019
465547997;27020
465564671;27021
465581344;27022
465598018;27023
465614692;27024
465631365;27025
465648039;27026
465664713;27027
465681387;27028
465698060;27029
465714734;27030
465731407;27031
465748081;27032
465764755;27033
465781428;27034
465798102;27035
465814776;27036
465831450;27037
465848123;27038
465864797;27039
465881471;27040
465898144;27041
465914818;27042
465931492;27043
465948165;27044
465964839;27045
465981513;27046
465998186;27047
466031534;27048
466048207;27049
466064881;27050
466081555;27051
466098228;27052
466114902;27053
466131576;27054
466148249;27055
466164923;27056
466181597;27057
466198271;27058
466214944;27059
466231618;27060
466248291;27061
466264965;27062
466281639;27063
466298313;27064
466314986;27065
466331660;27066
466348334;27067
466365007;27068
466381681;27069
466398355;27070
466415028;27071
466431702;27072
466448376;27073
466465049;27074
466481723;27075
466498397;27076
466531744;27077
466548418;27078
466565091;27079
466581765;27080
466598439;27081
466615113;27082
466631786;27083
466648460;27084
466665134;27085
466681807;27086
466698481;27087
466715155;27088
466731828;27089
466748502;27090
466765176;27091
466781849;27092
466798523;27093
466815197;27094
466831870;27095
466848544;27096
466865218;27097
466881891;27098
466898565;27099
466915239;27100
466931912;27101
466948586;27102
466965260;27103
466981934;27104
466998607;27105
467031955;27106
467048628;27107
467065302;27108
467081976;27109
467098649;27110
467115323;27111
467131997;27112
467148670;27113
467165344;27114
467182018;27115
467198691;27116
467215365;27117
467232039;27118
467248712;27119
467265386;27120
467282060;27121
467298734;27122
467315407;27123
467332081;27124
467348755;27125
467365428;27126
467382102;27127
467398776;27128
467415449;27129
467432123;27130
467448797;27131
467465470;27132
467482144;27133
467498818;27134
467532165;27135
467548839;27136
467565513;27137
467582186;27138
467598860;27139
467615534;27140
467632207;27141
467648881;27142
467665555;27143
467682228;27144
467698902;27145
467715576;27146
467732250;27147
467748923;27148
467765597;27149
467782271;27150
467798944;27151
467815618;27152
467832292;27153
467848965;27154
467865639;27155
467882313;27156
467898986;27157
467915660;27158
467932334;27159
467949008;27160
467965681;27161
467982355;27162
467999029;27163
468032376;27164
468049050;27165
468065723;27166
468082397;27167
468099071;27168
468115744;27169
468132418;27170
468149092;27171
468165766;27172
468182439;27173
468199113;27174
468215787;27175
468232460;27176
468249134;27177
468265808;27178
468282481;27179
468299155;27180
468315829;27181
468332502;27182
468349176;27183
468365850;27184
468382524;27185
468399197;27186
468415871;27187
468432545;27188
468449218;27189
468465892;27190
468482566;27191
468499239;27192
468532587;27193
468549260;27194
468565934;27195
468582608;27196
468599282;27197
468615955;27198
468632629;27199
468649303;27200
468665976;27201
468682650;27202
468699324;27203
468715997;27204
468732671;27205
468749345;27206
468766019;27207
468782692;27208
468799366;27209
468816040;27210
468832713;27211
468849387;27212
468866061;27213
468882734;27214
468899408;27215
468916082;27216
468932756;27217
468949429;27218
468966103;27219
468982777;27220
468999450;27221
469032798;27222
469049471;27223
469066145;27224
469082819;27225
469099493;27226
469116166;27227
469132840;27228
469149514;27229
469166187;27230
469182861;27231
469199535;27232
469216208;27233
469232882;27234
469249556;27235
469266230;27236
469282903;27237
469299577;27238
469316251;27239
469332924;27240
469349598;27241
469366272;27242
469382946;27243
469399619;27244
469416293;27245
469432967;27246
469449640;27247
469466314;27248
469482988;27249
469499662;27250
469533009;27251
469549683;27252
469566356;27253
469583030;27254
469599704;27255
469616377;27256
469633051;27257
469649725;27258
469666399;27259
469683072;27260
469699746;27261
469716420;27262
469733093;27263
469749767;27264
469766441;27265
469783115;27266
469799788;27267
469816462;27268
469833136;27269
469849809;27270
469866483;27271
469883157;27272
469899830;27273
469916504;27274
469933178;27275
469949851;27276
469966525;27277
469983199;27278
469999873;27279
470033220;27280
470049894;27281
470066567;27282
470083241;27283
470099915;27284
470116589;27285
470133262;27286
470149936;27287
470166610;27288
470183283;27289
470199957;27290
470216631;27291
470233305;27292
470249978;27293
470266652;27294
470283326;27295
470299999;27296
470316673;27297
470333347;27298
470350021;27299
470366694;27300
470383368;27301
470400042;27302
470416715;27303
470433389;27304
470450063;27305
470466737;27306
470483410;27307
470500084;27308
470533431;27309
470550105;27310
470566779;27311
470583453;27312
470600126;27313
470616800;27314
470633474;27315
470650147;27316
470666821;27317
470683495;27318
470700169;27319
470716842;27320
470733516;27321
470750190;27322
470766863;27323
470783537;27324
470800211;27325
470816885;27326
470833558;27327
470850232;27328
470866906;27329
470883579;27330
470900253;27331
470916927;27332
470933601;27333
470950274;27334
470966948;27335
470983622;27336
471000295;27337
471033643;27338
471050317;27339
471066990;27340
471083664;27341
471100338;27342
471117011;27343
471133685;27344
471150359;27345
471167033;27346
471183706;27347
471200380;27348
471217054;27349
471233728;27350
471250401;27351
471267075;27352
471283749;27353
471300422;27354
471317096;27355
471333770;27356
471350444;27357
471367117;27358
471383791;27359
471400465;27360
471417138;27361
471433812;27362
471450486;27363
471467160;27364
471483833;27365
471500507;27366
471533854;27367
471550528;27368
471567202;27369
471583876;27370
471600549;27371
471617223;27372
471633897;27373
471650570;27374
471667244;27375
471683918;27376
471700592;27377
471717265;27378
471733939;27379
471750613;27380
471767287;27381
471783960;27382
471800634;27383
471817308;27384
471833981;27385
471850655;27386
471867329;27387
471884003;27388
471900676;27389
471917350;27390
471934024;27391
471950697;27392
471967371;27393
471984045;27394
472000719;27395
472034066;27396
472050740;27397
472067413;27398
472084087;27399
472100761;27400
472117435;27401
472134108;27402
472150782;27403
472167456;27404
472184130;27405
472200803;27406
472217477;27407
472234151;27408
472250825;27409
472267498;27410
472284172;27411
472300846;27412
472317519;27413
472334193;27414
472350867;27415
472367541;27416
472384214;27417
472400888;27418
472417562;27419
472434236;27420
472450909;27421
472467583;27422
472484257;27423
472500931;27424
472534278;27425
472550952;27426
472567625;27427
472584299;27428
472600973;27429
472617647;27430
472634320;27431
472650994;27432
472667668;27433
472684341;27434
472701015;27435
472717689;27436
472734363;27437
472751036;27438
472767710;27439
472784384;27440
472801058;27441
472817731;27442
472834405;27443
472851079;27444
472867753;27445
472884426;27446
472901100;27447
472917774;27448
472934447;27449
472951121;27450
472967795;27451
472984469;27452
473001142;27453
473034490;27454
473051163;27455
473067837;27456
473084511;27457
473101185;27458
473117859;27459
473134532;27460
473151206;27461
473167880;27462
473184553;27463
473201227;27464
473217901;27465
473234575;27466
473251248;27467
473267922;27468
473284596;27469
473301270;27470
473317943;27471
473334617;27472
473351291;27473
473367965;27474
473384638;27475
473401312;27476
473417986;27477
473434659;27478
473451333;27479
473468007;27480
473484681;27481
473501354;27482
473534702;27483
473551376;27484
473568049;27485
473584723;27486
473601397;27487
473618071;27488
473634744;27489
473651418;27490
473668092;27491
473684766;27492
473701439;27493
473718113;27494
473734787;27495
473751461;27496
473768134;27497
473784808;27498
473801482;27499
473818155;27500
473834829;27501
473851503;27502
473868177;27503
473884850;27504
473901524;27505
473918198;27506
473934872;27507
473951545;27508
473968219;27509
473984893;27510
474001567;27511
474034914;27512
474051588;27513
474068262;27514
474084935;27515
474101609;27516
474118283;27517
474134957;27518
474151630;27519
474168304;27520
474184978;27521
474201652;27522
474218325;27523
474234999;27524
474251673;27525
474268347;27526
474285020;27527
474301694;27528
474318368;27529
474335042;27530
474351715;27531
474368389;27532
474385063;27533
474401737;27534
474418410;27535
474435084;27536
474451758;27537
474468432;27538
474485105;27539
474501779;27540
474535127;27541
474551800;27542
474568474;27543
474585148;27544
474601821;27545
474618495;27546
474635169;27547
474651843;27548
474668517;27549
474685190;27550
474701864;27551
474718538;27552
474735211;27553
474751885;27554
474768559;27555
474785233;27556
474801906;27557
474818580;27558
474835254;27559
474851928;27560
474868601;27561
474885275;27562
474901949;27563
474918623;27564
474935296;27565
474951970;27566
474968644;27567
474985318;27568
475001991;27569
475035339;27570
475052013;27571
475068686;27572
475085360;27573
475102034;27574
475118708;27575
475135381;27576
475152055;27577
475168729;27578
475185403;27579
475202076;27580
475218750;27581
475235424;27582
475252098;27583
475268771;27584
475285445;27585
475302119;27586
475318793;27587
475335467;27588
475352140;27589
475368814;27590
475385488;27591
475402161;27592
475418835;27593
475435509;27594
475452183;27595
475468857;27596
475485530;27597
475502204;27598
475535552;27599
475552225;27600
475568899;27601
475585573;27602
475602247;27603
475618920;27604
475635594;27605
475652268;27606
475668942;27607
475685615;27608
475702289;27609
475718963;27610
475735637;27611
475752310;27612
475768984;27613
475785658;27614
475802332;27615
475819005;27616
475835679;27617
475852353;27618
475869027;27619
475885700;27620
475902374;27621
475919048;27622
475935722;27623
475952395;27624
475969069;27625
475985743;27626
476002417;27627
476035764;27628
476052438;27629
476069112;27630
476085786;27631
476102459;27632
476119133;27633
476135807;27634
476152481;27635
476169154;27636
476185828;27637
476202502;27638
476219176;27639
476235849;27640
476252523;27641
476269197;27642
476285871;27643
476302545;27644
476319218;27645
476335892;27646
476352566;27647
476369240;27648
476385913;27649
476402587;27650
476419261;27651
476435935;27652
476452608;27653
476469282;27654
476485956;27655
476502630;27656
476535977;27657
476552651;27658
476569325;27659
476585998;27660
476602672;27661
476619346;27662
476636020;27663
476652694;27664
476669367;27665
476686041;27666
476702715;27667
476719389;27668
476736062;27669
476752736;27670
476769410;27671
476786084;27672
476802757;27673
476819431;27674
476836105;27675
476852779;27676
476869453;27677
476886126;27678
476902800;27679
476919474;27680
476936148;27681
476952821;27682
476969495;27683
476986169;27684
477002843;27685
477036190;27686
477052864;27687
477069538;27688
477086211;27689
477102885;27690
477119559;27691
477136233;27692
477152907;27693
477169580;27694
477186254;27695
477202928;27696
477219602;27697
477236275;27698
477252949;27699
477269623;27700
477286297;27701
477302970;27702
477319644;27703
477336318;27704
477352992;27705
477369666;27706
477386339;27707
477403013;27708
477419687;27709
477436361;27710
477453034;27711
477469708;27712
477486382;27713
477503056;27714
477536403;27715
477553077;27716
477569751;27717
477586425;27718
477603098;27719
477619772;27720
477636446;27721
477653120;27722
477669793;27723
477686467;27724
477703141;27725
477719815;27726
477736489;27727
477753162;27728
477769836;27729
477786510;27730
477803184;27731
477819857;27732
477836531;27733
477853205;27734
477869879;27735
477886552;27736
477903226;27737
477919900;27738
477936574;27739
477953248;27740
477969921;27741
477986595;27742
478003269;27743
478036617;27744
478053290;27745
478069964;27746
478086638;27747
478103312;27748
478119985;27749
478136659;27750
478153333;27751
478170007;27752
478186681;27753
478203354;27754
478220028;27755
478236702;27756
478253376;27757
478270049;27758
478286723;27759
478303397;27760
478320071;27761
478336745;27762
478353418;27763
478370092;27764
478386766;27765
478403440;27766
478420113;27767
478436787;27768
478453461;27769
478470135;27770
478486809;27771
478503482;27772
478536830;27773
478553504;27774
478570177;27775
478586851;27776
478603525;27777
478620199;27778
478636873;27779
478653546;27780
478670220;27781
478686894;27782
478703568;27783
478720242;27784
478736915;27785
478753589;27786
478770263;27787
478786937;27788
478803610;27789
478820284;27790
478836958;27791
478853632;27792
478870306;27793
478886979;27794
478903653;27795
478920327;27796
478937001;27797
478953674;27798
478970348;27799
478987022;27800
479003696;27801
479037043;27802
479053717;27803
479070391;27804
479087065;27805
479103739;27806
479120412;27807
479137086;27808
479153760;27809
479170434;27810
479187107;27811
479203781;27812
479220455;27813
479237129;27814
479253803;27815
479270476;27816
479287150;27817
479303824;27818
479320498;27819
479337171;27820
479353845;27821
479370519;27822
479387193;27823
479403867;27824
479420541;27825
479437214;27826
479453888;27827
479470562;27828
479487236;27829
479503909;27830
479537257;27831
479553931;27832
479570605;27833
479587278;27834
479603952;27835
479620626;27836
479637300;27837
479653974;27838
479670647;27839
479687321;27840
479703995;27841
479720669;27842
479737343;27843
479754016;27844
479770690;27845
479787364;27846
479804038;27847
479820711;27848
479837385;27849
479854059;27850
479870733;27851
479887407;27852
479904080;27853
479920754;27854
479937428;27855
479954102;27856
479970776;27857
479987449;27858
480004123;27859
480037471;27860
480054144;27861
480070818;27862
480087492;27863
480104166;27864
480120840;27865
480137513;27866
480154187;27867
480170861;27868
480187535;27869
480204209;27870
480220882;27871
480237556;27872
480254230;27873
480270904;27874
480287578;27875
480304251;27876
480320925;27877
480337599;27878
480354273;27879
480370947;27880
480387620;27881
480404294;27882
480420968;27883
480437642;27884
480454316;27885
480470989;27886
480487663;27887
480504337;27888
480537685;27889
480554358;27890
480571032;27891
480587706;27892
480604380;27893
480621054;27894
480637727;27895
480654401;27896
480671075;27897
480687749;27898
480704422;27899
480721096;27900
480737770;27901
480754444;27902
480771118;27903
480787791;27904
480804465;27905
480821139;27906
480837813;27907
480854487;27908
480871160;27909
480887834;27910
480904508;27911
480921182;27912
480937856;27913
480954529;27914
480971203;27915
480987877;27916
481004551;27917
481037898;27918
481054572;27919
481071246;27920
481087920;27921
481104594;27922
481121267;27923
481137941;27924
481154615;27925
481171289;27926
481187963;27927
481204636;27928
481221310;27929
481237984;27930
481254658;27931
481271332;27932
481288005;27933
481304679;27934
481321353;27935
481338027;27936
481354701;27937
481371374;27938
481388048;27939
481404722;27940
481421396;27941
481438070;27942
481454743;27943
481471417;27944
481488091;27945
481504765;27946
481538112;27947
481554786;27948
481571460;27949
481588134;27950
481604808;27951
481621481;27952
481638155;27953
481654829;27954
481671503;27955
481688177;27956
481704850;27957
481721524;27958
481738198;27959
481754872;27960
481771546;27961
481788219;27962
481804893;27963
481821567;27964
481838241;27965
481854915;27966
481871588;27967
481888262;27968
481904936;27969
481921610;27970
481938284;27971
481954957;27972
481971631;27973
481988305;27974
482004979;27975
482038326;27976
482055000;27977
482071674;27978
482088348;27979
482105022;27980
482121695;27981
482138369;27982
482155043;27983
482171717;27984
482188391;27985
482205065;27986
482221738;27987
482238412;27988
482255086;27989
482271760;27990
482288434;27991
482305107;27992
482321781;27993
482338455;27994
482355129;27995
482371803;27996
482388476;27997
482405150;27998
482421824;27999
482438498;28000
482455172;28001
482471845;28002
482488519;28003
482505193;28004
482538541;28005
482555214;28006
482571888;28007
482588562;28008
482605236;28009
482621910;28010
482638583;28011
482655257;28012
482671931;28013
482688605;28014
482705279;28015
482721952;28016
482738626;28017
482755300;28018
482771974;28019
482788648;28020
482805321;28021
482821995;28022
482838669;28023
482855343;28024
482872017;28025
482888691;28026
482905364;28027
482922038;28028
482938712;28029
482955386;28030
482972060;28031
482988733;28032
483005407;28033
483038755;28034
483055429;28035
483072102;28036
483088776;28037
483105450;28038
483122124;28039
483138798;28040
483155471;28041
483172145;28042
483188819;28043
483205493;28044
483222167;28045
483238841;28046
483255514;28047
483272188;28048
483288862;28049
483305536;28050
483322210;28051
483338883;28052
483355557;28053
483372231;28054
483388905;28055
483405579;28056
483422252;28057
483438926;28058
483455600;28059
483472274;28060
483488948;28061
483505621;28062
483538969;28063
483555643;28064
483572317;28065
483588991;28066
483605664;28067
483622338;28068
483639012;28069
483655686;28070
483672360;28071
483689033;28072
483705707;28073
483722381;28074
483739055;28075
483755729;28076
483772402;28077
483789076;28078
483805750;28079
483822424;28080
483839098;28081
483855771;28082
483872445;28083
483889119;28084
483905793;28085
483922467;28086
483939141;28087
483955814;28088
483972488;28089
483989162;28090
484005836;28091
484039183;28092
484055857;28093
484072531;28094
484089205;28095
484105879;28096
484122552;28097
484139226;28098
484155900;28099
484172574;28100
484189248;28101
484205922;28102
484222595;28103
484239269;28104
484255943;28105
484272617;28106
484289291;28107
484305964;28108
484322638;28109
484339312;28110
484355986;28111
484372660;28112
484389334;28113
484406007;28114
484422681;28115
484439355;28116
484456029;28117
484472703;28118
484489376;28119
484506050;28120
484539398;28121
484556072;28122
484572745;28123
484589419;28124
484606093;28125
484622767;28126
484639441;28127
484656115;28128
484672788;28129
484689462;28130
484706136;28131
484722810;28132
484739484;28133
484756158;28134
484772831;28135
484789505;28136
484806179;28137
484822853;28138
484839526;28139
484856200;28140
484872874;28141
484889548;28142
484906222;28143
484922896;28144
484939569;28145
484956243;28146
484972917;28147
484989591;28148
485006265;28149
485039612;28150
485056286;28151
485072960;28152
485089634;28153
485106308;28154
485122981;28155
485139655;28156
485156329;28157
485173003;28158
485189677;28159
485206350;28160
485223024;28161
485239698;28162
485256372;28163
485273046;28164
485289720;28165
485306393;28166
485323067;28167
485339741;28168
485356415;28169
485373089;28170
485389762;28171
485406436;28172
485423110;28173
485439784;28174
485456458;28175
485473132;28176
485489805;28177
485506479;28178
485539827;28179
485556501;28180
485573175;28181
485589848;28182
485606522;28183
485623196;28184
485639870;28185
485656544;28186
485673217;28187
485689891;28188
485706565;28189
485723239;28190
485739913;28191
485756586;28192
485773260;28193
485789934;28194
485806608;28195
485823282;28196
485839956;28197
485856629;28198
485873303;28199
485889977;28200
485906651;28201
485923325;28202
485939998;28203
485956672;28204
485973346;28205
485990020;28206
486006694;28207
486040041;28208
486056715;28209
486073389;28210
486090063;28211
486106737;28212
486123410;28213
486140084;28214
486156758;28215
486173432;28216
486190106;28217
486206780;28218
486223453;28219
486240127;28220
486256801;28221
486273475;28222
486290149;28223
486306823;28224
486323496;28225
486340170;28226
486356844;28227
486373518;28228
486390192;28229
486406865;28230
486423539;28231
486440213;28232
486456887;28233
486473561;28234
486490235;28235
486506908;28236
486540256;28237
486556930;28238
486573604;28239
486590277;28240
486606951;28241
486623625;28242
486640299;28243
486656973;28244
486673647;28245
486690320;28246
486706994;28247
486723668;28248
486740342;28249
486757016;28250
486773690;28251
486790363;28252
486807037;28253
486823711;28254
486840385;28255
486857059;28256
486873732;28257
486890406;28258
486907080;28259
486923754;28260
486940428;28261
486957102;28262
486973775;28263
486990449;28264
487007123;28265
487040471;28266
487057145;28267
487073818;28268
487090492;28269
487107166;28270
487123840;28271
487140514;28272
487157187;28273
487173861;28274
487190535;28275
487207209;28276
487223883;28277
487240557;28278
487257230;28279
487273904;28280
487290578;28281
487307252;28282
487323926;28283
487340600;28284
487357273;28285
487373947;28286
487390621;28287
487407295;28288
487423969;28289
487440642;28290
487457316;28291
487473990;28292
487490664;28293
487507338;28294
487540685;28295
487557359;28296
487574033;28297
487590707;28298
487607381;28299
487624054;28300
487640728;28301
487657402;28302
487674076;28303
487690750;28304
487707424;28305
487724097;28306
487740771;28307
487757445;28308
487774119;28309
487790793;28310
487807466;28311
487824140;28312
487840814;28313
487857488;28314
487874162;28315
487890836;28316
487907509;28317
487924183;28318
487940857;28319
487957531;28320
487974205;28321
487990879;28322
488007552;28323
488040900;28324
488057574;28325
488074248;28326
488090921;28327
488107595;28328
488124269;28329
488140943;28330
488157617;28331
488174291;28332
488190964;28333
488207638;28334
488224312;28335
488240986;28336
488257660;28337
488274334;28338
488291007;28339
488307681;28340
488324355;28341
488341029;28342
488357703;28343
488374377;28344
488391050;28345
488407724;28346
488424398;28347
488441072;28348
488457746;28349
488474419;28350
488491093;28351
488507767;28352
488541115;28353
488557789;28354
488574462;28355
488591136;28356
488607810;28357
488624484;28358
488641158;28359
488657831;28360
488674505;28361
488691179;28362
488707853;28363
488724527;28364
488741201;28365
488757874;28366
488774548;28367
488791222;28368
488807896;28369
488824570;28370
488841244;28371
488857917;28372
488874591;28373
488891265;28374
488907939;28375
488924613;28376
488941287;28377
488957960;28378
488974634;28379
488991308;28380
489007982;28381
489041329;28382
489058003;28383
489074677;28384
489091351;28385
489108025;28386
489124699;28387
489141372;28388
489158046;28389
489174720;28390
489191394;28391
489208068;28392
489224741;28393
489241415;28394
489258089;28395
489274763;28396
489291437;28397
489308111;28398
489324785;28399
489341458;28400
489358132;28401
489374806;28402
489391480;28403
489408154;28404
489424827;28405
489441501;28406
489458175;28407
489474849;28408
489491523;28409
489508197;28410
489541544;28411
489558218;28412
489574892;28413
489591566;28414
489608240;28415
489624913;28416
489641587;28417
489658261;28418
489674935;28419
489691609;28420
489708282;28421
489724956;28422
489741630;28423
489758304;28424
489774978;28425
489791652;28426
489808325;28427
489824999;28428
489841673;28429
489858347;28430
489875021;28431
489891694;28432
489908368;28433
489925042;28434
489941716;28435
489958390;28436
489975064;28437
489991737;28438
490008411;28439
490041759;28440
490058433;28441
490075107;28442
490091780;28443
490108454;28444
490125128;28445
490141802;28446
490158476;28447
490175149;28448
490191823;28449
490208497;28450
490225171;28451
490241845;28452
490258519;28453
490275192;28454
490291866;28455
490308540;28456
490325214;28457
490341888;28458
490358561;28459
490375235;28460
490391909;28461
490408583;28462
490425257;28463
490441931;28464
490458604;28465
490475278;28466
490491952;28467
490508626;28468
490541974;28469
490558647;28470
490575321;28471
490591995;28472
490608669;28473
490625343;28474
490642017;28475
490658690;28476
490675364;28477
490692038;28478
490708712;28479
490725386;28480
490742059;28481
490758733;28482
490775407;28483
490792081;28484
490808755;28485
490825429;28486
490842102;28487
490858776;28488
490875450;28489
490892124;28490
490908798;28491
490925472;28492
490942145;28493
490958819;28494
490975493;28495
490992167;28496
491008841;28497
491042188;28498
491058862;28499
491075536;28500
491092210;28501
491108884;28502
491125557;28503
491142231;28504
491158905;28505
491175579;28506
491192253;28507
491208926;28508
491225600;28509
491242274;28510
491258948;28511
491275622;28512
491292296;28513
491308969;28514
491325643;28515
491342317;28516
491358991;28517
491375665;28518
491392338;28519
491409012;28520
491425686;28521
491442360;28522
491459034;28523
491475708;28524
491492381;28525
491509055;28526
491542403;28527
491559077;28528
491575751;28529
491592424;28530
491609098;28531
491625772;28532
491642446;28533
491659120;28534
491675794;28535
491692467;28536
491709141;28537
491725815;28538
491742489;28539
491759163;28540
491775836;28541
491792510;28542
491809184;28543
491825858;28544
491842532;28545
491859205;28546
491875879;28547
491892553;28548
491909227;28549
491925901;28550
491942575;28551
491959248;28552
491975922;28553
491992596;28554
492009270;28555
492042617;28556
492059291;28557
492075965;28558
492092639;28559
492109313;28560
492125987;28561
492142660;28562
492159334;28563
492176008;28564
492192682;28565
492209356;28566
492226029;28567
492242703;28568
492259377;28569
492276051;28570
492292725;28571
492309399;28572
492326072;28573
492342746;28574
492359420;28575
492376094;28576
492392768;28577
492409442;28578
492426115;28579
492442789;28580
492459463;28581
492476137;28582
492492811;28583
492509484;28584
492542832;28585
492559506;28586
492576180;28587
492592853;28588
492609527;28589
492626201;28590
492642875;28591
492659549;28592
492676223;28593
492692896;28594
492709570;28595
492726244;28596
492742918;28597
492759592;28598
492776265;28599
492792939;28600
492809613;28601
492826287;28602
492842961;28603
492859635;28604
492876308;28605
492892982;28606
492909656;28607
492926330;28608
492943004;28609
492959677;28610
492976351;28611
492993025;28612
493009699;28613
493043047;28614
493059720;28615
493076394;28616
493093068;28617
493109742;28618
493126416;28619
493143089;28620
493159763;28621
493176437;28622
493193111;28623
493209785;28624
493226459;28625
493243132;28626
493259806;28627
493276480;28628
493293154;28629
493309828;28630
493326501;28631
493343175;28632
493359849;28633
493376523;28634
493393197;28635
493409870;28636
493426544;28637
493443218;28638
493459892;28639
493476566;28640
493493240;28641
493509913;28642
493543261;28643
493559935;28644
493576609;28645
493593282;28646
493609956;28647
493626630;28648
493643304;28649
493659978;28650
493676651;28651
493693325;28652
493709999;28653
493726673;28654
493743347;28655
493760020;28656
493776694;28657
493793368;28658
493810042;28659
493826716;28660
493843390;28661
493860063;28662
493876737;28663
493893411;28664
493910085;28665
493926759;28666
493943432;28667
493960106;28668
493976780;28669
493993454;28670
494010128;28671
494043475;28672
494060149;28673
494076823;28674
494093497;28675
494110171;28676
494126844;28677
494143518;28678
494160192;28679
494176866;28680
494193540;28681
494210213;28682
494226887;28683
494243561;28684
494260235;28685
494276909;28686
494293582;28687
494310256;28688
494326930;28689
494343604;28690
494360278;28691
494376951;28692
494393625;28693
494410299;28694
494426973;28695
494443647;28696
494460321;28697
494476994;28698
494493668;28699
494510342;28700
494543690;28701
494560363;28702
494577037;28703
494593711;28704
494610385;28705
494627059;28706
494643732;28707
494660406;28708
494677080;28709
494693754;28710
494710428;28711
494727101;28712
494743775;28713
494760449;28714
494777123;28715
494793797;28716
494810470;28717
494827144;28718
494843818;28719
494860492;28720
494877166;28721
494893840;28722
494910513;28723
494927187;28724
494943861;28725
494960535;28726
494977209;28727
494993882;28728
495010556;28729
495043904;28730
495060578;28731
495077251;28732
495093925;28733
495110599;28734
495127273;28735
495143947;28736
495160620;28737
495177294;28738
495193968;28739
495210642;28740
495227316;28741
495243989;28742
495260663;28743
495277337;28744
495294011;28745
495310685;28746
495327359;28747
495344032;28748
495360706;28749
495377380;28750
495394054;28751
495410728;28752
495427401;28753
495444075;28754
495460749;28755
495477423;28756
495494097;28757
495510770;28758
495544118;28759
495560792;28760
495577466;28761
495594139;28762
495610813;28763
495627487;28764
495644161;28765
495660835;28766
495677508;28767
495694182;28768
495710856;28769
495727530;28770
495744204;28771
495760877;28772
495777551;28773
495794225;28774
495810899;28775
495827573;28776
495844246;28777
495860920;28778
495877594;28779
495894268;28780
495910942;28781
495927615;28782
495944289;28783
495960963;28784
495977637;28785
495994311;28786
496010985;28787
496044332;28788
496061006;28789
496077680;28790
496094354;28791
496111027;28792
496127701;28793
496144375;28794
496161049;28795
496177723;28796
496194396;28797
496211070;28798
496227744;28799
496244418;28800
496261091;28801
496277765;28802
496294439;28803
496311113;28804
496327787;28805
496344461;28806
496361134;28807
496377808;28808
496394482;28809
496411156;28810
496427829;28811
496444503;28812
496461177;28813
496477851;28814
496494525;28815
496511198;28816
496544546;28817
496561220;28818
496577894;28819
496594567;28820
496611241;28821
496627915;28822
496644589;28823
496661263;28824
496677937;28825
496694610;28826
496711284;28827
496727958;28828
496744632;28829
496761305;28830
496777979;28831
496794653;28832
496811327;28833
496828001;28834
496844674;28835
496861348;28836
496878022;28837
496894696;28838
496911370;28839
496928043;28840
496944717;28841
496961391;28842
496978065;28843
496994739;28844
497011413;28845
497044760;28846
497061434;28847
497078108;28848
497094781;28849
497111455;28850
497128129;28851
497144803;28852
497161477;28853
497178150;28854
497194824;28855
497211498;28856
497228172;28857
497244846;28858
497261520;28859
497278193;28860
497294867;28861
497311541;28862
497328215;28863
497344888;28864
497361562;28865
497378236;28866
497394910;28867
497411584;28868
497428257;28869
497444931;28870
497461605;28871
497478279;28872
497494953;28873
497511626;28874
497544974;28875
497561648;28876
497578322;28877
497594995;28878
497611669;28879
497628343;28880
497645017;28881
497661691;28882
497678364;28883
497695038;28884
497711712;28885
497728386;28886
497745059;28887
497761733;28888
497778407;28889
497795081;28890
497811755;28891
497828428;28892
497845102;28893
497861776;28894
497878450;28895
497895124;28896
497911797;28897
497928471;28898
497945145;28899
497961819;28900
497978493;28901
497995166;28902
498011840;28903
498045188;28904
498061862;28905
498078535;28906
498095209;28907
498111883;28908
498128557;28909
498145231;28910
498161904;28911
498178578;28912
498195252;28913
498211926;28914
498228599;28915
498245273;28916
498261947;28917
498278621;28918
498295295;28919
498311968;28920
498328642;28921
498345316;28922
498361990;28923
498378664;28924
498395337;28925
498412011;28926
498428685;28927
498445359;28928
498462033;28929
498478706;28930
498495380;28931
498512054;28932
498545401;28933
498562075;28934
498578749;28935
498595423;28936
498612097;28937
498628770;28938
498645444;28939
498662118;28940
498678792;28941
498695466;28942
498712139;28943
498728813;28944
498745487;28945
498762161;28946
498778834;28947
498795508;28948
498812182;28949
498828856;28950
498845530;28951
498862203;28952
498878877;28953
498895551;28954
498912225;28955
498928899;28956
498945572;28957
498962246;28958
498978920;28959
498995594;28960
499012268;28961
499045615;28962
499062289;28963
499078963;28964
499095636;28965
499112310;28966
499128984;28967
499145658;28968
499162332;28969
499179005;28970
499195679;28971
499212353;28972
499229027;28973
499245701;28974
499262374;28975
499279048;28976
499295722;28977
499312396;28978
499329069;28979
499345743;28980
499362417;28981
499379091;28982
499395765;28983
499412438;28984
499429112;28985
499445786;28986
499462460;28987
499479134;28988
499495807;28989
499512481;28990
499545829;28991
499562502;28992
499579176;28993
499595850;28994
499612524;28995
499629198;28996
499645871;28997
499662545;28998
499679219;28999
499695893;29000
499712566;29001
499729240;29002
499745914;29003
499762588;29004
499779262;29005
499795935;29006
499812609;29007
499829283;29008
499845957;29009
499862630;29010
499879304;29011
499895978;29012
499912652;29013
499929326;29014
499945999;29015
499962673;29016
499979347;29017
499996021;29018
500012694;29019
500046042;29020
500062716;29021
500079390;29022
500096063;29023
500112737;29024
500129411;29025
500146085;29026
500162758;29027
500179432;29028
500196106;29029
500212780;29030
500229454;29031
500246127;29032
500262801;29033
500279475;29034
500296149;29035
500312822;29036
500329496;29037
500346170;29038
500362844;29039
500379518;29040
500396191;29041
500412865;29042
500429539;29043
500446213;29044
500462886;29045
500479560;29046
500496234;29047
500512908;29048
500546255;29049
500562929;29050
500579603;29051
500596277;29052
500612950;29053
500629624;29054
500646298;29055
500662972;29056
500679645;29057
500696319;29058
500712993;29059
500729667;29060
500746341;29061
500763014;29062
500779688;29063
500796362;29064
500813036;29065
500829710;29066
500846383;29067
500863057;29068
500879731;29069
500896405;29070
500913078;29071
500929752;29072
500946426;29073
500963100;29074
500979773;29075
500996447;29076
501013121;29077
501046469;29078
501063142;29079
501079816;29080
501096490;29081
501113164;29082
501129837;29083
501146511;29084
501163185;29085
501179859;29086
501196532;29087
501213206;29088
501229880;29089
501246554;29090
501263228;29091
501279901;29092
501296575;29093
501313249;29094
501329923;29095
501346596;29096
501363270;29097
501379944;29098
501396618;29099
501413292;29100
501429965;29101
501446639;29102
501463313;29103
501479987;29104
501496660;29105
501513334;29106
501546682;29107
501563355;29108
501580029;29109
501596703;29110
501613377;29111
501630051;29112
501646724;29113
501663398;29114
501680072;29115
501696746;29116
501713419;29117
501730093;29118
501746767;29119
501763441;29120
501780114;29121
501796788;29122
501813462;29123
501830136;29124
501846809;29125
501863483;29126
501880157;29127
501896831;29128
501913505;29129
501930178;29130
501946852;29131
501963526;29132
501980200;29133
501996873;29134
502013547;29135
502046895;29136
502063568;29137
502080242;29138
502096916;29139
502113590;29140
502130263;29141
502146937;29142
502163611;29143
502180285;29144
502196959;29145
502213632;29146
502230306;29147
502246980;29148
502263654;29149
502280327;29150
502297001;29151
502313675;29152
502330349;29153
502347022;29154
502363696;29155
502380370;29156
502397044;29157
502413717;29158
502430391;29159
502447065;29160
502463739;29161
502480413;29162
502497086;29163
502513760;29164
502547108;29165
502563781;29166
502580455;29167
502597129;29168
502613803;29169
502630476;29170
502647150;29171
502663824;29172
502680498;29173
502697171;29174
502713845;29175
502730519;29176
502747193;29177
502763866;29178
502780540;29179
502797214;29180
502813888;29181
502830561;29182
502847235;29183
502863909;29184
502880583;29185
502897256;29186
502913930;29187
502930604;29188
502947278;29189
502963952;29190
502980625;29191
502997299;29192
503013973;29193
503047320;29194
503063994;29195
503080668;29196
503097342;29197
503114015;29198
503130689;29199
503147363;29200
503164037;29201
503180710;29202
503197384;29203
503214058;29204
503230732;29205
503247405;29206
503264079;29207
503280753;29208
503297427;29209
503314100;29210
503330774;29211
503347448;29212
503364122;29213
503380795;29214
503397469;29215
503414143;29216
503430817;29217
503447490;29218
503464164;29219
503480838;29220
503497512;29221
503514185;29222
503547533;29223
503564207;29224
503580880;29225
503597554;29226
503614228;29227
503630902;29228
503647576;29229
503664249;29230
503680923;29231
503697597;29232
503714270;29233
503730944;29234
503747618;29235
503764292;29236
503780966;29237
503797639;29238
503814313;29239
503830987;29240
503847660;29241
503864334;29242
503881008;29243
503897682;29244
503914356;29245
503931029;29246
503947703;29247
503964377;29248
503981051;29249
503997724;29250
504014398;29251
504047746;29252
504064419;29253
504081093;29254
504097767;29255
504114441;29256
504131114;29257
504147788;29258
504164462;29259
504181135;29260
504197809;29261
504214483;29262
504231157;29263
504247830;29264
504264504;29265
504281178;29266
504297852;29267
504314526;29268
504331199;29269
504347873;29270
504364547;29271
504381221;29272
504397894;29273
504414568;29274
504431242;29275
504447915;29276
504464589;29277
504481263;29278
504497937;29279
504514610;29280
504547958;29281
504564632;29282
504581305;29283
504597979;29284
504614653;29285
504631327;29286
504648000;29287
504664674;29288
504681348;29289
504698022;29290
504714695;29291
504731369;29292
504748043;29293
504764717;29294
504781390;29295
504798064;29296
504814738;29297
504831412;29298
504848085;29299
504864759;29300
504881433;29301
504898107;29302
504914780;29303
504931454;29304
504948128;29305
504964802;29306
504981475;29307
504998149;29308
505014823;29309
-1;-1
-1;-1
-1;-1
-1;-1
-1;-1
-1;-1
-1;-1
-1;-1
-1;-1
-1;-1
-1;-1
-1;-1
-1;-1
-1;-1
-1;-1
-1;-1
-1;-1
-1;-1
-1;-1
-1;-1
-1;-1
-1;-1
-1;-1
-1;-1
-1;-1
-1;-1
-1;-1
-1;-1
-1;-1
-1;-1
-1;-1
-1;-1
-1;-1
-1;-1
-1;-1
-1;-1
-1;-1
-1;-1
-1;-1
-1;-1
-1;-1
-1;-1
-1;-1
-1;-1
-1;-1
-1;-1
-1;-1
-1;-1
-1;-1
-1;-1
-1;-1
-1;-1
-1;-1
-1;-1
-1;-1
-1;-1
-1;-1
-1;-1
-1;-1
-1;-1
-1;-1
-1;-1
-1;-1
-1;-1
-1;-1
-1;-1
-1;-1
-1;-1
-1;-1
-1;-1
-1;-1
-1;-1
-1;-1
-1;-1
-1;-1
-1;-1
-1;-1
-1;-1
-1;-1
-1;-1
-1;-1
-1;-1
-1;-1
-1;-1
-1;-1
-1;-1
-1;-1
-1;-1
-1;-1
-1;-1
-1;-1
-1;-1
-1;-1
-1;-1
-1;-1
-1;-1
-1;-1
-1;-1
-1;-1
-1;-1
-1;-1
-1;-1
-1;-1
-1;-1
-1;-1
-1;-1
-1;-1
-1;-1
-1;-1
-1;-1
-1;-1
-1;-1
-1;-1
-1;-1
-1;-1
-1;-1
-1;-1
-1;-1
-1;-1
-1;-1
-1;-1
-1;-1
-1;-1
-1;-1
-1;-1
-1;-1
-1;-1
-1;-1
-1;-1
-1;-1
-1;-1
-1;-1
-1;-1
-1;-1
-1;-1
-1;-1
-1;-1
-1;-1
-1;-1
-1;-1
-1;-1
-1;-1
-1;-1
-1;-1
-1;-1
-1;-1
-1;-1
-1;-1
-1;-1
-1;-1
-1;-1
-1;-1
-1;-1
-1;-1
-1;-1
-1;-1
-1;-1
-1;-1
-1;-1
-1;-1
-1;-1
-1;-1
-1;-1
-1;-1
-1;-1
-1;-1
-1;-1
-1;-1
-1;-1
-1;-1
-1;-1
-1;-1
-1;-1
-1;-1
-1;-1
-1;-1
-1;-1
-1;-1
-1;-1
-1;-1
-1;-1
-1;-1
-1;-1
-1;-1
-1;-1
-1;-1
-1;-1
-1;-1
-1;-1
-1;-1
-1;-1
-1;-1
-1;-1
