409375097;23765
409391770;23766
409408444;23767
409425118;23768
409441792;23769
409458465;23770
409475139;23771
409491813;23772
409508486;23773
409525160;23774
409558508;23775
409575181;23776
409591855;23777
409608529;23778
409625202;23779
409641876;23780
409658550;23781
409675224;23782
409691897;23783
409708571;23784
409725245;23785
409741918;23786
409758592;23787
409775266;23788
409791940;23789
409808613;23790
409825287;23791
409841961;23792
409858634;23793
409875308;23794
409891982;23795
409908656;23796
409925329;23797
409942003;23798
409958677;23799
409975350;23800
409992024;23801
410008698;23802
410025372;23803
410058719;23804
410075393;23805
410092066;23806
410108740;23807
410125414;23808
410142087;23809
410158761;23810
410175435;23811
410192109;23812
410208782;23813
410225456;23814
410242130;23815
410258803;23816
410275477;23817
410292151;23818
410308825;23819
410325498;23820
410342172;23821
410358846;23822
410375520;23823
410392193;23824
410408867;23825
410425541;23826
410442214;23827
410458888;23828
410475562;23829
410492236;23830
410508909;23831
410525583;23832
410558930;23833
410575604;23834
410592278;23835
410608952;23836
410625625;23837
410642299;23838
410658973;23839
410675646;23840
410692320;23841
410708994;23842
410725668;23843
410742341;23844
410759015;23845
410775689;23846
410792362;23847
410809036;23848
410825710;23849
410842384;23850
410859057;23851
410875731;23852
410892405;23853
410909078;23854
410925752;23855
410942426;23856
410959100;23857
410975773;23858
410992447;23859
411009121;23860
411025794;23861
411059142;23862
411075816;23863
411092489;23864
411109163;23865
411125837;23866
411142510;23867
411159184;23868
411175858;23869
411192532;23870
411209205;23871
411225879;23872
411242553;23873
411259227;23874
411275900;23875
411292574;23876
411309248;23877
411325921;23878
411342595;23879
411359269;23880
411375943;23881
411392616;23882
411409290;23883
411425964;23884
411442637;23885
411459311;23886
411475985;23887
411492659;23888
411509332;23889
411526006;23890
411559354;23891
411576027;23892
411592701;23893
411609375;23894
411626048;23895
411642722;23896
411659396;23897
411676069;23898
411692743;23899
411709417;23900
411726091;23901
411742764;23902
411759438;23903
411776112;23904
411792785;23905
411809459;23906
411826133;23907
411842807;23908
411859480;23909
411876154;23910
411892828;23911
411909502;23912
411926175;23913
411942849;23914
411959523;23915
411976196;23916
411992870;23917
412009544;23918
412026218;23919
412059565;23920
412076239;23921
412092912;23922
412109586;23923
412126260;23924
412142934;23925
412159607;23926
412176281;23927
412192955;23928
412209629;23929
412226302;23930
412242976;23931
412259650;23932
412276323;23933
412292997;23934
412309671;23935
412326345;23936
412343018;23937
412359692;23938
412376366;23939
412393040;23940
412409713;23941
412426387;23942
412443061;23943
412459734;23944
412476408;23945
412493082;23946
412509756;23947
412526429;23948
412559777;23949
412576450;23950
412593124;23951
412609798;23952
412626472;23953
412643145;23954
412659819;23955
412676493;23956
412693167;23957
412709840;23958
412726514;23959
412743188;23960
412759861;23961
412776535;23962
412793209;23963
412809883;23964
412826556;23965
412843230;23966
412859904;23967
412876577;23968
412893251;23969
412909925;23970
412926599;23971
412943272;23972
412959946;23973
412976620;23974
412993294;23975
413009967;23976
413026641;23977
413059988;23978
413076662;23979
413093336;23980
413110010;23981
413126683;23982
413143357;23983
413160031;23984
413176705;23985
413193378;23986
413210052;23987
413226726;23988
413243399;23989
413260073;23990
413276747;23991
413293421;23992
413310094;23993
413326768;23994
413343442;23995
413360115;23996
413376789;23997
413393463;23998
413410137;23999
413426810;24000
413443484;24001
413460158;24002
413476832;24003
413493505;24004
413510179;24005
413526853;24006
413560200;24007
413576874;24008
413593548;24009
413610221;24010
413626895;24011
413643569;24012
413660243;24013
413676916;24014
413693590;24015
413710264;24016
413726937;24017
413743611;24018
413760285;24019
413776959;24020
413793632;24021
413810306;24022
413826980;24023
413843654;24024
413860327;24025
413877001;24026
413893675;24027
413910348;24028
413927022;24029
413943696;24030
413960370;24031
413977043;24032
413993717;24033
414010391;24034
414027065;24035
414060412;24036
414077086;24037
414093759;24038
414110433;24039
414127107;24040
414143781;24041
414160454;24042
414177128;24043
414193802;24044
414210476;24045
414227149;24046
414243823;24047
414260497;24048
414277170;24049
414293844;24050
414310518;24051
414327192;24052
414343865;24053
414360539;24054
414377213;24055
414393887;24056
414410560;24057
414427234;24058
414443908;24059
414460581;24060
414477255;24061
414493929;24062
414510603;24063
414527276;24064
414560624;24065
414577298;24066
414593971;24067
414610645;24068
414627319;24069
414643992;24070
414660666;24071
414677340;24072
414694014;24073
414710687;24074
414727361;24075
414744035;24076
414760709;24077
414777382;24078
414794056;24079
414810730;24080
414827403;24081
414844077;24082
414860751;24083
414877425;24084
414894098;24085
414910772;24086
414927446;24087
414944120;24088
414960793;24089
414977467;24090
414994141;24091
415010815;24092
415027488;24093
415060836;24094
415077510;24095
415094183;24096
415110857;24097
415127531;24098
415144204;24099
415160878;24100
415177552;24101
415194226;24102
415210899;24103
415227573;24104
415244247;24105
415260920;24106
415277594;24107
415294268;24108
415310942;24109
415327615;24110
415344289;24111
415360963;24112
415377637;24113
415394310;24114
415410984;24115
415427658;24116
415444332;24117
415461005;24118
415477679;24119
415494353;24120
415511026;24121
415527700;24122
415561048;24123
415577721;24124
415594395;24125
415611069;24126
415627743;24127
415644416;24128
415661090;24129
415677764;24130
415694438;24131
415711111;24132
415727785;24133
415744459;24134
415761132;24135
415777806;24136
415794480;24137
415811154;24138
415827827;24139
415844501;24140
415861175;24141
415877849;24142
415894522;24143
415911196;24144
415927870;24145
415944544;24146
415961217;24147
415977891;24148
415994565;24149
416011238;24150
416027912;24151
416061260;24152
416077933;24153
416094607;24154
416111281;24155
416127955;24156
416144628;24157
416161302;24158
416177976;24159
416194650;24160
416211323;24161
416227997;24162
416244671;24163
416261344;24164
416278018;24165
416294692;24166
416311366;24167
416328039;24168
416344713;24169
416361387;24170
416378061;24171
416394734;24172
416411408;24173
416428082;24174
416444756;24175
416461429;24176
416478103;24177
416494777;24178
416511451;24179
416528124;24180
416561472;24181
416578145;24182
416594819;24183
416611493;24184
416628167;24185
416644840;24186
416661514;24187
416678188;24188
416694862;24189
416711535;24190
416728209;24191
416744883;24192
416761557;24193
416778230;24194
416794904;24195
416811578;24196
416828251;24197
416844925;24198
416861599;24199
416878273;24200
416894946;24201
416911620;24202
416928294;24203
416944968;24204
416961641;24205
416978315;24206
416994989;24207
417011663;24208
417028336;24209
417061684;24210
417078358;24211
417095031;24212
417111705;24213
417128379;24214
417145052;24215
417161726;24216
417178400;24217
417195074;24218
417211747;24219
417228421;24220
417245095;24221
417261769;24222
417278442;24223
417295116;24224
417311790;24225
417328464;24226
417345137;24227
417361811;24228
417378485;24229
417395158;24230
417411832;24231
417428506;24232
417445180;24233
417461853;24234
417478527;24235
417495201;24236
417511875;24237
417528548;24238
417561896;24239
417578570;24240
417595243;24241
417611917;24242
417628591;24243
417645265;24244
417661938;24245
417678612;24246
417695286;24247
417711959;24248
417728633;24249
417745307;24250
417761981;24251
417778654;24252
417795328;24253
417812002;24254
417828676;24255
417845349;24256
417862023;24257
417878697;24258
417895371;24259
417912044;24260
417928718;24261
417945392;24262
417962066;24263
417978739;24264
417995413;24265
418012087;24266
418028760;24267
418062108;24268
418078782;24269
418095455;24270
418112129;24271
418128803;24272
418145477;24273
418162150;24274
418178824;24275
418195498;24276
418212172;24277
418228845;24278
418245519;24279
418262193;24280
418278867;24281
418295540;24282
418312214;24283
418328888;24284
418345562;24285
418362235;24286
418378909;24287
418395583;24288
418412256;24289
418428930;24290
418445604;24291
418462278;24292
418478952;24293
418495625;24294
418512299;24295
418528973;24296
418562320;24297
418578994;24298
418595668;24299
418612341;24300
418629015;24301
418645689;24302
418662363;24303
418679036;24304
418695710;24305
418712384;24306
418729058;24307
418745731;24308
418762405;24309
418779079;24310
418795753;24311
418812426;24312
418829100;24313
418845774;24314
418862447;24315
418879121;24316
418895795;24317
418912469;24318
418929142;24319
418945816;24320
418962490;24321
418979164;24322
418995837;24323
419012511;24324
419029185;24325
419045859;24326
419079206;24327
419095880;24328
419112554;24329
419129227;24330
419145901;24331
419162575;24332
419179249;24333
419195922;24334
419212596;24335
419229270;24336
419245944;24337
419262617;24338
419279291;24339
419295965;24340
419312638;24341
419329312;24342
419345986;24343
419362660;24344
419379333;24345
419396007;24346
419412681;24347
419429355;24348
419446028;24349
419462702;24350
419479376;24351
419496050;24352
419512723;24353
419529397;24354
419546071;24355
419579418;24356
419596092;24357
419612766;24358
419629440;24359
419646113;24360
419662787;24361
419679461;24362
419696135;24363
419712808;24364
419729482;24365
419746156;24366
419762829;24367
419779503;24368
419796177;24369
419812851;24370
419829524;24371
419846198;24372
419862872;24373
419879546;24374
419896219;24375
419912893;24376
419929567;24377
419946241;24378
419962914;24379
419979588;24380
419996262;24381
420012936;24382
420029609;24383
420046283;24384
420079631;24385
420096304;24386
420112978;24387
420129652;24388
420146326;24389
420162999;24390
420179673;24391
420196347;24392
420213020;24393
420229694;24394
420246368;24395
420263042;24396
420279716;24397
420296389;24398
420313063;24399
420329737;24400
420346410;24401
420363084;24402
420379758;24403
420396432;24404
420413105;24405
420429779;24406
420446453;24407
420463127;24408
420479800;24409
420496474;24410
420513148;24411
420529822;24412
420546495;24413
420579843;24414
420596517;24415
420613190;24416
420629864;24417
420646538;24418
420663212;24419
420679885;24420
420696559;24421
420713233;24422
420729907;24423
420746580;24424
420763254;24425
420779928;24426
420796601;24427
420813275;24428
420829949;24429
420846623;24430
420863296;24431
420879970;24432
420896644;24433
420913318;24434
420929991;24435
420946665;24436
420963339;24437
420980013;24438
420996686;24439
421013360;24440
421030034;24441
421046708;24442
421080055;24443
421096729;24444
421113403;24445
421130076;24446
421146750;24447
421163424;24448
421180098;24449
421196771;24450
421213445;24451
421230119;24452
421246793;24453
421263466;24454
421280140;24455
421296814;24456
421313488;24457
421330161;24458
421346835;24459
421363509;24460
421380182;24461
421396856;24462
421413530;24463
421430204;24464
421446877;24465
421463551;24466
421480225;24467
421496899;24468
421513572;24469
421530246;24470
421546920;24471
421580267;24472
421596941;24473
421613615;24474
421630289;24475
421646962;24476
421663636;24477
421680310;24478
421696984;24479
421713657;24480
421730331;24481
421747005;24482
421763679;24483
421780352;24484
421797026;24485
421813700;24486
421830374;24487
421847047;24488
421863721;24489
421880395;24490
421897069;24491
421913742;24492
421930416;24493
421947090;24494
421963764;24495
421980437;24496
421997111;24497
422013785;24498
422030459;24499
422047132;24500
422080480;24501
422097154;24502
422113827;24503
422130501;24504
422147175;24505
422163849;24506
422180522;24507
422197196;24508
422213870;24509
422230543;24510
422247217;24511
422263891;24512
422280565;24513
422297238;24514
422313912;24515
422330586;24516
422347260;24517
422363933;24518
422380607;24519
422397281;24520
422413955;24521
422430628;24522
422447302;24523
422463976;24524
422480650;24525
422497323;24526
422513997;24527
422530671;24528
422547345;24529
422580692;24530
422597366;24531
422614040;24532
422630713;24533
422647387;24534
422664061;24535
422680735;24536
422697408;24537
422714082;24538
422730756;24539
422747430;24540
422764103;24541
422780777;24542
422797451;24543
422814125;24544
422830798;24545
422847472;24546
422864146;24547
422880820;24548
422897493;24549
422914167;24550
422930841;24551
422947515;24552
422964188;24553
422980862;24554
422997536;24555
423014210;24556
423030883;24557
423047557;24558
423080905;24559
423097578;24560
423114252;24561
423130926;24562
423147599;24563
423164273;24564
423180947;24565
423197621;24566
423214295;24567
423230968;24568
423247642;24569
423264316;24570
423280989;24571
423297663;24572
423314337;24573
423331011;24574
423347685;24575
423364358;24576
423381032;24577
423397706;24578
423414379;24579
423431053;24580
423447727;24581
423464401;24582
423481074;24583
423497748;24584
423514422;24585
423531096;24586
423547769;24587
423581117;24588
423597791;24589
423614464;24590
423631138;24591
423647812;24592
423664486;24593
423681159;24594
423697833;24595
423714507;24596
423731181;24597
423747854;24598
423764528;24599
423781202;24600
423797876;24601
423814549;24602
423831223;24603
423847897;24604
423864571;24605
423881244;24606
423897918;24607
423914592;24608
423931266;24609
423947939;24610
423964613;24611
423981287;24612
423997961;24613
424014634;24614
424031308;24615
424047982;24616
424081329;24617
424098003;24618
424114677;24619
424131351;24620
424148024;24621
424164698;24622
424181372;24623
424198046;24624
424214719;24625
424231393;24626
424248067;24627
424264741;24628
424281414;24629
424298088;24630
424314762;24631
424331436;24632
424348109;24633
424364783;24634
424381457;24635
424398131;24636
424414804;24637
424431478;24638
424448152;24639
424464826;24640
424481499;24641
424498173;24642
424514847;24643
424531521;24644
424548194;24645
424581542;24646
424598215;24647
424614889;24648
424631563;24649
424648237;24650
424664911;24651
424681584;24652
424698258;24653
424714932;24654
424731606;24655
424748279;24656
424764953;24657
424781627;24658
424798300;24659
424814974;24660
424831648;24661
424848322;24662
424864995;24663
424881669;24664
424898343;24665
424915017;24666
424931691;24667
424948364;24668
424965038;24669
424981712;24670
424998385;24671
425015059;24672
425031733;24673
425048407;24674
425081754;24675
425098428;24676
425115102;24677
425131775;24678
425148449;24679
425165123;24680
425181797;24681
425198470;24682
425215144;24683
425231818;24684
425248492;24685
425265165;24686
425281839;24687
425298513;24688
425315187;24689
425331860;24690
425348534;24691
425365208;24692
425381882;24693
425398555;24694
425415229;24695
425431903;24696
425448577;24697
425465250;24698
425481924;24699
425498598;24700
425515272;24701
425531945;24702
425548619;24703
425581967;24704
425598640;24705
425615314;24706
425631988;24707
425648662;24708
425665335;24709
425682009;24710
425698683;24711
425715357;24712
425732030;24713
425748704;24714
425765378;24715
425782052;24716
425798725;24717
425815399;24718
425832073;24719
425848747;24720
425865420;24721
425882094;24722
425898768;24723
425915442;24724
425932115;24725
425948789;24726
425965463;24727
425982137;24728
425998810;24729
426015484;24730
426032158;24731
426048832;24732
426082179;24733
426098853;24734
426115527;24735
426132200;24736
426148874;24737
426165548;24738
426182222;24739
426198895;24740
426215569;24741
426232243;24742
426248917;24743
426265590;24744
426282264;24745
426298938;24746
426315611;24747
426332285;24748
426348959;24749
426365633;24750
426382306;24751
426398980;24752
426415654;24753
426432328;24754
426449002;24755
426465675;24756
426482349;24757
426499023;24758
426515696;24759
426532370;24760
426549044;24761
426582391;24762
426599065;24763
426615739;24764
426632413;24765
426649086;24766
426665760;24767
426682434;24768
426699108;24769
426715781;24770
426732455;24771
426749129;24772
426765803;24773
426782476;24774
426799150;24775
426815824;24776
426832498;24777
426849171;24778
426865845;24779
426882519;24780
426899193;24781
426915866;24782
426932540;24783
426949214;24784
426965888;24785
426982561;24786
426999235;24787
427015909;24788
427032583;24789
427049256;24790
427082604;24791
427099278;24792
427115951;24793
427132625;24794
427149299;24795
427165973;24796
427182646;24797
427199320;24798
427215994;24799
427232668;24800
427249341;24801
427266015;24802
427282689;24803
427299363;24804
427316036;24805
427332710;24806
427349384;24807
427366057;24808
427382731;24809
427399405;24810
427416079;24811
427432753;24812
427449426;24813
427466100;24814
427482774;24815
427499448;24816
427516121;24817
427532795;24818
427549469;24819
427582816;24820
427599490;24821
427616164;24822
427632838;24823
427649511;24824
427666185;24825
427682859;24826
427699533;24827
427716206;24828
427732880;24829
427749554;24830
427766227;24831
427782901;24832
427799575;24833
427816249;24834
427832922;24835
427849596;24836
427866270;24837
427882944;24838
427899617;24839
427916291;24840
427932965;24841
427949639;24842
427966312;24843
427982986;24844
427999660;24845
428016334;24846
428033007;24847
428049681;24848
428083029;24849
428099702;24850
428116376;24851
428133050;24852
428149724;24853
428166397;24854
428183071;24855
428199745;24856
428216419;24857
428233092;24858
428249766;24859
428266440;24860
428283114;24861
428299787;24862
428316461;24863
428333135;24864
428349809;24865
428366482;24866
428383156;24867
428399830;24868
428416504;24869
428433177;24870
428449851;24871
428466525;24872
428483199;24873
428499872;24874
428516546;24875
428533220;24876
428549894;24877
428583241;24878
428599915;24879
428616588;24880
428633262;24881
428649936;24882
428666610;24883
428683283;24884
428699957;24885
428716631;24886
428733305;24887
428749978;24888
428766652;24889
428783326;24890
428800000;24891
428816673;24892
428833347;24893
428850021;24894
428866695;24895
428883368;24896
428900042;24897
428916716;24898
428933390;24899
428950063;24900
428966737;24901
428983411;24902
429000085;24903
429016758;24904
429033432;24905
429050106;24906
429083453;24907
429100127;24908
429116801;24909
429133475;24910
429150148;24911
429166822;24912
429183496;24913
429200170;24914
429216843;24915
429233517;24916
429250191;24917
429266865;24918
429283538;24919
429300212;24920
429316886;24921
429333560;24922
429350233;24923
429366907;24924
429383581;24925
429400254;24926
429416928;24927
429433602;24928
429450276;24929
429466950;24930
429483623;24931
429500297;24932
429516971;24933
429533644;24934
429550318;24935
429583666;24936
429600339;24937
429617013;24938
429633687;24939
429650361;24940
429667035;24941
429683708;24942
429700382;24943
429717056;24944
429733729;24945
429750403;24946
429767077;24947
429783751;24948
429800424;24949
429817098;24950
429833772;24951
429850446;24952
429867119;24953
429883793;24954
429900467;24955
429917141;24956
429933814;24957
429950488;24958
429967162;24959
429983836;24960
430000509;24961
430017183;24962
430033857;24963
430050531;24964
430083878;24965
430100552;24966
430117226;24967
430133899;24968
430150573;24969
430167247;24970
430183921;24971
430200594;24972
430217268;24973
430233942;24974
430250616;24975
430267289;24976
430283963;24977
430300637;24978
430317310;24979
430333984;24980
430350658;24981
430367332;24982
430384006;24983
430400679;24984
430417353;24985
430434027;24986
430450700;24987
430467374;24988
430484048;24989
430500722;24990
430517395;24991
430534069;24992
430550743;24993
430584090;24994
430600764;24995
430617438;24996
430634112;24997
430650785;24998
430667459;24999
430684133;25000
430700807;25001
430717480;25002
430734154;25003
430750828;25004
430767502;25005
430784175;25006
430800849;25007
430817523;25008
430834197;25009
430850870;25010
430867544;25011
430884218;25012
430900892;25013
430917565;25014
430934239;25015
430950913;25016
430967587;25017
430984260;25018
431000934;25019
431017608;25020
431034282;25021
431050955;25022
431084303;25023
431100976;25024
431117650;25025
431134324;25026
431150998;25027
431167671;25028
431184345;25029
431201019;25030
431217693;25031
431234366;25032
431251040;25033
431267714;25034
431284388;25035
431301061;25036
431317735;25037
431334409;25038
431351083;25039
431367756;25040
431384430;25041
431401104;25042
431417778;25043
431434451;25044
431451125;25045
431467799;25046
431484473;25047
431501146;25048
431517820;25049
431534494;25050
431551168;25051
431584515;25052
431601189;25053
431617863;25054
431634536;25055
431651210;25056
431667884;25057
431684557;25058
431701231;25059
431717905;25060
431734579;25061
431751253;25062
431767926;25063
431784600;25064
431801274;25065
431817947;25066
431834621;25067
431851295;25068
431867969;25069
431884642;25070
431901316;25071
431917990;25072
431934664;25073
431951337;25074
431968011;25075
431984685;25076
432001359;25077
432018032;25078
432034706;25079
432051380;25080
432084727;25081
432101401;25082
432118075;25083
432134748;25084
432151422;25085
432168096;25086
432184770;25087
432201443;25088
432218117;25089
432234791;25090
432251465;25091
432268138;25092
432284812;25093
432301486;25094
432318160;25095
432334833;25096
432351507;25097
432368181;25098
432384855;25099
432401528;25100
432418202;25101
432434876;25102
432451550;25103
432468223;25104
432484897;25105
432501571;25106
432518245;25107
432534918;25108
432551592;25109
432584940;25110
432601613;25111
432618287;25112
432634961;25113
432651635;25114
432668308;25115
432684982;25116
432701656;25117
432718330;25118
432735003;25119
432751677;25120
432768351;25121
432785024;25122
432801698;25123
432818372;25124
432835046;25125
432851719;25126
432868393;25127
432885067;25128
432901741;25129
432918414;25130
432935088;25131
432951762;25132
432968436;25133
432985109;25134
433001783;25135
433018457;25136
433035131;25137
433051804;25138
433085152;25139
433101826;25140
433118499;25141
433135173;25142
433151847;25143
433168520;25144
433185194;25145
433201868;25146
433218542;25147
433235215;25148
433251889;25149
433268563;25150
433285237;25151
433301910;25152
433318584;25153
433335258;25154
433351932;25155
433368605;25156
433385279;25157
433401953;25158
433418627;25159
433435300;25160
433451974;25161
433468648;25162
433485322;25163
433501995;25164
433518669;25165
433535343;25166
433552017;25167
433585364;25168
433602038;25169
433618711;25170
433635385;25171
433652059;25172
433668733;25173
433685406;25174
433702080;25175
433718754;25176
433735428;25177
433752101;25178
433768775;25179
433785449;25180
433802123;25181
433818796;25182
433835470;25183
433852144;25184
433868818;25185
433885491;25186
433902165;25187
433918839;25188
433935512;25189
433952186;25190
433968860;25191
433985534;25192
434002207;25193
434018881;25194
434035555;25195
434052229;25196
434085576;25197
434102250;25198
434118924;25199
434135597;25200
434152271;25201
434168945;25202
434185619;25203
434202292;25204
434218966;25205
434235640;25206
434252313;25207
434268987;25208
434285661;25209
434302335;25210
434319008;25211
434335682;25212
434352356;25213
434369030;25214
434385703;25215
434402377;25216
434419051;25217
434435725;25218
434452398;25219
434469072;25220
434485746;25221
434502419;25222
434519093;25223
434535767;25224
434552441;25225
434585788;25226
434602462;25227
434619136;25228
434635809;25229
434652483;25230
434669157;25231
434685831;25232
434702504;25233
434719178;25234
434735852;25235
434752526;25236
434769199;25237
434785873;25238
434802547;25239
434819221;25240
434835894;25241
434852568;25242
434869242;25243
434885915;25244
434902589;25245
434919263;25246
434935937;25247
434952610;25248
434969284;25249
434985958;25250
435002632;25251
435019305;25252
435035979;25253
435052653;25254
435086000;25255
435102674;25256
435119348;25257
435136022;25258
435152695;25259
435169369;25260
435186043;25261
435202717;25262
435219390;25263
435236064;25264
435252738;25265
435269411;25266
435286085;25267
435302759;25268
435319433;25269
435336106;25270
435352780;25271
435369454;25272
435386128;25273
435402801;25274
435419475;25275
435436149;25276
435452822;25277
435469496;25278
435486170;25279
435502844;25280
435519517;25281
435536191;25282
435552865;25283
435586212;25284
435602886;25285
435619560;25286
435636234;25287
435652907;25288
435669581;25289
435686255;25290
435702928;25291
435719602;25292
435736276;25293
435752950;25294
435769623;25295
435786297;25296
435802971;25297
435819645;25298
435836318;25299
435852992;25300
435869666;25301
435886340;25302
435903013;25303
435919687;25304
435936361;25305
435953034;25306
435969708;25307
435986382;25308
436003056;25309
436019729;25310
436036403;25311
436053077;25312
436086424;25313
436103098;25314
436119772;25315
436136446;25316
436153119;25317
436169793;25318
436186467;25319
436203140;25320
436219814;25321
436236488;25322
436253162;25323
436269835;25324
436286509;25325
436303183;25326
436319857;25327
436336530;25328
436353204;25329
436369878;25330
436386552;25331
436403225;25332
436419899;25333
436436573;25334
436453246;25335
436469920;25336
436486594;25337
436503268;25338
436519941;25339
436536615;25340
436553289;25341
436586636;25342
436603310;25343
436619984;25344
436636657;25345
436653331;25346
436670005;25347
436686679;25348
436703352;25349
436720026;25350
436736700;25351
436753374;25352
436770047;25353
436786721;25354
436803395;25355
436820069;25356
436836742;25357
436853416;25358
436870090;25359
436886764;25360
436903437;25361
436920111;25362
436936785;25363
436953458;25364
436970132;25365
436986806;25366
437003480;25367
437020153;25368
437036827;25369
437053501;25370
437086848;25371
437103522;25372
437120196;25373
437136869;25374
437153543;25375
437170217;25376
437186891;25377
437203564;25378
437220238;25379
437236912;25380
437253586;25381
437270259;25382
437286933;25383
437303607;25384
437320281;25385
437336954;25386
437353628;25387
437370302;25388
437386975;25389
437403649;25390
437420323;25391
437436997;25392
437453670;25393
437470344;25394
437487018;25395
437503691;25396
437520365;25397
437537039;25398
437553713;25399
437587060;25400
437603734;25401
437620408;25402
437637081;25403
437653755;25404
437670429;25405
437687103;25406
437703776;25407
437720450;25408
437737124;25409
437753798;25410
437770471;25411
437787145;25412
437803819;25413
437820492;25414
437837166;25415
437853840;25416
437870514;25417
437887187;25418
437903861;25419
437920535;25420
437937208;25421
437953882;25422
437970556;25423
437987230;25424
438003903;25425
438020577;25426
438037251;25427
438053925;25428
438087272;25429
438103946;25430
438120619;25431
438137293;25432
438153967;25433
438170641;25434
438187314;25435
438203988;25436
438220662;25437
438237336;25438
438254009;25439
438270683;25440
438287357;25441
438304031;25442
438320704;25443
438337378;25444
438354052;25445
438370725;25446
438387399;25447
438404073;25448
438420747;25449
438437420;25450
438454094;25451
438470768;25452
438487441;25453
438504115;25454
438520789;25455
438537463;25456
438554136;25457
438587484;25458
438604158;25459
438620831;25460
438637505;25461
438654179;25462
438670853;25463
438687526;25464
438704200;25465
438720874;25466
438737547;25467
438754221;25468
438770895;25469
438787569;25470
438804242;25471
438820916;25472
438837590;25473
438854264;25474
438870937;25475
438887611;25476
438904285;25477
438920958;25478
438937632;25479
438954306;25480
438970980;25481
438987653;25482
439004327;25483
439021001;25484
439037674;25485
439054348;25486
439087696;25487
439104369;25488
439121043;25489
439137717;25490
439154391;25491
439171064;25492
439187738;25493
439204412;25494
439221085;25495
439237759;25496
439254433;25497
439271107;25498
439287780;25499
439304454;25500
439321128;25501
439337802;25502
439354475;25503
439371149;25504
439387823;25505
439404496;25506
439421170;25507
439437844;25508
439454518;25509
439471191;25510
439487865;25511
439504539;25512
439521212;25513
439537886;25514
439554560;25515
439587907;25516
439604581;25517
439621255;25518
439637929;25519
439654602;25520
439671276;25521
439687950;25522
439704623;25523
439721297;25524
439737971;25525
439754645;25526
439771318;25527
439787992;25528
439804666;25529
439821339;25530
439838013;25531
439854687;25532
439871361;25533
439888034;25534
439904708;25535
439921382;25536
439938056;25537
439954729;25538
439971403;25539
439988077;25540
440004751;25541
440021424;25542
440038098;25543
440054772;25544
440088119;25545
440104793;25546
440121467;25547
440138140;25548
440154814;25549
440171488;25550
440188161;25551
440204835;25552
440221509;25553
440238183;25554
440254856;25555
440271530;25556
440288204;25557
440304877;25558
440321551;25559
440338225;25560
440354899;25561
440371572;25562
440388246;25563
440404920;25564
440421594;25565
440438267;25566
440454941;25567
440471615;25568
440488288;25569
440504962;25570
440521636;25571
440538310;25572
440554983;25573
440588331;25574
440605005;25575
440621678;25576
440638352;25577
440655026;25578
440671699;25579
440688373;25580
440705047;25581
440721721;25582
440738394;25583
440755068;25584
440771742;25585
440788415;25586
440805089;25587
440821763;25588
440838437;25589
440855110;25590
440871784;25591
440888458;25592
440905131;25593
440921805;25594
440938479;25595
440955153;25596
440971826;25597
440988500;25598
441005174;25599
441021847;25600
441038521;25601
441055195;25602
441088542;25603
441105216;25604
441121890;25605
441138564;25606
441155237;25607
441171911;25608
441188585;25609
441205258;25610
441221932;25611
441238606;25612
441255280;25613
441271953;25614
441288627;25615
441305301;25616
441321974;25617
441338648;25618
441355322;25619
441371996;25620
441388669;25621
441405343;25622
441422017;25623
441438691;25624
441455364;25625
441472038;25626
441488712;25627
441505385;25628
441522059;25629
441538733;25630
441555407;25631
441588754;25632
441605428;25633
441622101;25634
441638775;25635
441655449;25636
441672123;25637
441688796;25638
441705470;25639
441722144;25640
441738817;25641
441755491;25642
441772165;25643
441788839;25644
441805512;25645
441822186;25646
441838860;25647
441855533;25648
441872207;25649
441888881;25650
441905554;25651
441922228;25652
441938902;25653
441955576;25654
441972249;25655
441988923;25656
442005597;25657
442022271;25658
442038944;25659
442055618;25660
442088965;25661
442105639;25662
442122313;25663
442138987;25664
442155660;25665
442172334;25666
442189008;25667
442205681;25668
442222355;25669
442239029;25670
442255703;25671
442272376;25672
442289050;25673
442305724;25674
442322397;25675
442339071;25676
442355745;25677
442372419;25678
442389092;25679
442405766;25680
442422440;25681
442439113;25682
442455787;25683
442472461;25684
442489135;25685
442505808;25686
442522482;25687
442539156;25688
442555829;25689
442589177;25690
442605851;25691
442622524;25692
442639198;25693
442655872;25694
442672545;25695
442689219;25696
442705893;25697
442722567;25698
442739240;25699
442755914;25700
442772588;25701
442789261;25702
442805935;25703
442822609;25704
442839283;25705
442855956;25706
442872630;25707
442889304;25708
442905977;25709
442922651;25710
442939325;25711
442955999;25712
442972672;25713
442989346;25714
443006020;25715
443022693;25716
443039367;25717
443056041;25718
443089388;25719
443106062;25720
443122736;25721
443139409;25722
443156083;25723
443172757;25724
443189430;25725
443206104;25726
443222778;25727
443239452;25728
443256125;25729
443272799;25730
443289473;25731
443306147;25732
443322820;25733
443339494;25734
443356168;25735
443372841;25736
443389515;25737
443406189;25738
443422862;25739
443439536;25740
443456210;25741
443472884;25742
443489557;25743
443506231;25744
443522905;25745
443539578;25746
443556252;25747
443589600;25748
443606273;25749
443622947;25750
443639621;25751
443656294;25752
443672968;25753
443689642;25754
443706316;25755
443722989;25756
443739663;25757
443756337;25758
443773010;25759
443789684;25760
443806358;25761
443823031;25762
443839705;25763
443856379;25764
443873053;25765
443889726;25766
443906400;25767
443923074;25768
443939747;25769
443956421;25770
443973095;25771
443989769;25772
444006442;25773
444023116;25774
444039790;25775
444056463;25776
444089811;25777
444106485;25778
444123158;25779
444139832;25780
444156506;25781
444173179;25782
444189853;25783
444206527;25784
444223200;25785
444239874;25786
444256548;25787
444273222;25788
444289895;25789
444306569;25790
444323243;25791
444339916;25792
444356590;25793
444373264;25794
444389937;25795
444406611;25796
444423285;25797
444439959;25798
444456632;25799
444473306;25800
444489980;25801
444506654;25802
444523327;25803
444540001;25804
444556675;25805
444590022;25806
444606696;25807
444623369;25808
444640043;25809
444656717;25810
444673391;25811
444690064;25812
444706738;25813
444723412;25814
444740085;25815
444756759;25816
444773433;25817
444790107;25818
444806780;25819
444823454;25820
444840128;25821
444856801;25822
444873475;25823
444890149;25824
444906822;25825
444923496;25826
444940170;25827
444956844;25828
444973517;25829
444990191;25830
445006865;25831
445023539;25832
445040212;25833
445056886;25834
445090233;25835
445106907;25836
445123581;25837
445140254;25838
445156928;25839
445173602;25840
445190275;25841
445206949;25842
445223623;25843
445240297;25844
445256970;25845
445273644;25846
445290318;25847
445306991;25848
445323665;25849
445340339;25850
445357013;25851
445373686;25852
445390360;25853
445407034;25854
445423707;25855
445440381;25856
445457055;25857
445473728;25858
445490402;25859
445507076;25860
445523750;25861
445540423;25862
445557097;25863
445590444;25864
445607118;25865
445623792;25866
445640466;25867
445657139;25868
445673813;25869
445690487;25870
445707160;25871
445723834;25872
445740508;25873
445757181;25874
445773855;25875
445790529;25876
445807203;25877
445823876;25878
445840550;25879
445857224;25880
445873897;25881
445890571;25882
445907245;25883
445923919;25884
445940592;25885
445957266;25886
445973940;25887
445990613;25888
446007287;25889
446023961;25890
446040634;25891
446057308;25892
446090656;25893
446107329;25894
446124003;25895
446140677;25896
446157350;25897
446174024;25898
446190698;25899
446207372;25900
446224045;25901
446240719;25902
446257393;25903
446274066;25904
446290740;25905
446307414;25906
446324088;25907
446340761;25908
446357435;25909
446374109;25910
446390782;25911
446407456;25912
446424130;25913
446440803;25914
446457477;25915
446474151;25916
446490824;25917
446507498;25918
446524172;25919
446540846;25920
446557519;25921
446590867;25922
446607541;25923
446624214;25924
446640888;25925
446657562;25926
446674235;25927
446690909;25928
446707583;25929
446724256;25930
446740930;25931
446757604;25932
446774277;25933
446790951;25934
446807625;25935
446824299;25936
446840972;25937
446857646;25938
446874320;25939
446890993;25940
446907667;25941
446924341;25942
446941015;25943
446957688;25944
446974362;25945
446991036;25946
447007709;25947
447024383;25948
447041057;25949
447057731;25950
447091078;25951
447107752;25952
447124425;25953
447141099;25954
447157773;25955
447174446;25956
447191120;25957
447207794;25958
447224467;25959
447241141;25960
447257815;25961
447274489;25962
447291162;25963
447307836;25964
447324510;25965
447341183;25966
447357857;25967
447374531;25968
447391205;25969
447407878;25970
447424552;25971
447441226;25972
447457899;25973
447474573;25974
447491247;25975
447507920;25976
447524594;25977
447541268;25978
447557942;25979
447591289;25980
447607963;25981
447624636;25982
447641310;25983
447657984;25984
447674657;25985
447691331;25986
447708005;25987
447724679;25988
447741352;25989
447758026;25990
447774700;25991
447791373;25992
447808047;25993
447824721;25994
447841395;25995
447858068;25996
447874742;25997
447891416;25998
447908089;25999
447924763;26000
447941437;26001
447958110;26002
447974784;26003
447991458;26004
448008131;26005
448024805;26006
448041479;26007
448058153;26008
448091500;26009
448108174;26010
448124847;26011
448141521;26012
448158195;26013
448174868;26014
448191542;26015
448208216;26016
448224890;26017
448241563;26018
448258237;26019
448274911;26020
448291584;26021
448308258;26022
448324932;26023
448341606;26024
448358279;26025
448374953;26026
448391627;26027
448408300;26028
448424974;26029
448441648;26030
448458321;26031
448474995;26032
448491669;26033
448508342;26034
448525016;26035
448541690;26036
448558364;26037
448591711;26038
448608385;26039
448625058;26040
448641732;26041
448658406;26042
448675080;26043
448691753;26044
448708427;26045
448725101;26046
448741774;26047
448758448;26048
448775122;26049
448791795;26050
448808469;26051
448825143;26052
448841817;26053
448858490;26054
448875164;26055
448891838;26056
448908511;26057
448925185;26058
448941859;26059
448958532;26060
448975206;26061
448991880;26062
449008554;26063
449025227;26064
449041901;26065
449058575;26066
449091922;26067
449108596;26068
449125269;26069
449141943;26070
449158617;26071
449175291;26072
449191964;26073
449208638;26074
449225312;26075
449241985;26076
449258659;26077
449275333;26078
449292006;26079
449308680;26080
449325354;26081
449342028;26082
449358701;26083
449375375;26084
449392049;26085
449408722;26086
449425396;26087
449442070;26088
449458743;26089
449475417;26090
449492091;26091
449508764;26092
449525438;26093
449542112;26094
449558786;26095
449592133;26096
449608807;26097
449625480;26098
449642154;26099
449658828;26100
449675501;26101
449692175;26102
449708849;26103
449725523;26104
449742196;26105
449758870;26106
449775544;26107
449792217;26108
449808891;26109
449825565;26110
449842238;26111
449858912;26112
449875586;26113
449892260;26114
449908933;26115
449925607;26116
449942281;26117
449958954;26118
449975628;26119
449992302;26120
450008975;26121
450025649;26122
450042323;26123
450058997;26124
450092344;26125
450109018;26126
450125691;26127
450142365;26128
450159039;26129
450175712;26130
450192386;26131
450209060;26132
450225733;26133
450242407;26134
450259081;26135
450275755;26136
450292428;26137
450309102;26138
450325776;26139
450342449;26140
450359123;26141
450375797;26142
450392470;26143
450409144;26144
450425818;26145
450442492;26146
450459165;26147
450475839;26148
450492513;26149
450509186;26150
450525860;26151
450542534;26152
450559207;26153
450592555;26154
450609229;26155
450625902;26156
450642576;26157
450659250;26158
450675923;26159
450692597;26160
450709271;26161
450725944;26162
450742618;26163
450759292;26164
450775965;26165
450792639;26166
450809313;26167
450825987;26168
450842660;26169
450859334;26170
450876008;26171
450892681;26172
450909355;26173
450926029;26174
450942702;26175
450959376;26176
450976050;26177
450992724;26178
451009397;26179
451026071;26180
451042745;26181
451059418;26182
451092766;26183
451109439;26184
451126113;26185
451142787;26186
451159461;26187
451176134;26188
451192808;26189
451209482;26190
451226155;26191
451242829;26192
451259503;26193
451276176;26194
451292850;26195
451309524;26196
451326197;26197
451342871;26198
451359545;26199
451376219;26200
451392892;26201
451409566;26202
451426240;26203
451442913;26204
451459587;26205
451476261;26206
451492934;26207
451509608;26208
451526282;26209
451542956;26210
451559629;26211
451592977;26212
451609650;26213
451626324;26214
451642998;26215
451659671;26216
451676345;26217
451693019;26218
451709693;26219
451726366;26220
451743040;26221
451759714;26222
451776387;26223
451793061;26224
451809735;26225
451826408;26226
451843082;26227
451859756;26228
451876429;26229
451893103;26230
451909777;26231
451926451;26232
451943124;26233
451959798;26234
451976472;26235
451993145;26236
452009819;26237
452026493;26238
452043166;26239
452059840;26240
452093188;26241
452109861;26242
452126535;26243
452143209;26244
452159882;26245
452176556;26246
452193230;26247
452209903;26248
452226577;26249
452243251;26250
452259924;26251
452276598;26252
452293272;26253
452309945;26254
452326619;26255
452343293;26256
452359967;26257
452376640;26258
452393314;26259
452409988;26260
452426661;26261
452443335;26262
452460009;26263
452476682;26264
452493356;26265
452510030;26266
452526704;26267
452543377;26268
452560051;26269
452593398;26270
452610072;26271
452626746;26272
452643419;26273
452660093;26274
452676767;26275
452693440;26276
452710114;26277
452726788;26278
452743462;26279
452760135;26280
452776809;26281
452793483;26282
452810156;26283
452826830;26284
452843504;26285
452860177;26286
452876851;26287
452893525;26288
452910199;26289
452926872;26290
452943546;26291
452960220;26292
452976893;26293
452993567;26294
453010241;26295
453026914;26296
453043588;26297
453060262;26298
453093609;26299
453110283;26300
453126956;26301
453143630;26302
453160304;26303
453176978;26304
453193651;26305
453210325;26306
453226999;26307
453243672;26308
453260346;26309
453277020;26310
453293693;26311
453310367;26312
453327041;26313
453343714;26314
453360388;26315
453377062;26316
453393736;26317
453410409;26318
453427083;26319
453443757;26320
453460430;26321
453477104;26322
453493778;26323
453510452;26324
453527125;26325
453543799;26326
453560473;26327
453593820;26328
453610494;26329
453627167;26330
453643841;26331
453660515;26332
453677188;26333
453693862;26334
453710536;26335
453727209;26336
453743883;26337
453760557;26338
453777231;26339
453793904;26340
453810578;26341
453827252;26342
453843925;26343
453860599;26344
453877273;26345
453893946;26346
453910620;26347
453927294;26348
453943967;26349
453960641;26350
453977315;26351
453993989;26352
454010662;26353
454027336;26354
454044010;26355
454060683;26356
454094031;26357
454110704;26358
454127378;26359
454144052;26360
454160726;26361
454177399;26362
454194073;26363
454210747;26364
454227420;26365
454244094;26366
454260768;26367
454277441;26368
454294115;26369
454310789;26370
454327462;26371
454344136;26372
454360810;26373
454377484;26374
454394157;26375
454410831;26376
454427505;26377
454444178;26378
454460852;26379
454477526;26380
454494199;26381
454510873;26382
454527547;26383
454544220;26384
454560894;26385
454594241;26386
454610915;26387
454627589;26388
454644263;26389
454660936;26390
454677610;26391
454694284;26392
454710957;26393
454727631;26394
454744305;26395
454760978;26396
454777652;26397
454794326;26398
454811000;26399
454827673;26400
454844347;26401
454861021;26402
454877694;26403
454894368;26404
454911042;26405
454927715;26406
454944389;26407
454961063;26408
454977736;26409
454994410;26410
455011084;26411
455027757;26412
455044431;26413
455061105;26414
455094452;26415
455111126;26416
455127800;26417
455144473;26418
455161147;26419
455177821;26420
455194494;26421
455211168;26422
455227842;26423
455244516;26424
455261189;26425
455277863;26426
455294537;26427
455311210;26428
455327884;26429
455344558;26430
455361231;26431
455377905;26432
455394579;26433
455411253;26434
455427926;26435
455444600;26436
455461274;26437
455477947;26438
455494621;26439
455511295;26440
455527968;26441
455544642;26442
455561316;26443
455594663;26444
455611337;26445
455628011;26446
455644684;26447
455661358;26448
455678032;26449
455694705;26450
455711379;26451
455728053;26452
455744726;26453
455761400;26454
455778074;26455
455794747;26456
455811421;26457
455828095;26458
455844768;26459
455861442;26460
455878116;26461
455894790;26462
455911463;26463
455928137;26464
455944811;26465
455961484;26466
455978158;26467
455994832;26468
456011505;26469
456028179;26470
456044853;26471
456061527;26472
456094874;26473
456111548;26474
456128221;26475
456144895;26476
456161569;26477
456178242;26478
456194916;26479
456211590;26480
456228263;26481
456244937;26482
456261611;26483
456278284;26484
456294958;26485
456311632;26486
456328306;26487
456344979;26488
456361653;26489
456378327;26490
456395000;26491
456411674;26492
456428348;26493
456445021;26494
456461695;26495
456478369;26496
456495042;26497
456511716;26498
456528390;26499
456545064;26500
456561737;26501
456595085;26502
456611758;26503
456628432;26504
456645106;26505
456661779;26506
456678453;26507
456695127;26508
456711801;26509
456728474;26510
456745148;26511
456761822;26512
456778495;26513
456795169;26514
456811843;26515
456828516;26516
456845190;26517
456861864;26518
456878537;26519
456895211;26520
456911885;26521
456928559;26522
456945232;26523
456961906;26524
456978580;26525
456995253;26526
457011927;26527
457028601;26528
457045274;26529
457061948;26530
457095295;26531
457111969;26532
457128643;26533
457145317;26534
457161990;26535
457178664;26536
457195338;26537
457212011;26538
457228685;26539
457245359;26540
457262032;26541
457278706;26542
457295380;26543
457312053;26544
457328727;26545
457345401;26546
457362075;26547
457378748;26548
457395422;26549
457412096;26550
457428769;26551
457445443;26552
457462117;26553
457478790;26554
457495464;26555
457512138;26556
457528811;26557
457545485;26558
457562159;26559
457595506;26560
457612180;26561
457628854;26562
457645527;26563
457662201;26564
457678875;26565
457695548;26566
457712222;26567
457728896;26568
457745569;26569
457762243;26570
457778917;26571
457795591;26572
457812264;26573
457828938;26574
457845612;26575
457862285;26576
457878959;26577
457895633;26578
457912306;26579
457928980;26580
457945654;26581
457962328;26582
457979001;26583
457995675;26584
458012349;26585
458029022;26586
458045696;26587
458062370;26588
458095717;26589
458112391;26590
458129064;26591
458145738;26592
458162412;26593
458179086;26594
458195759;26595
458212433;26596
458229107;26597
458245780;26598
458262454;26599
458279128;26600
458295801;26601
458312475;26602
458329149;26603
458345822;26604
458362496;26605
458379170;26606
458395843;26607
458412517;26608
458429191;26609
458445865;26610
458462538;26611
458479212;26612
458495886;26613
458512559;26614
458529233;26615
458545907;26616
458562580;26617
458595928;26618
458612601;26619
458629275;26620
458645949;26621
458662623;26622
458679296;26623
458695970;26624
458712644;26625
458729317;26626
458745991;26627
458762665;26628
458779338;26629
458796012;26630
458812686;26631
458829359;26632
458846033;26633
458862707;26634
458879381;26635
458896054;26636
458912728;26637
458929402;26638
458946075;26639
458962749;26640
458979423;26641
458996096;26642
459012770;26643
459029444;26644
459046118;26645
459062791;26646
459096139;26647
459112812;26648
459129486;26649
459146160;26650
459162833;26651
459179507;26652
459196181;26653
459212854;26654
459229528;26655
459246202;26656
459262876;26657
459279549;26658
459296223;26659
459312897;26660
459329570;26661
459346244;26662
459362918;26663
459379591;26664
459396265;26665
459412939;26666
459429612;26667
459446286;26668
459462960;26669
459479634;26670
459496307;26671
459512981;26672
459529655;26673
459546328;26674
459563002;26675
459596349;26676
459613023;26677
459629697;26678
459646370;26679
459663044;26680
459679718;26681
459696392;26682
459713065;26683
459729739;26684
459746413;26685
459763086;26686
459779760;26687
459796434;26688
459813107;26689
459829781;26690
459846455;26691
459863128;26692
459879802;26693
459896476;26694
459913150;26695
459929823;26696
459946497;26697
459963171;26698
459979844;26699
459996518;26700
460013192;26701
460029865;26702
460046539;26703
460063213;26704
460096560;26705
460113234;26706
460129908;26707
460146581;26708
460163255;26709
460179929;26710
460196602;26711
460213276;26712
460229950;26713
460246623;26714
460263297;26715
460279971;26716
460296645;26717
460313318;26718
460329992;26719
460346666;26720
460363339;26721
460380013;26722
460396687;26723
460413360;26724
460430034;26725
460446708;26726
460463382;26727
460480055;26728
460496729;26729
460513402;26730
460530076;26731
460546750;26732
460563424;26733
460596771;26734
460613445;26735
460630118;26736
460646792;26737
460663466;26738
460680140;26739
460696813;26740
460713487;26741
460730161;26742
460746834;26743
460763508;26744
460780182;26745
460796855;26746
460813529;26747
460830203;26748
460846876;26749
460863550;26750
460880224;26751
460896898;26752
460913571;26753
460930245;26754
460946919;26755
460963592;26756
460980266;26757
460996940;26758
461013613;26759
461030287;26760
461046961;26761
461063634;26762
461096982;26763
461113656;26764
461130329;26765
461147003;26766
461163677;26767
461180350;26768
461197024;26769
461213698;26770
461230371;26771
461247045;26772
461263719;26773
461280393;26774
461297066;26775
461313740;26776
461330414;26777
461347087;26778
461363761;26779
461380435;26780
461397108;26781
461413782;26782
461430456;26783
461447129;26784
461463803;26785
461480477;26786
461497151;26787
461513824;26788
461530498;26789
461547172;26790
461563845;26791
461597193;26792
461613866;26793
461630540;26794
461647214;26795
461663888;26796
461680561;26797
461697235;26798
461713909;26799
461730582;26800
461747256;26801
461763930;26802
461780603;26803
461797277;26804
461813951;26805
461830624;26806
461847298;26807
461863972;26808
461880646;26809
461897319;26810
461913993;26811
461930667;26812
461947340;26813
461964014;26814
461980688;26815
461997361;26816
462014035;26817
462030709;26818
462047383;26819
462064056;26820
462097404;26821
462114077;26822
462130751;26823
462147425;26824
462164098;26825
462180772;26826
462197446;26827
462214120;26828
462230793;26829
462247467;26830
462264141;26831
462280814;26832
462297488;26833
462314162;26834
462330835;26835
462347509;26836
462364183;26837
462380857;26838
462397530;26839
462414204;26840
462430878;26841
462447551;26842
462464225;26843
462480899;26844
462497572;26845
462514246;26846
462530920;26847
462547593;26848
462564267;26849
462597615;26850
462614288;26851
462630962;26852
462647636;26853
462664309;26854
462680983;26855
462697657;26856
462714331;26857
462731004;26858
462747678;26859
462764352;26860
462781025;26861
462797699;26862
462814373;26863
462831046;26864
462847720;26865
462864394;26866
462881068;26867
462897741;26868
462914415;26869
462931089;26870
462947762;26871
462964436;26872
462981110;26873
462997783;26874
463014457;26875
463031131;26876
463047805;26877
463064478;26878
463097826;26879
463114499;26880
463131173;26881
463147847;26882
463164520;26883
463181194;26884
463197868;26885
463214542;26886
463231215;26887
463247889;26888
463264563;26889
463281236;26890
463297910;26891
463314584;26892
463331258;26893
463347931;26894
463364605;26895
463381279;26896
463397952;26897
463414626;26898
463431300;26899
463447974;26900
463464647;26901
463481321;26902
463497995;26903
463514668;26904
463531342;26905
463548016;26906
463564689;26907
463598037;26908
463614710;26909
463631384;26910
463648058;26911
463664732;26912
463681405;26913
463698079;26914
463714753;26915
463731426;26916
463748100;26917
463764774;26918
463781448;26919
463798121;26920
463814795;26921
463831469;26922
463848142;26923
463864816;26924
463881490;26925
463898164;26926
463914837;26927
463931511;26928
463948185;26929
463964858;26930
463981532;26931
463998206;26932
464014879;26933
464031553;26934
464048227;26935
464064901;26936
464098248;26937
464114922;26938
464131595;26939
464148269;26940
464164943;26941
464181617;26942
464198290;26943
464214964;26944
464231638;26945
464248311;26946
464264985;26947
464281659;26948
464298332;26949
464315006;26950
464331680;26951
464348354;26952
464365027;26953
464381701;26954
464398375;26955
464415048;26956
464431722;26957
464448396;26958
464465070;26959
464481743;26960
464498417;26961
464515091;26962
464531764;26963
464548438;26964
464565112;26965
464598459;26966
464615133;26967
464631807;26968
464648480;26969
464665154;26970
464681828;26971
464698502;26972
464715175;26973
464731849;26974
464748523;26975
464765196;26976
464781870;26977
464798544;26978
464815218;26979
464831891;26980
464848565;26981
464865239;26982
464881912;26983
464898586;26984
464915260;26985
464931934;26986
464948607;26987
464965281;26988
464981955;26989
464998628;26990
465015302;26991
465031976;26992
465048650;26993
465065323;26994
465098671;26995
465115344;26996
465132018;26997
465148692;26998
465165365;26999
465182039;27000
465198713;27001
465215387;27002
465232060;27003
465248734;27004
465265408;27005
465282082;27006
465298755;27007
465315429;27008
465332103;27009
465348776;27010
465365450;27011
465382124;27012
465398798;27013
465415471;27014
465432145;27015
465448819;27016
465465492;27017
465482166;27018
465498840;27019
465515514;27020
465532187;27021
465548861;27022
465565535;27023
465598882;27024
465615556;27025
465632230;27026
465648903;27027
465665577;27028
465682251;27029
465698924;27030
465715598;27031
465732272;27032
465748946;27033
465765619;27034
465782293;27035
465798967;27036
465815641;27037
465832314;27038
465848988;27039
465865662;27040
465882335;27041
465899009;27042
465915683;27043
465932357;27044
465949030;27045
465965704;27046
465982378;27047
465999051;27048
466015725;27049
466032399;27050
466049073;27051
466065746;27052
466099094;27053
466115767;27054
466132441;27055
466149115;27056
466165789;27057
466182462;27058
466199136;27059
466215810;27060
466232484;27061
466249157;27062
466265831;27063
466282505;27064
466299178;27065
466315852;27066
466332526;27067
466349200;27068
466365873;27069
466382547;27070
466399221;27071
466415894;27072
466432568;27073
466449242;27074
466465916;27075
466482589;27076
466499263;27077
466515937;27078
466532611;27079
466549284;27080
466565958;27081
466599305;27082
466615979;27083
466632653;27084
466649327;27085
466666000;27086
466682674;27087
466699348;27088
466716022;27089
466732695;27090
466749369;27091
466766043;27092
466782716;27093
466799390;27094
466816064;27095
466832738;27096
466849411;27097
466866085;27098
466882759;27099
466899433;27100
466916106;27101
466932780;27102
466949454;27103
466966127;27104
466982801;27105
466999475;27106
467016149;27107
467032822;27108
467049496;27109
467066170;27110
467099517;27111
467116191;27112
467132865;27113
467149538;27114
467166212;27115
467182886;27116
467199560;27117
467216233;27118
467232907;27119
467249581;27120
467266255;27121
467282928;27122
467299602;27123
467316276;27124
467332949;27125
467349623;27126
467366297;27127
467382971;27128
467399644;27129
467416318;27130
467432992;27131
467449666;27132
467466339;27133
467483013;27134
467499687;27135
467516361;27136
467533034;27137
467549708;27138
467566382;27139
467599729;27140
467616403;27141
467633077;27142
467649750;27143
467666424;27144
467683098;27145
467699772;27146
467716445;27147
467733119;27148
467749793;27149
467766467;27150
467783140;27151
467799814;27152
467816488;27153
467833161;27154
467849835;27155
467866509;27156
467883183;27157
467899856;27158
467916530;27159
467933204;27160
467949878;27161
467966551;27162
467983225;27163
467999899;27164
468016573;27165
468033246;27166
468049920;27167
468066594;27168
468099941;27169
468116615;27170
468133289;27171
468149962;27172
468166636;27173
468183310;27174
468199984;27175
468216657;27176
468233331;27177
468250005;27178
468266679;27179
468283352;27180
468300026;27181
468316700;27182
468333374;27183
468350047;27184
468366721;27185
468383395;27186
468400068;27187
468416742;27188
468433416;27189
468450090;27190
468466763;27191
468483437;27192
468500111;27193
468516785;27194
468533458;27195
468550132;27196
468566806;27197
468600153;27198
468616827;27199
468633501;27200
468650175;27201
468666848;27202
468683522;27203
468700196;27204
468716870;27205
468733543;27206
468750217;27207
468766891;27208
468783565;27209
468800238;27210
468816912;27211
468833586;27212
468850260;27213
468866933;27214
468883607;27215
468900281;27216
468916954;27217
468933628;27218
468950302;27219
468966976;27220
468983649;27221
469000323;27222
469016997;27223
469033671;27224
469050344;27225
469067018;27226
469100366;27227
469117039;27228
469133713;27229
469150387;27230
469167061;27231
469183734;27232
469200408;27233
469217082;27234
469233756;27235
469250429;27236
469267103;27237
469283777;27238
469300451;27239
469317124;27240
469333798;27241
469350472;27242
469367146;27243
469383819;27244
469400493;27245
469417167;27246
469433841;27247
469450514;27248
469467188;27249
469483862;27250
469500536;27251
469517209;27252
469533883;27253
469550557;27254
469567231;27255
469600578;27256
469617252;27257
469633925;27258
469650599;27259
469667273;27260
469683947;27261
469700620;27262
469717294;27263
469733968;27264
469750642;27265
469767315;27266
469783989;27267
469800663;27268
469817337;27269
469834010;27270
469850684;27271
469867358;27272
469884032;27273
469900706;27274
469917379;27275
469934053;27276
469950727;27277
469967400;27278
469984074;27279
470000748;27280
470017422;27281
470034095;27282
470050769;27283
470067443;27284
470100790;27285
470117464;27286
470134138;27287
470150812;27288
470167486;27289
470184159;27290
470200833;27291
470217507;27292
470234181;27293
470250854;27294
470267528;27295
470284202;27296
470300876;27297
470317549;27298
470334223;27299
470350897;27300
470367571;27301
470384244;27302
470400918;27303
470417592;27304
470434266;27305
470450939;27306
470467613;27307
470484287;27308
470500961;27309
470517634;27310
470534308;27311
470550982;27312
470567656;27313
470601003;27314
470617677;27315
470634351;27316
470651024;27317
470667698;27318
470684372;27319
470701046;27320
470717719;27321
470734393;27322
470751067;27323
470767741;27324
470784414;27325
470801088;27326
470817762;27327
470834436;27328
470851110;27329
470867783;27330
470884457;27331
470901131;27332
470917805;27333
470934478;27334
470951152;27335
470967826;27336
470984499;27337
471001173;27338
471017847;27339
471034521;27340
471051195;27341
471067868;27342
471101216;27343
471117890;27344
471134563;27345
471151237;27346
471167911;27347
471184585;27348
471201258;27349
471217932;27350
471234606;27351
471251280;27352
471267953;27353
471284627;27354
471301301;27355
471317975;27356
471334649;27357
471351322;27358
471367996;27359
471384670;27360
471401344;27361
471418017;27362
471434691;27363
471451365;27364
471468039;27365
471484712;27366
471501386;27367
471518060;27368
471534734;27369
471551407;27370
471568081;27371
471601429;27372
471618102;27373
471634776;27374
471651450;27375
471668124;27376
471684797;27377
471701471;27378
471718145;27379
471734819;27380
471751493;27381
471768166;27382
471784840;27383
471801514;27384
471818188;27385
471834861;27386
471851535;27387
471868209;27388
471884883;27389
471901556;27390
471918230;27391
471934904;27392
471951578;27393
471968252;27394
471984925;27395
472001599;27396
472018273;27397
472034947;27398
472051620;27399
472068294;27400
472084968;27401
472118315;27402
472134989;27403
472151663;27404
472168337;27405
472185011;27406
472201684;27407
472218358;27408
472235032;27409
472251706;27410
472268379;27411
472285053;27412
472301727;27413
472318401;27414
472335074;27415
472351748;27416
472368422;27417
472385096;27418
472401770;27419
472418443;27420
472435117;27421
472451791;27422
472468465;27423
472485138;27424
472501812;27425
472518486;27426
472535160;27427
472551834;27428
472568507;27429
472585181;27430
472618529;27431
472635202;27432
472651876;27433
472668550;27434
472685224;27435
472701897;27436
472718571;27437
472735245;27438
472751919;27439
472768593;27440
472785266;27441
472801940;27442
472818614;27443
472835288;27444
472851961;27445
472868635;27446
472885309;27447
472901983;27448
472918657;27449
472935330;27450
472952004;27451
472968678;27452
472985352;27453
473002025;27454
473018699;27455
473035373;27456
473052047;27457
473068720;27458
473085394;27459
473118742;27460
473135416;27461
473152089;27462
473168763;27463
473185437;27464
473202111;27465
473218784;27466
473235458;27467
473252132;27468
473268806;27469
473285480;27470
473302153;27471
473318827;27472
473335501;27473
473352175;27474
473368849;27475
473385522;27476
473402196;27477
473418870;27478
473435544;27479
473452217;27480
473468891;27481
473485565;27482
473502239;27483
473518913;27484
473535586;27485
473552260;27486
473568934;27487
473585608;27488
473618955;27489
473635629;27490
473652303;27491
473668977;27492
473685650;27493
473702324;27494
473718998;27495
473735672;27496
473752345;27497
473769019;27498
473785693;27499
473802367;27500
473819041;27501
473835714;27502
473852388;27503
473869062;27504
473885736;27505
473902410;27506
473919083;27507
473935757;27508
473952431;27509
473969105;27510
473985778;27511
474002452;27512
474019126;27513
474035800;27514
474052474;27515
474069147;27516
474085821;27517
474119169;27518
474135842;27519
474152516;27520
474169190;27521
474185864;27522
474202538;27523
474219211;27524
474235885;27525
474252559;27526
474269233;27527
474285907;27528
474302580;27529
474319254;27530
474335928;27531
474352602;27532
474369276;27533
474385949;27534
474402623;27535
474419297;27536
474435971;27537
474452645;27538
474469318;27539
474485992;27540
474502666;27541
474519340;27542
474536013;27543
474552687;27544
474569361;27545
474586035;27546
474619382;27547
474636056;27548
474652730;27549
474669404;27550
474686078;27551
474702751;27552
474719425;27553
474736099;27554
474752773;27555
474769447;27556
474786120;27557
474802794;27558
474819468;27559
474836142;27560
474852816;27561
474869489;27562
474886163;27563
474902837;27564
474919511;27565
474936184;27566
474952858;27567
474969532;27568
474986206;27569
475002880;27570
475019553;27571
475036227;27572
475052901;27573
475069575;27574
475086249;27575
475119596;27576
475136270;27577
475152944;27578
475169618;27579
475186291;27580
475202965;27581
475219639;27582
475236313;27583
475252987;27584
475269660;27585
475286334;27586
475303008;27587
475319682;27588
475336355;27589
475353029;27590
475369703;27591
475386377;27592
475403051;27593
475419725;27594
475436398;27595
475453072;27596
475469746;27597
475486420;27598
475503094;27599
475519767;27600
475536441;27601
475553115;27602
475569789;27603
475586463;27604
475619810;27605
475636484;27606
475653158;27607
475669832;27608
475686505;27609
475703179;27610
475719853;27611
475736527;27612
475753201;27613
475769874;27614
475786548;27615
475803222;27616
475819896;27617
475836569;27618
475853243;27619
475869917;27620
475886591;27621
475903265;27622
475919939;27623
475936612;27624
475953286;27625
475969960;27626
475986634;27627
476003308;27628
476019981;27629
476036655;27630
476053329;27631
476070003;27632
476086677;27633
476120024;27634
476136698;27635
476153372;27636
476170046;27637
476186719;27638
476203393;27639
476220067;27640
476236741;27641
476253415;27642
476270088;27643
476286762;27644
476303436;27645
476320110;27646
476336784;27647
476353457;27648
476370131;27649
476386805;27650
476403479;27651
476420153;27652
476436827;27653
476453500;27654
476470174;27655
476486848;27656
476503522;27657
476520196;27658
476536869;27659
476553543;27660
476570217;27661
476586891;27662
476620238;27663
476636912;27664
476653586;27665
476670260;27666
476686934;27667
476703607;27668
476720281;27669
476736955;27670
476753629;27671
476770303;27672
476786976;27673
476803650;27674
476820324;27675
476836998;27676
476853672;27677
476870346;27678
476887019;27679
476903693;27680
476920367;27681
476937041;27682
476953715;27683
476970388;27684
476987062;27685
477003736;27686
477020410;27687
477037084;27688
477053757;27689
477070431;27690
477087105;27691
477120453;27692
477137126;27693
477153800;27694
477170474;27695
477187148;27696
477203822;27697
477220496;27698
477237169;27699
477253843;27700
477270517;27701
477287191;27702
477303865;27703
477320538;27704
477337212;27705
477353886;27706
477370560;27707
477387234;27708
477403908;27709
477420581;27710
477437255;27711
477453929;27712
477470603;27713
477487277;27714
477503950;27715
477520624;27716
477537298;27717
477553972;27718
477570646;27719
477587320;27720
477620667;27721
477637341;27722
477654015;27723
477670689;27724
477687362;27725
477704036;27726
477720710;27727
477737384;27728
477754058;27729
477770732;27730
477787405;27731
477804079;27732
477820753;27733
477837427;27734
477854101;27735
477870774;27736
477887448;27737
477904122;27738
477920796;27739
477937470;27740
477954143;27741
477970817;27742
477987491;27743
478004165;27744
478020839;27745
478037513;27746
478054186;27747
478070860;27748
478087534;27749
478120882;27750
478137555;27751
478154229;27752
478170903;27753
478187577;27754
478204251;27755
478220925;27756
478237598;27757
478254272;27758
478270946;27759
478287620;27760
478304294;27761
478320968;27762
478337641;27763
478354315;27764
478370989;27765
478387663;27766
478404337;27767
478421011;27768
478437684;27769
478454358;27770
478471032;27771
478487706;27772
478504380;27773
478521053;27774
478537727;27775
478554401;27776
478571075;27777
478587749;27778
478621096;27779
478637770;27780
478654444;27781
478671118;27782
478687792;27783
478704466;27784
478721139;27785
478737813;27786
478754487;27787
478771161;27788
478787835;27789
478804508;27790
478821182;27791
478837856;27792
478854530;27793
478871204;27794
478887878;27795
478904552;27796
478921225;27797
478937899;27798
478954573;27799
478971247;27800
478987921;27801
479004594;27802
479021268;27803
479037942;27804
479054616;27805
479071290;27806
479087964;27807
479121311;27808
479137985;27809
479154659;27810
479171333;27811
479188006;27812
479204680;27813
479221354;27814
479238028;27815
479254702;27816
479271376;27817
479288049;27818
479304723;27819
479321397;27820
479338071;27821
479354745;27822
479371419;27823
479388093;27824
479404766;27825
479421440;27826
479438114;27827
479454788;27828
479471462;27829
479488135;27830
479504809;27831
479521483;27832
479538157;27833
479554831;27834
479571505;27835
479588178;27836
479621526;27837
479638200;27838
479654874;27839
479671548;27840
479688221;27841
479704895;27842
479721569;27843
479738243;27844
479754917;27845
479771591;27846
479788265;27847
479804938;27848
479821612;27849
479838286;27850
479854960;27851
479871634;27852
479888307;27853
479904981;27854
479921655;27855
479938329;27856
479955003;27857
479971677;27858
479988351;27859
480005024;27860
480021698;27861
480038372;27862
480055046;27863
480071720;27864
480088393;27865
480121741;27866
480138415;27867
480155089;27868
480171763;27869
480188437;27870
480205110;27871
480221784;27872
480238458;27873
480255132;27874
480271806;27875
480288480;27876
480305153;27877
480321827;27878
480338501;27879
480355175;27880
480371849;27881
480388523;27882
480405196;27883
480421870;27884
480438544;27885
480455218;27886
480471892;27887
480488566;27888
480505239;27889
480521913;27890
480538587;27891
480555261;27892
480571935;27893
480588609;27894
480621956;27895
480638630;27896
480655304;27897
480671978;27898
480688652;27899
480705326;27900
480721999;27901
480738673;27902
480755347;27903
480772021;27904
480788695;27905
480805369;27906
480822042;27907
480838716;27908
480855390;27909
480872064;27910
480888738;27911
480905412;27912
480922086;27913
480938759;27914
480955433;27915
480972107;27916
480988781;27917
481005455;27918
481022129;27919
481038802;27920
481055476;27921
481072150;27922
481088824;27923
481122171;27924
481138845;27925
481155519;27926
481172193;27927
481188867;27928
481205541;27929
481222215;27930
481238888;27931
481255562;27932
481272236;27933
481288910;27934
481305584;27935
481322258;27936
481338931;27937
481355605;27938
481372279;27939
481388953;27940
481405627;27941
481422301;27942
481438975;27943
481455648;27944
481472322;27945
481488996;27946
481505670;27947
481522344;27948
481539018;27949
481555692;27950
481572365;27951
481589039;27952
481622387;27953
481639061;27954
481655735;27955
481672408;27956
481689082;27957
481705756;27958
481722430;27959
481739104;27960
481755778;27961
481772452;27962
481789125;27963
481805799;27964
481822473;27965
481839147;27966
481855821;27967
481872495;27968
481889168;27969
481905842;27970
481922516;27971
481939190;27972
481955864;27973
481972538;27974
481989211;27975
482005885;27976
482022559;27977
482039233;27978
482055907;27979
482072581;27980
482089255;27981
482122602;27982
482139276;27983
482155950;27984
482172624;27985
482189298;27986
482205971;27987
482222645;27988
482239319;27989
482255993;27990
482272667;27991
482289341;27992
482306015;27993
482322689;27994
482339362;27995
482356036;27996
482372710;27997
482389384;27998
482406058;27999
482422732;28000
482439405;28001
482456079;28002
482472753;28003
482489427;28004
482506101;28005
482522775;28006
482539449;28007
482556122;28008
482572796;28009
482589470;28010
482622818;28011
482639492;28012
482656166;28013
482672839;28014
482689513;28015
482706187;28016
482722861;28017
482739535;28018
482756209;28019
482772882;28020
482789556;28021
482806230;28022
482822904;28023
482839578;28024
482856252;28025
482872925;28026
482889599;28027
482906273;28028
482922947;28029
482939621;28030
482956295;28031
482972969;28032
482989642;28033
483006316;28034
483022990;28035
483039664;28036
483056338;28037
483073012;28038
483089686;28039
483123033;28040
483139707;28041
483156381;28042
483173055;28043
483189729;28044
483206403;28045
483223076;28046
483239750;28047
483256424;28048
483273098;28049
483289772;28050
483306446;28051
483323119;28052
483339793;28053
483356467;28054
483373141;28055
483389815;28056
483406489;28057
483423163;28058
483439837;28059
483456510;28060
483473184;28061
483489858;28062
483506532;28063
483523206;28064
483539880;28065
483556554;28066
483573227;28067
483589901;28068
483623249;28069
483639923;28070
483656597;28071
483673270;28072
483689944;28073
483706618;28074
483723292;28075
483739966;28076
483756640;28077
483773314;28078
483789987;28079
483806661;28080
483823335;28081
483840009;28082
483856683;28083
483873357;28084
483890031;28085
483906704;28086
483923378;28087
483940052;28088
483956726;28089
483973400;28090
483990074;28091
484006748;28092
484023421;28093
484040095;28094
484056769;28095
484073443;28096
484090117;28097
484123465;28098
484140138;28099
484156812;28100
484173486;28101
484190160;28102
484206834;28103
484223508;28104
484240182;28105
484256855;28106
484273529;28107
484290203;28108
484306877;28109
484323551;28110
484340225;28111
484356899;28112
484373572;28113
484390246;28114
484406920;28115
484423594;28116
484440268;28117
484456942;28118
484473616;28119
484490289;28120
484506963;28121
484523637;28122
484540311;28123
484556985;28124
484573659;28125
484590333;28126
484623680;28127
484640354;28128
484657028;28129
484673702;28130
484690376;28131
484707050;28132
484723724;28133
484740397;28134
484757071;28135
484773745;28136
484790419;28137
484807093;28138
484823767;28139
484840441;28140
484857114;28141
484873788;28142
484890462;28143
484907136;28144
484923810;28145
484940484;28146
484957158;28147
484973831;28148
484990505;28149
485007179;28150
485023853;28151
485040527;28152
485057201;28153
485073875;28154
485090548;28155
485123896;28156
485140570;28157
485157244;28158
485173918;28159
485190592;28160
485207266;28161
485223939;28162
485240613;28163
485257287;28164
485273961;28165
485290635;28166
485307309;28167
485323983;28168
485340656;28169
485357330;28170
485374004;28171
485390678;28172
485407352;28173
485424026;28174
485440700;28175
485457373;28176
485474047;28177
485490721;28178
485507395;28179
485524069;28180
485540743;28181
485557417;28182
485574090;28183
485590764;28184
485624112;28185
485640786;28186
485657460;28187
485674134;28188
485690808;28189
485707481;28190
485724155;28191
485740829;28192
485757503;28193
485774177;28194
485790851;28195
485807525;28196
485824198;28197
485840872;28198
485857546;28199
485874220;28200
485890894;28201
485907568;28202
485924242;28203
485940915;28204
485957589;28205
485974263;28206
485990937;28207
486007611;28208
486024285;28209
486040959;28210
486057633;28211
486074306;28212
486090980;28213
486124328;28214
486141002;28215
486157676;28216
486174349;28217
486191023;28218
486207697;28219
486224371;28220
486241045;28221
486257719;28222
486274393;28223
486291067;28224
486307740;28225
486324414;28226
486341088;28227
486357762;28228
486374436;28229
486391110;28230
486407784;28231
486424457;28232
486441131;28233
486457805;28234
486474479;28235
486491153;28236
486507827;28237
486524501;28238
486541175;28239
486557848;28240
486574522;28241
486591196;28242
486624544;28243
486641218;28244
486657892;28245
486674566;28246
486691239;28247
486707913;28248
486724587;28249
486741261;28250
486757935;28251
486774609;28252
486791283;28253
486807956;28254
486824630;28255
486841304;28256
486857978;28257
486874652;28258
486891326;28259
486908000;28260
486924674;28261
486941347;28262
486958021;28263
486974695;28264
486991369;28265
487008043;28266
487024717;28267
487041391;28268
487058064;28269
487074738;28270
487091412;28271
487124760;28272
487141434;28273
487158108;28274
487174781;28275
487191455;28276
487208129;28277
487224803;28278
487241477;28279
487258151;28280
487274825;28281
487291499;28282
487308172;28283
487324846;28284
487341520;28285
487358194;28286
487374868;28287
487391542;28288
487408216;28289
487424889;28290
487441563;28291
487458237;28292
487474911;28293
487491585;28294
487508259;28295
487524933;28296
487541607;28297
487558280;28298
487574954;28299
487591628;28300
487624976;28301
487641650;28302
487658324;28303
487674998;28304
487691671;28305
487708345;28306
487725019;28307
487741693;28308
487758367;28309
487775041;28310
487791715;28311
487808389;28312
487825062;28313
487841736;28314
487858410;28315
487875084;28316
487891758;28317
487908432;28318
487925106;28319
487941779;28320
487958453;28321
487975127;28322
487991801;28323
488008475;28324
488025149;28325
488041823;28326
488058497;28327
488075170;28328
488091844;28329
488125192;28330
488141866;28331
488158540;28332
488175213;28333
488191887;28334
488208561;28335
488225235;28336
488241909;28337
488258583;28338
488275257;28339
488291931;28340
488308605;28341
488325278;28342
488341952;28343
488358626;28344
488375300;28345
488391974;28346
488408648;28347
488425322;28348
488441995;28349
488458669;28350
488475343;28351
488492017;28352
488508691;28353
488525365;28354
488542039;28355
488558713;28356
488575386;28357
488592060;28358
488625408;28359
488642082;28360
488658756;28361
488675430;28362
488692103;28363
488708777;28364
488725451;28365
488742125;28366
488758799;28367
488775473;28368
488792147;28369
488808821;28370
488825494;28371
488842168;28372
488858842;28373
488875516;28374
488892190;28375
488908864;28376
488925538;28377
488942212;28378
488958885;28379
488975559;28380
488992233;28381
489008907;28382
489025581;28383
489042255;28384
489058929;28385
489075602;28386
489092276;28387
489125624;28388
489142298;28389
489158972;28390
489175646;28391
489192320;28392
489208993;28393
489225667;28394
489242341;28395
489259015;28396
489275689;28397
489292363;28398
489309037;28399
489325711;28400
489342384;28401
489359058;28402
489375732;28403
489392406;28404
489409080;28405
489425754;28406
489442428;28407
489459101;28408
489475775;28409
489492449;28410
489509123;28411
489525797;28412
489542471;28413
489559145;28414
489575819;28415
489592492;28416
489625840;28417
489642514;28418
489659188;28419
489675862;28420
489692536;28421
489709209;28422
489725883;28423
489742557;28424
489759231;28425
489775905;28426
489792579;28427
489809253;28428
489825926;28429
489842600;28430
489859274;28431
489875948;28432
489892622;28433
489909296;28434
489925970;28435
489942644;28436
489959317;28437
489975991;28438
489992665;28439
490009339;28440
490026013;28441
490042687;28442
490059361;28443
490076035;28444
490092708;28445
490126056;28446
490142730;28447
490159404;28448
490176078;28449
490192752;28450
490209426;28451
490226099;28452
490242773;28453
490259447;28454
490276121;28455
490292795;28456
490309469;28457
490326143;28458
490342817;28459
490359490;28460
490376164;28461
490392838;28462
490409512;28463
490426186;28464
490442860;28465
490459533;28466
490476207;28467
490492881;28468
490509555;28469
490526229;28470
490542903;28471
490559577;28472
490576251;28473
490592924;28474
490626272;28475
490642946;28476
490659620;28477
490676294;28478
490692968;28479
490709641;28480
490726315;28481
490742989;28482
490759663;28483
490776337;28484
490793011;28485
490809685;28486
490826359;28487
490843032;28488
490859706;28489
490876380;28490
490893054;28491
490909728;28492
490926402;28493
490943076;28494
490959750;28495
490976423;28496
490993097;28497
491009771;28498
491026445;28499
491043119;28500
491059793;28501
491076467;28502
491093140;28503
491126488;28504
491143162;28505
491159836;28506
491176510;28507
491193184;28508
491209858;28509
491226531;28510
491243205;28511
491259879;28512
491276553;28513
491293227;28514
491309901;28515
491326575;28516
491343248;28517
491359922;28518
491376596;28519
491393270;28520
491409944;28521
491426618;28522
491443292;28523
491459966;28524
491476639;28525
491493313;28526
491509987;28527
491526661;28528
491543335;28529
491560009;28530
491576683;28531
491593356;28532
491626704;28533
491643378;28534
491660052;28535
491676726;28536
491693400;28537
491710074;28538
491726747;28539
491743421;28540
491760095;28541
491776769;28542
491793443;28543
491810117;28544
491826791;28545
491843464;28546
491860138;28547
491876812;28548
491893486;28549
491910160;28550
491926834;28551
491943508;28552
491960181;28553
491976855;28554
491993529;28555
492010203;28556
492026877;28557
492043551;28558
492060225;28559
492076899;28560
492093572;28561
492126920;28562
492143594;28563
492160268;28564
492176942;28565
492193616;28566
492210289;28567
492226963;28568
492243637;28569
492260311;28570
492276985;28571
492293659;28572
492310333;28573
492327007;28574
492343680;28575
492360354;28576
492377028;28577
492393702;28578
492410376;28579
492427050;28580
492443723;28581
492460397;28582
492477071;28583
492493745;28584
492510419;28585
492527093;28586
492543767;28587
492560441;28588
492577114;28589
492593788;28590
492627136;28591
492643810;28592
492660484;28593
492677158;28594
492693831;28595
492710505;28596
492727179;28597
492743853;28598
492760527;28599
492777201;28600
492793875;28601
492810548;28602
492827222;28603
492843896;28604
492860570;28605
492877244;28606
492893918;28607
492910592;28608
492927266;28609
492943939;28610
492960613;28611
492977287;28612
492993961;28613
493010635;28614
493027309;28615
493043982;28616
493060656;28617
493077330;28618
493094004;28619
493127352;28620
493144026;28621
493160700;28622
493177373;28623
493194047;28624
493210721;28625
493227395;28626
493244069;28627
493260743;28628
493277417;28629
493294090;28630
493310764;28631
493327438;28632
493344112;28633
493360786;28634
493377460;28635
493394134;28636
493410807;28637
493427481;28638
493444155;28639
493460829;28640
493477503;28641
493494177;28642
493510851;28643
493527524;28644
493544198;28645
493560872;28646
493577546;28647
493594220;28648
493627568;28649
493644241;28650
493660915;28651
493677589;28652
493694263;28653
493710937;28654
493727611;28655
493744285;28656
493760958;28657
493777632;28658
493794306;28659
493810980;28660
493827654;28661
493844328;28662
493861002;28663
493877675;28664
493894349;28665
493911023;28666
493927697;28667
493944371;28668
493961045;28669
493977719;28670
493994392;28671
494011066;28672
494027740;28673
494044414;28674
494061088;28675
494077762;28676
494094435;28677
494127783;28678
494144457;28679
494161131;28680
494177805;28681
494194479;28682
494211153;28683
494227826;28684
494244500;28685
494261174;28686
494277848;28687
494294522;28688
494311196;28689
494327869;28690
494344543;28691
494361217;28692
494377891;28693
494394565;28694
494411239;28695
494427913;28696
494444586;28697
494461260;28698
494477934;28699
494494608;28700
494511282;28701
494527956;28702
494544630;28703
494561303;28704
494577977;28705
494594651;28706
494627999;28707
494644673;28708
494661347;28709
494678020;28710
494694694;28711
494711368;28712
494728042;28713
494744716;28714
494761390;28715
494778064;28716
494794737;28717
494811411;28718
494828085;28719
494844759;28720
494861433;28721
494878107;28722
494894781;28723
494911454;28724
494928128;28725
494944802;28726
494961476;28727
494978150;28728
494994824;28729
495011498;28730
495028171;28731
495044845;28732
495061519;28733
495078193;28734
495094867;28735
495128214;28736
495144888;28737
495161562;28738
495178236;28739
495194910;28740
495211584;28741
495228258;28742
495244931;28743
495261605;28744
495278279;28745
495294953;28746
495311627;28747
495328301;28748
495344974;28749
495361648;28750
495378322;28751
495394996;28752
495411670;28753
495428344;28754
495445018;28755
495461691;28756
495478365;28757
495495039;28758
495511713;28759
495528387;28760
495545061;28761
495561735;28762
495578408;28763
495595082;28764
495628430;28765
495645104;28766
495661778;28767
495678451;28768
495695125;28769
495711799;28770
495728473;28771
495745147;28772
495761821;28773
495778495;28774
495795168;28775
495811842;28776
495828516;28777
495845190;28778
495861864;28779
495878538;28780
495895212;28781
495911885;28782
495928559;28783
495945233;28784
495961907;28785
495978581;28786
495995255;28787
496011928;28788
496028602;28789
496045276;28790
496061950;28791
496078624;28792
496095298;28793
496128645;28794
496145319;28795
496161993;28796
496178667;28797
496195341;28798
496212015;28799
496228688;28800
496245362;28801
496262036;28802
496278710;28803
496295384;28804
496312058;28805
496328732;28806
496345405;28807
496362079;28808
496378753;28809
496395427;28810
496412101;28811
496428775;28812
496445448;28813
496462122;28814
496478796;28815
496495470;28816
496512144;28817
496528818;28818
496545492;28819
496562165;28820
496578839;28821
496595513;28822
496628861;28823
496645535;28824
496662208;28825
496678882;28826
496695556;28827
496712230;28828
496728904;28829
496745578;28830
496762252;28831
496778925;28832
496795599;28833
496812273;28834
496828947;28835
496845621;28836
496862295;28837
496878968;28838
496895642;28839
496912316;28840
496928990;28841
496945664;28842
496962338;28843
496979011;28844
496995685;28845
497012359;28846
497029033;28847
497045707;28848
497062381;28849
497079054;28850
497095728;28851
497129076;28852
497145750;28853
497162424;28854
497179098;28855
497195771;28856
497212445;28857
497229119;28858
497245793;28859
497262467;28860
497279141;28861
497295814;28862
497312488;28863
497329162;28864
497345836;28865
497362510;28866
497379184;28867
497395857;28868
497412531;28869
497429205;28870
497445879;28871
497462553;28872
497479227;28873
497495901;28874
497512574;28875
497529248;28876
497545922;28877
497562596;28878
497579270;28879
497595944;28880
497629291;28881
497645965;28882
497662639;28883
497679313;28884
497695987;28885
497712660;28886
497729334;28887
497746008;28888
497762682;28889
497779356;28890
497796030;28891
497812703;28892
497829377;28893
497846051;28894
497862725;28895
497879399;28896
497896073;28897
497912746;28898
497929420;28899
497946094;28900
497962768;28901
497979442;28902
497996116;28903
498012790;28904
498029463;28905
498046137;28906
498062811;28907
498079485;28908
498096159;28909
498129506;28910
498146180;28911
498162854;28912
498179528;28913
498196202;28914
498212876;28915
498229549;28916
498246223;28917
498262897;28918
498279571;28919
498296245;28920
498312919;28921
498329592;28922
498346266;28923
498362940;28924
498379614;28925
498396288;28926
498412962;28927
498429635;28928
498446309;28929
498462983;28930
498479657;28931
498496331;28932
498513005;28933
498529678;28934
498546352;28935
498563026;28936
498579700;28937
498596374;28938
498629721;28939
498646395;28940
498663069;28941
498679743;28942
498696417;28943
498713090;28944
498729764;28945
498746438;28946
498763112;28947
498779786;28948
498796460;28949
498813134;28950
498829807;28951
498846481;28952
498863155;28953
498879829;28954
498896503;28955
498913177;28956
498929850;28957
498946524;28958
498963198;28959
498979872;28960
498996546;28961
499013219;28962
499029893;28963
499046567;28964
499063241;28965
499079915;28966
499096589;28967
499129936;28968
499146610;28969
499163284;28970
499179958;28971
499196632;28972
499213305;28973
499229979;28974
499246653;28975
499263327;28976
499280001;28977
499296675;28978
499313348;28979
499330022;28980
499346696;28981
499363370;28982
499380044;28983
499396718;28984
499413391;28985
499430065;28986
499446739;28987
499463413;28988
499480087;28989
499496760;28990
499513434;28991
499530108;28992
499546782;28993
499563456;28994
499580130;28995
499596803;28996
499630151;28997
499646825;28998
499663499;28999
499680173;29000
499696846;29001
499713520;29002
499730194;29003
499746868;29004
499763542;29005
499780216;29006
499796889;29007
499813563;29008
499830237;29009
499846911;29010
499863585;29011
499880258;29012
499896932;29013
499913606;29014
499930280;29015
499946954;29016
499963628;29017
499980302;29018
499996975;29019
500013649;29020
500030323;29021
500046997;29022
500063671;29023
500080344;29024
500097018;29025
500130366;29026
500147040;29027
500163714;29028
500180387;29029
500197061;29030
500213735;29031
500230409;29032
500247083;29033
500263756;29034
500280430;29035
500297104;29036
500313778;29037
500330452;29038
500347126;29039
500363799;29040
500380473;29041
500397147;29042
500413821;29043
500430495;29044
500447169;29045
500463842;29046
500480516;29047
500497190;29048
500513864;29049
500530538;29050
500547211;29051
500563885;29052
500580559;29053
500597233;29054
500630580;29055
500647254;29056
500663928;29057
500680602;29058
500697276;29059
500713950;29060
500730623;29061
500747297;29062
500763971;29063
500780645;29064
500797319;29065
500813993;29066
500830666;29067
500847340;29068
500864014;29069
500880688;29070
500897362;29071
500914035;29072
500930709;29073
500947383;29074
500964057;29075
500980731;29076
500997405;29077
501014078;29078
501030752;29079
501047426;29080
501064100;29081
501080774;29082
501097448;29083
501130795;29084
501147469;29085
501164143;29086
501180816;29087
501197490;29088
501214164;29089
501230838;29090
501247512;29091
501264186;29092
501280859;29093
501297533;29094
501314207;29095
501330881;29096
501347555;29097
501364228;29098
501380902;29099
501397576;29100
501414250;29101
501430924;29102
501447598;29103
501464271;29104
501480945;29105
501497619;29106
501514293;29107
501530967;29108
501547640;29109
501564314;29110
501580988;29111
501597662;29112
501631009;29113
501647683;29114
501664357;29115
501681031;29116
501697705;29117
501714379;29118
501731052;29119
501747726;29120
501764400;29121
501781074;29122
501797748;29123
501814421;29124
501831095;29125
501847769;29126
501864443;29127
501881117;29128
501897790;29129
501914464;29130
501931138;29131
501947812;29132
501964486;29133
501981160;29134
501997833;29135
502014507;29136
502031181;29137
502047855;29138
502064529;29139
502081202;29140
502097876;29141
502131224;29142
502147898;29143
502164571;29144
502181245;29145
502197919;29146
502214593;29147
502231267;29148
502247940;29149
502264614;29150
502281288;29151
502297962;29152
502314636;29153
502331309;29154
502347983;29155
502364657;29156
502381331;29157
502398005;29158
502414679;29159
502431352;29160
502448026;29161
502464700;29162
502481374;29163
502498047;29164
502514721;29165
502531395;29166
502548069;29167
502564743;29168
502581417;29169
502598090;29170
502631438;29171
502648112;29172
502664786;29173
502681459;29174
502698133;29175
502714807;29176
502731481;29177
502748155;29178
502764828;29179
502781502;29180
502798176;29181
502814850;29182
502831524;29183
502848197;29184
502864871;29185
502881545;29186
502898219;29187
502914893;29188
502931566;29189
502948240;29190
502964914;29191
502981588;29192
502998262;29193
503014935;29194
503031609;29195
503048283;29196
503064957;29197
503081631;29198
503098304;29199
503131652;29200
503148326;29201
503165000;29202
503181673;29203
503198347;29204
503215021;29205
503231695;29206
503248369;29207
503265042;29208
503281716;29209
503298390;29210
503315064;29211
503331738;29212
503348411;29213
503365085;29214
503381759;29215
503398433;29216
503415107;29217
503431780;29218
503448454;29219
503465128;29220
503481802;29221
503498476;29222
503515149;29223
503531823;29224
503548497;29225
503565171;29226
503581845;29227
503598518;29228
503631866;29229
503648540;29230
503665214;29231
503681887;29232
503698561;29233
503715235;29234
503731909;29235
503748583;29236
503765256;29237
503781930;29238
503798604;29239
503815278;29240
503831952;29241
503848625;29242
503865299;29243
503881973;29244
503898647;29245
503915321;29246
503931994;29247
503948668;29248
503965342;29249
503982016;29250
503998690;29251
504015363;29252
504032037;29253
504048711;29254
504065385;29255
504082058;29256
504098732;29257
504132080;29258
504148754;29259
504165427;29260
504182101;29261
504198775;29262
504215449;29263
504232123;29264
504248796;29265
504265470;29266
504282144;29267
504298818;29268
504315492;29269
504332165;29270
504348839;29271
504365513;29272
504382187;29273
504398861;29274
504415534;29275
504432208;29276
504448882;29277
504465556;29278
504482230;29279
504498903;29280
504515577;29281
504532251;29282
504548925;29283
504565598;29284
504582272;29285
504598946;29286
504632294;29287
504648967;29288
504665641;29289
504682315;29290
504698989;29291
504715662;29292
504732336;29293
504749010;29294
504765684;29295
504782358;29296
504799031;29297
504815705;29298
504832379;29299
504849053;29300
504865727;29301
504882400;29302
504899074;29303
504915748;29304
504932422;29305
504949096;29306
504965769;29307
504982443;29308
504999117;29309
505015791;29310
-1;-1
-1;-1
-1;-1
-1;-1
-1;-1
-1;-1
-1;-1
-1;-1
-1;-1
-1;-1
-1;-1
-1;-1
-1;-1
-1;-1
-1;-1
-1;-1
-1;-1
-1;-1
-1;-1
-1;-1
-1;-1
-1;-1
-1;-1
-1;-1
-1;-1
-1;-1
-1;-1
-1;-1
-1;-1
-1;-1
-1;-1
-1;-1
-1;-1
-1;-1
-1;-1
-1;-1
-1;-1
-1;-1
-1;-1
-1;-1
-1;-1
-1;-1
-1;-1
-1;-1
-1;-1
-1;-1
-1;-1
-1;-1
-1;-1
-1;-1
-1;-1
-1;-1
-1;-1
-1;-1
-1;-1
-1;-1
-1;-1
-1;-1
-1;-1
-1;-1
-1;-1
-1;-1
-1;-1
-1;-1
-1;-1
-1;-1
-1;-1
-1;-1
-1;-1
-1;-1
-1;-1
-1;-1
-1;-1
-1;-1
-1;-1
-1;-1
-1;-1
-1;-1
-1;-1
-1;-1
-1;-1
-1;-1
-1;-1
-1;-1
-1;-1
-1;-1
-1;-1
-1;-1
-1;-1
-1;-1
-1;-1
-1;-1
-1;-1
-1;-1
-1;-1
-1;-1
-1;-1
-1;-1
-1;-1
-1;-1
-1;-1
-1;-1
-1;-1
-1;-1
-1;-1
-1;-1
-1;-1
-1;-1
-1;-1
-1;-1
-1;-1
-1;-1
-1;-1
-1;-1
-1;-1
-1;-1
-1;-1
-1;-1
-1;-1
-1;-1
-1;-1
-1;-1
-1;-1
-1;-1
-1;-1
-1;-1
-1;-1
-1;-1
-1;-1
-1;-1
-1;-1
-1;-1
-1;-1
-1;-1
-1;-1
-1;-1
-1;-1
-1;-1
-1;-1
-1;-1
-1;-1
-1;-1
-1;-1
-1;-1
-1;-1
-1;-1
-1;-1
-1;-1
-1;-1
-1;-1
-1;-1
-1;-1
-1;-1
-1;-1
-1;-1
-1;-1
-1;-1
-1;-1
-1;-1
-1;-1
-1;-1
-1;-1
-1;-1
-1;-1
-1;-1
-1;-1
-1;-1
-1;-1
-1;-1
-1;-1
-1;-1
-1;-1
-1;-1
-1;-1
-1;-1
-1;-1
-1;-1
-1;-1
-1;-1
-1;-1
-1;-1
-1;-1
-1;-1
-1;-1
-1;-1
-1;-1
-1;-1
-1;-1
-1;-1
-1;-1
-1;-1
-1;-1
-1;-1
