409374141;23765
409390815;23766
409407488;23767
409424162;23768
409440836;23769
409457509;23770
409474183;23771
409490857;23772
409507530;23773
409524204;23774
409540878;23775
409557551;23776
409574225;23777
409590899;23778
409607572;23779
409624246;23780
409640920;23781
409657593;23782
409674267;23783
409690941;23784
409707614;23785
409724288;23786
409757635;23787
409774309;23788
409790983;23789
409807656;23790
409824330;23791
409841004;23792
409857677;23793
409874351;23794
409891025;23795
409907698;23796
409924372;23797
409941046;23798
409957719;23799
409974393;23800
409991067;23801
410007740;23802
410024414;23803
410041088;23804
410057761;23805
410074435;23806
410091109;23807
410107782;23808
410124456;23809
410141130;23810
410157803;23811
410174477;23812
410191151;23813
410207824;23814
410224498;23815
410257845;23816
410274519;23817
410291193;23818
410307866;23819
410324540;23820
410341214;23821
410357888;23822
410374561;23823
410391235;23824
410407908;23825
410424582;23826
410441256;23827
410457930;23828
410474603;23829
410491277;23830
410507951;23831
410524624;23832
410541298;23833
410557972;23834
410574645;23835
410591319;23836
410607993;23837
410624666;23838
410641340;23839
410658014;23840
410674687;23841
410691361;23842
410708035;23843
410724708;23844
410758056;23845
410774729;23846
410791403;23847
410808077;23848
410824750;23849
410841424;23850
410858098;23851
410874771;23852
410891445;23853
410908119;23854
410924792;23855
410941466;23856
410958140;23857
410974813;23858
410991487;23859
411008161;23860
411024834;23861
411041508;23862
411058182;23863
411074856;23864
411091529;23865
411108203;23866
411124876;23867
411141550;23868
411158224;23869
411174898;23870
411191571;23871
411208245;23872
411224919;23873
411258266;23874
411274940;23875
411291613;23876
411308287;23877
411324961;23878
411341634;23879
411358308;23880
411374982;23881
411391655;23882
411408329;23883
411425003;23884
411441676;23885
411458350;23886
411475024;23887
411491697;23888
411508371;23889
411525045;23890
411541718;23891
411558392;23892
411575066;23893
411591740;23894
411608413;23895
411625087;23896
411641760;23897
411658434;23898
411675108;23899
411691781;23900
411708455;23901
411725129;23902
411758476;23903
411775150;23904
411791824;23905
411808497;23906
411825171;23907
411841845;23908
411858518;23909
411875192;23910
411891866;23911
411908539;23912
411925213;23913
411941887;23914
411958560;23915
411975234;23916
411991908;23917
412008581;23918
412025255;23919
412041929;23920
412058602;23921
412075276;23922
412091950;23923
412108623;23924
412125297;23925
412141971;23926
412158645;23927
412175318;23928
412191992;23929
412208666;23930
412225339;23931
412258687;23932
412275360;23933
412292034;23934
412308708;23935
412325381;23936
412342055;23937
412358729;23938
412375402;23939
412392076;23940
412408750;23941
412425423;23942
412442097;23943
412458771;23944
412475444;23945
412492118;23946
412508792;23947
412525465;23948
412542139;23949
412558813;23950
412575486;23951
412592160;23952
412608834;23953
412625508;23954
412642181;23955
412658855;23956
412675528;23957
412692202;23958
412708876;23959
412725550;23960
412758897;23961
412775571;23962
412792244;23963
412808918;23964
412825592;23965
412842265;23966
412858939;23967
412875613;23968
412892286;23969
412908960;23970
412925634;23971
412942307;23972
412958981;23973
412975655;23974
412992328;23975
413009002;23976
413025676;23977
413042349;23978
413059023;23979
413075697;23980
413092371;23981
413109044;23982
413125718;23983
413142392;23984
413159065;23985
413175739;23986
413192413;23987
413209086;23988
413225760;23989
413259107;23990
413275781;23991
413292455;23992
413309128;23993
413325802;23994
413342476;23995
413359149;23996
413375823;23997
413392497;23998
413409171;23999
413425844;24000
413442518;24001
413459192;24002
413475865;24003
413492539;24004
413509213;24005
413525886;24006
413542560;24007
413559234;24008
413575907;24009
413592581;24010
413609255;24011
413625928;24012
413642602;24013
413659276;24014
413675949;24015
413692623;24016
413709297;24017
413725971;24018
413759318;24019
413775992;24020
413792665;24021
413809339;24022
413826013;24023
413842686;24024
413859360;24025
413876034;24026
413892707;24027
413909381;24028
413926055;24029
413942728;24030
413959402;24031
413976076;24032
413992749;24033
414009423;24034
414026097;24035
414042770;24036
414059444;24037
414076118;24038
414092792;24039
414109465;24040
414126139;24041
414142813;24042
414159486;24043
414176160;24044
414192834;24045
414209507;24046
414226181;24047
414259528;24048
414276202;24049
414292876;24050
414309549;24051
414326223;24052
414342897;24053
414359571;24054
414376244;24055
414392918;24056
414409592;24057
414426265;24058
414442939;24059
414459613;24060
414476286;24061
414492960;24062
414509634;24063
414526307;24064
414542981;24065
414559655;24066
414576329;24067
414593002;24068
414609676;24069
414626350;24070
414643023;24071
414659697;24072
414676371;24073
414693044;24074
414709718;24075
414726392;24076
414759739;24077
414776413;24078
414793086;24079
414809760;24080
414826434;24081
414843107;24082
414859781;24083
414876455;24084
414893129;24085
414909802;24086
414926476;24087
414943150;24088
414959823;24089
414976497;24090
414993171;24091
415009844;24092
415026518;24093
415043192;24094
415059865;24095
415076539;24096
415093213;24097
415109886;24098
415126560;24099
415143234;24100
415159908;24101
415176581;24102
415193255;24103
415209929;24104
415226602;24105
415259950;24106
415276623;24107
415293297;24108
415309971;24109
415326644;24110
415343318;24111
415359992;24112
415376665;24113
415393339;24114
415410013;24115
415426687;24116
415443360;24117
415460034;24118
415476708;24119
415493381;24120
415510055;24121
415526729;24122
415543402;24123
415560076;24124
415576750;24125
415593423;24126
415610097;24127
415626771;24128
415643445;24129
415660118;24130
415676792;24131
415693466;24132
415710139;24133
415726813;24134
415743487;24135
415776834;24136
415793508;24137
415810181;24138
415826855;24139
415843529;24140
415860203;24141
415876876;24142
415893550;24143
415910224;24144
415926897;24145
415943571;24146
415960245;24147
415976918;24148
415993592;24149
416010266;24150
416026939;24151
416043613;24152
416060287;24153
416076960;24154
416093634;24155
416110308;24156
416126982;24157
416143655;24158
416160329;24159
416177003;24160
416193676;24161
416210350;24162
416227024;24163
416243697;24164
416277045;24165
416293718;24166
416310392;24167
416327066;24168
416343740;24169
416360413;24170
416377087;24171
416393761;24172
416410434;24173
416427108;24174
416443782;24175
416460455;24176
416477129;24177
416493803;24178
416510476;24179
416527150;24180
416543824;24181
416560498;24182
416577171;24183
416593845;24184
416610519;24185
416627192;24186
416643866;24187
416660540;24188
416677213;24189
416693887;24190
416710561;24191
416727235;24192
416743908;24193
416777256;24194
416793929;24195
416810603;24196
416827277;24197
416843950;24198
416860624;24199
416877298;24200
416893971;24201
416910645;24202
416927319;24203
416943992;24204
416960666;24205
416977340;24206
416994014;24207
417010687;24208
417027361;24209
417044035;24210
417060708;24211
417077382;24212
417094056;24213
417110729;24214
417127403;24215
417144077;24216
417160751;24217
417177424;24218
417194098;24219
417210772;24220
417227445;24221
417244119;24222
417277466;24223
417294140;24224
417310814;24225
417327487;24226
417344161;24227
417360835;24228
417377509;24229
417394182;24230
417410856;24231
417427530;24232
417444203;24233
417460877;24234
417477551;24235
417494224;24236
417510898;24237
417527572;24238
417544245;24239
417560919;24240
417577593;24241
417594267;24242
417610940;24243
417627614;24244
417644288;24245
417660961;24246
417677635;24247
417694309;24248
417710982;24249
417727656;24250
417744330;24251
417777677;24252
417794351;24253
417811025;24254
417827698;24255
417844372;24256
417861046;24257
417877719;24258
417894393;24259
417911067;24260
417927741;24261
417944414;24262
417961088;24263
417977762;24264
417994435;24265
418011109;24266
418027783;24267
418044456;24268
418061130;24269
418077804;24270
418094477;24271
418111151;24272
418127825;24273
418144499;24274
418161172;24275
418177846;24276
418194520;24277
418211193;24278
418227867;24279
418244541;24280
418277888;24281
418294562;24282
418311235;24283
418327909;24284
418344583;24285
418361257;24286
418377930;24287
418394604;24288
418411278;24289
418427951;24290
418444625;24291
418461299;24292
418477972;24293
418494646;24294
418511320;24295
418527994;24296
418544667;24297
418561341;24298
418578015;24299
418594688;24300
418611362;24301
418628036;24302
418644709;24303
418661383;24304
418678057;24305
418694731;24306
418711404;24307
418728078;24308
418744752;24309
418778099;24310
418794773;24311
418811446;24312
418828120;24313
418844794;24314
418861467;24315
418878141;24316
418894815;24317
418911489;24318
418928162;24319
418944836;24320
418961510;24321
418978183;24322
418994857;24323
419011531;24324
419028204;24325
419044878;24326
419061552;24327
419078226;24328
419094899;24329
419111573;24330
419128247;24331
419144920;24332
419161594;24333
419178268;24334
419194941;24335
419211615;24336
419228289;24337
419244962;24338
419278310;24339
419294984;24340
419311657;24341
419328331;24342
419345005;24343
419361678;24344
419378352;24345
419395026;24346
419411700;24347
419428373;24348
419445047;24349
419461721;24350
419478394;24351
419495068;24352
419511742;24353
419528415;24354
419545089;24355
419561763;24356
419578437;24357
419595110;24358
419611784;24359
419628458;24360
419645131;24361
419661805;24362
419678479;24363
419695152;24364
419711826;24365
419728500;24366
419745173;24367
419778521;24368
419795195;24369
419811868;24370
419828542;24371
419845216;24372
419861889;24373
419878563;24374
419895237;24375
419911910;24376
419928584;24377
419945258;24378
419961932;24379
419978605;24380
419995279;24381
420011953;24382
420028626;24383
420045300;24384
420061974;24385
420078648;24386
420095321;24387
420111995;24388
420128668;24389
420145342;24390
420162016;24391
420178690;24392
420195363;24393
420212037;24394
420228711;24395
420245384;24396
420278732;24397
420295406;24398
420312079;24399
420328753;24400
420345427;24401
420362100;24402
420378774;24403
420395448;24404
420412121;24405
420428795;24406
420445469;24407
420462143;24408
420478816;24409
420495490;24410
420512164;24411
420528837;24412
420545511;24413
420562185;24414
420578858;24415
420595532;24416
420612206;24417
420628880;24418
420645553;24419
420662227;24420
420678901;24421
420695574;24422
420712248;24423
420728922;24424
420745595;24425
420778943;24426
420795617;24427
420812290;24428
420828964;24429
420845638;24430
420862311;24431
420878985;24432
420895659;24433
420912332;24434
420929006;24435
420945680;24436
420962354;24437
420979027;24438
420995701;24439
421012375;24440
421029048;24441
421045722;24442
421062396;24443
421079070;24444
421095743;24445
421112417;24446
421129091;24447
421145764;24448
421162438;24449
421179112;24450
421195785;24451
421212459;24452
421229133;24453
421245806;24454
421279154;24455
421295828;24456
421312501;24457
421329175;24458
421345849;24459
421362522;24460
421379196;24461
421395870;24462
421412544;24463
421429217;24464
421445891;24465
421462565;24466
421479238;24467
421495912;24468
421512586;24469
421529259;24470
421545933;24471
421562607;24472
421579281;24473
421595954;24474
421612628;24475
421629302;24476
421645975;24477
421662649;24478
421679323;24479
421695996;24480
421712670;24481
421729344;24482
421746018;24483
421779365;24484
421796039;24485
421812712;24486
421829386;24487
421846060;24488
421862734;24489
421879407;24490
421896081;24491
421912755;24492
421929428;24493
421946102;24494
421962776;24495
421979449;24496
421996123;24497
422012797;24498
422029471;24499
422046144;24500
422062818;24501
422079492;24502
422096165;24503
422112839;24504
422129513;24505
422146186;24506
422162860;24507
422179534;24508
422196208;24509
422212881;24510
422229555;24511
422246229;24512
422279576;24513
422296250;24514
422312924;24515
422329597;24516
422346271;24517
422362945;24518
422379618;24519
422396292;24520
422412966;24521
422429639;24522
422446313;24523
422462987;24524
422479660;24525
422496334;24526
422513008;24527
422529682;24528
422546355;24529
422563029;24530
422579703;24531
422596376;24532
422613050;24533
422629724;24534
422646398;24535
422663071;24536
422679745;24537
422696419;24538
422713092;24539
422729766;24540
422746440;24541
422779787;24542
422796461;24543
422813135;24544
422829808;24545
422846482;24546
422863156;24547
422879829;24548
422896503;24549
422913177;24550
422929850;24551
422946524;24552
422963198;24553
422979872;24554
422996545;24555
423013219;24556
423029893;24557
423046566;24558
423063240;24559
423079914;24560
423096587;24561
423113261;24562
423129935;24563
423146609;24564
423163282;24565
423179956;24566
423196630;24567
423213303;24568
423229977;24569
423246651;24570
423279998;24571
423296672;24572
423313346;24573
423330019;24574
423346693;24575
423363367;24576
423380040;24577
423396714;24578
423413388;24579
423430062;24580
423446735;24581
423463409;24582
423480083;24583
423496756;24584
423513430;24585
423530104;24586
423546777;24587
423563451;24588
423580125;24589
423596799;24590
423613472;24591
423630146;24592
423646820;24593
423663493;24594
423680167;24595
423696841;24596
423713515;24597
423730188;24598
423746862;24599
423780209;24600
423796883;24601
423813557;24602
423830230;24603
423846904;24604
423863578;24605
423880252;24606
423896925;24607
423913599;24608
423930273;24609
423946946;24610
423963620;24611
423980294;24612
423996967;24613
424013641;24614
424030315;24615
424046989;24616
424063662;24617
424080336;24618
424097010;24619
424113683;24620
424130357;24621
424147031;24622
424163705;24623
424180378;24624
424197052;24625
424213726;24626
424230399;24627
424247073;24628
424280420;24629
424297094;24630
424313768;24631
424330442;24632
424347115;24633
424363789;24634
424380463;24635
424397136;24636
424413810;24637
424430484;24638
424447157;24639
424463831;24640
424480505;24641
424497179;24642
424513852;24643
424530526;24644
424547200;24645
424563873;24646
424580547;24647
424597221;24648
424613895;24649
424630568;24650
424647242;24651
424663916;24652
424680589;24653
424697263;24654
424713937;24655
424730611;24656
424747284;24657
424780632;24658
424797305;24659
424813979;24660
424830653;24661
424847326;24662
424864000;24663
424880674;24664
424897348;24665
424914021;24666
424930695;24667
424947369;24668
424964042;24669
424980716;24670
424997390;24671
425014064;24672
425030737;24673
425047411;24674
425064085;24675
425080758;24676
425097432;24677
425114106;24678
425130779;24679
425147453;24680
425164127;24681
425180801;24682
425197474;24683
425214148;24684
425230822;24685
425247495;24686
425280843;24687
425297516;24688
425314190;24689
425330864;24690
425347538;24691
425364211;24692
425380885;24693
425397559;24694
425414232;24695
425430906;24696
425447580;24697
425464253;24698
425480927;24699
425497601;24700
425514275;24701
425530948;24702
425547622;24703
425564296;24704
425580969;24705
425597643;24706
425614317;24707
425630991;24708
425647664;24709
425664338;24710
425681012;24711
425697685;24712
425714359;24713
425731033;24714
425747706;24715
425781054;24716
425797728;24717
425814401;24718
425831075;24719
425847749;24720
425864422;24721
425881096;24722
425897770;24723
425914444;24724
425931117;24725
425947791;24726
425964465;24727
425981138;24728
425997812;24729
426014486;24730
426031159;24731
426047833;24732
426064507;24733
426081181;24734
426097854;24735
426114528;24736
426131202;24737
426147875;24738
426164549;24739
426181223;24740
426197897;24741
426214570;24742
426231244;24743
426247918;24744
426281265;24745
426297939;24746
426314612;24747
426331286;24748
426347960;24749
426364634;24750
426381307;24751
426397981;24752
426414655;24753
426431328;24754
426448002;24755
426464676;24756
426481349;24757
426498023;24758
426514697;24759
426531371;24760
426548044;24761
426564718;24762
426581392;24763
426598065;24764
426614739;24765
426631413;24766
426648087;24767
426664760;24768
426681434;24769
426698108;24770
426714781;24771
426731455;24772
426748129;24773
426781476;24774
426798150;24775
426814824;24776
426831497;24777
426848171;24778
426864845;24779
426881518;24780
426898192;24781
426914866;24782
426931539;24783
426948213;24784
426964887;24785
426981561;24786
426998234;24787
427014908;24788
427031582;24789
427048255;24790
427064929;24791
427081603;24792
427098276;24793
427114950;24794
427131624;24795
427148298;24796
427164971;24797
427181645;24798
427198319;24799
427214992;24800
427231666;24801
427248340;24802
427281687;24803
427298361;24804
427315035;24805
427331708;24806
427348382;24807
427365056;24808
427381730;24809
427398403;24810
427415077;24811
427431751;24812
427448424;24813
427465098;24814
427481772;24815
427498445;24816
427515119;24817
427531793;24818
427548466;24819
427565140;24820
427581814;24821
427598488;24822
427615161;24823
427631835;24824
427648509;24825
427665182;24826
427681856;24827
427698530;24828
427715204;24829
427731877;24830
427748551;24831
427781898;24832
427798572;24833
427815246;24834
427831919;24835
427848593;24836
427865267;24837
427881941;24838
427898614;24839
427915288;24840
427931962;24841
427948635;24842
427965309;24843
427981983;24844
427998656;24845
428015330;24846
428032004;24847
428048678;24848
428065351;24849
428082025;24850
428098699;24851
428115372;24852
428132046;24853
428148720;24854
428165394;24855
428182067;24856
428198741;24857
428215415;24858
428232088;24859
428248762;24860
428282109;24861
428298783;24862
428315457;24863
428332131;24864
428348804;24865
428365478;24866
428382152;24867
428398825;24868
428415499;24869
428432173;24870
428448847;24871
428465520;24872
428482194;24873
428498868;24874
428515541;24875
428532215;24876
428548889;24877
428565562;24878
428582236;24879
428598910;24880
428615583;24881
428632257;24882
428648931;24883
428665605;24884
428682278;24885
428698952;24886
428715626;24887
428732299;24888
428748973;24889
428782321;24890
428798994;24891
428815668;24892
428832342;24893
428849015;24894
428865689;24895
428882363;24896
428899037;24897
428915710;24898
428932384;24899
428949058;24900
428965731;24901
428982405;24902
428999079;24903
429015752;24904
429032426;24905
429049100;24906
429065774;24907
429082447;24908
429099121;24909
429115795;24910
429132468;24911
429149142;24912
429165816;24913
429182489;24914
429199163;24915
429215837;24916
429232510;24917
429249184;24918
429282532;24919
429299205;24920
429315879;24921
429332553;24922
429349226;24923
429365900;24924
429382574;24925
429399247;24926
429415921;24927
429432595;24928
429449269;24929
429465942;24930
429482616;24931
429499290;24932
429515963;24933
429532637;24934
429549311;24935
429565984;24936
429582658;24937
429599332;24938
429616006;24939
429632679;24940
429649353;24941
429666027;24942
429682700;24943
429699374;24944
429716048;24945
429732722;24946
429749395;24947
429782743;24948
429799416;24949
429816090;24950
429832764;24951
429849437;24952
429866111;24953
429882785;24954
429899459;24955
429916132;24956
429932806;24957
429949480;24958
429966153;24959
429982827;24960
429999501;24961
430016174;24962
430032848;24963
430049522;24964
430066196;24965
430082869;24966
430099543;24967
430116217;24968
430132890;24969
430149564;24970
430166238;24971
430182912;24972
430199585;24973
430216259;24974
430232933;24975
430249606;24976
430282954;24977
430299627;24978
430316301;24979
430332975;24980
430349649;24981
430366322;24982
430382996;24983
430399670;24984
430416343;24985
430433017;24986
430449691;24987
430466364;24988
430483038;24989
430499712;24990
430516386;24991
430533059;24992
430549733;24993
430566407;24994
430583080;24995
430599754;24996
430616428;24997
430633101;24998
430649775;24999
430666449;25000
430683123;25001
430699796;25002
430716470;25003
430733144;25004
430749817;25005
430783165;25006
430799838;25007
430816512;25008
430833186;25009
430849860;25010
430866533;25011
430883207;25012
430899881;25013
430916554;25014
430933228;25015
430949902;25016
430966575;25017
430983249;25018
430999923;25019
431016597;25020
431033270;25021
431049944;25022
431066618;25023
431083291;25024
431099965;25025
431116639;25026
431133312;25027
431149986;25028
431166660;25029
431183334;25030
431200007;25031
431216681;25032
431233355;25033
431250028;25034
431283376;25035
431300049;25036
431316723;25037
431333397;25038
431350071;25039
431366744;25040
431383418;25041
431400092;25042
431416765;25043
431433439;25044
431450113;25045
431466786;25046
431483460;25047
431500134;25048
431516808;25049
431533481;25050
431550155;25051
431566829;25052
431583502;25053
431600176;25054
431616850;25055
431633523;25056
431650197;25057
431666871;25058
431683545;25059
431700218;25060
431716892;25061
431733566;25062
431750239;25063
431783587;25064
431800260;25065
431816934;25066
431833608;25067
431850282;25068
431866955;25069
431883629;25070
431900303;25071
431916976;25072
431933650;25073
431950324;25074
431966997;25075
431983671;25076
432000345;25077
432017019;25078
432033692;25079
432050366;25080
432067040;25081
432083713;25082
432100387;25083
432117061;25084
432133734;25085
432150408;25086
432167082;25087
432183755;25088
432200429;25089
432217103;25090
432233777;25091
432250450;25092
432283798;25093
432300471;25094
432317145;25095
432333819;25096
432350492;25097
432367166;25098
432383840;25099
432400514;25100
432417187;25101
432433861;25102
432450535;25103
432467208;25104
432483882;25105
432500556;25106
432517229;25107
432533903;25108
432550577;25109
432567250;25110
432583924;25111
432600598;25112
432617272;25113
432633945;25114
432650619;25115
432667293;25116
432683966;25117
432700640;25118
432717314;25119
432733988;25120
432750661;25121
432784009;25122
432800682;25123
432817356;25124
432834030;25125
432850703;25126
432867377;25127
432884051;25128
432900725;25129
432917398;25130
432934072;25131
432950746;25132
432967419;25133
432984093;25134
433000767;25135
433017440;25136
433034114;25137
433050788;25138
433067461;25139
433084135;25140
433100809;25141
433117482;25142
433134156;25143
433150830;25144
433167504;25145
433184177;25146
433200851;25147
433217525;25148
433234198;25149
433250872;25150
433284219;25151
433300893;25152
433317567;25153
433334241;25154
433350914;25155
433367588;25156
433384262;25157
433400935;25158
433417609;25159
433434283;25160
433450956;25161
433467630;25162
433484304;25163
433500978;25164
433517651;25165
433534325;25166
433550999;25167
433567672;25168
433584346;25169
433601020;25170
433617693;25171
433634367;25172
433651041;25173
433667714;25174
433684388;25175
433701062;25176
433717736;25177
433734409;25178
433751083;25179
433784430;25180
433801104;25181
433817778;25182
433834451;25183
433851125;25184
433867799;25185
433884472;25186
433901146;25187
433917820;25188
433934494;25189
433951167;25190
433967841;25191
433984515;25192
434001188;25193
434017862;25194
434034536;25195
434051209;25196
434067883;25197
434084557;25198
434101231;25199
434117904;25200
434134578;25201
434151252;25202
434167925;25203
434184599;25204
434201273;25205
434217946;25206
434234620;25207
434251294;25208
434284641;25209
434301315;25210
434317989;25211
434334662;25212
434351336;25213
434368010;25214
434384683;25215
434401357;25216
434418031;25217
434434704;25218
434451378;25219
434468052;25220
434484726;25221
434501399;25222
434518073;25223
434534747;25224
434551420;25225
434568094;25226
434584768;25227
434601441;25228
434618115;25229
434634789;25230
434651462;25231
434668136;25232
434684810;25233
434701483;25234
434718157;25235
434734831;25236
434751505;25237
434784852;25238
434801526;25239
434818199;25240
434834873;25241
434851547;25242
434868220;25243
434884894;25244
434901568;25245
434918241;25246
434934915;25247
434951589;25248
434968263;25249
434984936;25250
435001610;25251
435018284;25252
435034957;25253
435051631;25254
435068305;25255
435084978;25256
435101652;25257
435118326;25258
435134999;25259
435151673;25260
435168347;25261
435185021;25262
435201694;25263
435218368;25264
435235042;25265
435251715;25266
435285063;25267
435301736;25268
435318410;25269
435335084;25270
435351758;25271
435368431;25272
435385105;25273
435401779;25274
435418452;25275
435435126;25276
435451800;25277
435468473;25278
435485147;25279
435501821;25280
435518494;25281
435535168;25282
435551842;25283
435568515;25284
435585189;25285
435601863;25286
435618537;25287
435635210;25288
435651884;25289
435668558;25290
435685231;25291
435701905;25292
435718579;25293
435735252;25294
435751926;25295
435785273;25296
435801947;25297
435818621;25298
435835295;25299
435851968;25300
435868642;25301
435885316;25302
435901989;25303
435918663;25304
435935337;25305
435952010;25306
435968684;25307
435985358;25308
436002031;25309
436018705;25310
436035379;25311
436052053;25312
436068726;25313
436085400;25314
436102074;25315
436118747;25316
436135421;25317
436152095;25318
436168768;25319
436185442;25320
436202116;25321
436218789;25322
436235463;25323
436252137;25324
436285484;25325
436302158;25326
436318832;25327
436335505;25328
436352179;25329
436368853;25330
436385526;25331
436402200;25332
436418874;25333
436435547;25334
436452221;25335
436468895;25336
436485568;25337
436502242;25338
436518916;25339
436535589;25340
436552263;25341
436568937;25342
436585611;25343
436602284;25344
436618958;25345
436635632;25346
436652305;25347
436668979;25348
436685653;25349
436702326;25350
436719000;25351
436735674;25352
436752347;25353
436785695;25354
436802368;25355
436819042;25356
436835716;25357
436852390;25358
436869063;25359
436885737;25360
436902411;25361
436919084;25362
436935758;25363
436952432;25364
436969105;25365
436985779;25366
437002453;25367
437019126;25368
437035800;25369
437052474;25370
437069148;25371
437085821;25372
437102495;25373
437119169;25374
437135842;25375
437152516;25376
437169190;25377
437185863;25378
437202537;25379
437219211;25380
437235884;25381
437252558;25382
437285905;25383
437302579;25384
437319253;25385
437335927;25386
437352600;25387
437369274;25388
437385948;25389
437402621;25390
437419295;25391
437435969;25392
437452642;25393
437469316;25394
437485990;25395
437502663;25396
437519337;25397
437536011;25398
437552684;25399
437569358;25400
437586032;25401
437602706;25402
437619379;25403
437636053;25404
437652727;25405
437669400;25406
437686074;25407
437702748;25408
437719421;25409
437736095;25410
437752769;25411
437786116;25412
437802790;25413
437819463;25414
437836137;25415
437852811;25416
437869484;25417
437886158;25418
437902832;25419
437919505;25420
437936179;25421
437952853;25422
437969527;25423
437986200;25424
438002874;25425
438019548;25426
438036221;25427
438052895;25428
438069569;25429
438086242;25430
438102916;25431
438119590;25432
438136263;25433
438152937;25434
438169611;25435
438186284;25436
438202958;25437
438219632;25438
438236306;25439
438252979;25440
438286327;25441
438303000;25442
438319674;25443
438336348;25444
438353021;25445
438369695;25446
438386369;25447
438403042;25448
438419716;25449
438436390;25450
438453063;25451
438469737;25452
438486411;25453
438503084;25454
438519758;25455
438536432;25456
438553106;25457
438569779;25458
438586453;25459
438603126;25460
438619800;25461
438636474;25462
438653148;25463
438669821;25464
438686495;25465
438703169;25466
438719842;25467
438736516;25468
438753190;25469
438786537;25470
438803211;25471
438819884;25472
438836558;25473
438853232;25474
438869905;25475
438886579;25476
438903253;25477
438919927;25478
438936600;25479
438953274;25480
438969948;25481
438986621;25482
439003295;25483
439019969;25484
439036642;25485
439053316;25486
439069990;25487
439086663;25488
439103337;25489
439120011;25490
439136684;25491
439153358;25492
439170032;25493
439186705;25494
439203379;25495
439220053;25496
439236726;25497
439253400;25498
439286748;25499
439303421;25500
439320095;25501
439336769;25502
439353442;25503
439370116;25504
439386790;25505
439403463;25506
439420137;25507
439436811;25508
439453484;25509
439470158;25510
439486832;25511
439503505;25512
439520179;25513
439536853;25514
439553526;25515
439570200;25516
439586874;25517
439603547;25518
439620221;25519
439636895;25520
439653568;25521
439670242;25522
439686916;25523
439703589;25524
439720263;25525
439736937;25526
439753611;25527
439786958;25528
439803632;25529
439820305;25530
439836979;25531
439853653;25532
439870326;25533
439887000;25534
439903674;25535
439920347;25536
439937021;25537
439953695;25538
439970368;25539
439987042;25540
440003716;25541
440020389;25542
440037063;25543
440053737;25544
440070410;25545
440087084;25546
440103758;25547
440120431;25548
440137105;25549
440153779;25550
440170453;25551
440187126;25552
440203800;25553
440220474;25554
440237147;25555
440253821;25556
440287168;25557
440303842;25558
440320516;25559
440337189;25560
440353863;25561
440370537;25562
440387210;25563
440403884;25564
440420558;25565
440437231;25566
440453905;25567
440470579;25568
440487252;25569
440503926;25570
440520600;25571
440537273;25572
440553947;25573
440570621;25574
440587295;25575
440603968;25576
440620642;25577
440637316;25578
440653989;25579
440670663;25580
440687337;25581
440704010;25582
440720684;25583
440737358;25584
440754031;25585
440770705;25586
440804052;25587
440820726;25588
440837400;25589
440854073;25590
440870747;25591
440887421;25592
440904094;25593
440920768;25594
440937442;25595
440954115;25596
440970789;25597
440987463;25598
441004136;25599
441020810;25600
441037484;25601
441054157;25602
441070831;25603
441087505;25604
441104178;25605
441120852;25606
441137526;25607
441154200;25608
441170873;25609
441187547;25610
441204220;25611
441220894;25612
441237568;25613
441254242;25614
441270915;25615
441304263;25616
441320936;25617
441337610;25618
441354284;25619
441370957;25620
441387631;25621
441404305;25622
441420978;25623
441437652;25624
441454326;25625
441470999;25626
441487673;25627
441504347;25628
441521020;25629
441537694;25630
441554368;25631
441571041;25632
441587715;25633
441604389;25634
441621062;25635
441637736;25636
441654410;25637
441671083;25638
441687757;25639
441704431;25640
441721104;25641
441737778;25642
441754452;25643
441771125;25644
441804473;25645
441821147;25646
441837820;25647
441854494;25648
441871168;25649
441887841;25650
441904515;25651
441921189;25652
441937862;25653
441954536;25654
441971209;25655
441987883;25656
442004557;25657
442021231;25658
442037904;25659
442054578;25660
442071252;25661
442087925;25662
442104599;25663
442121273;25664
442137946;25665
442154620;25666
442171294;25667
442187967;25668
442204641;25669
442221315;25670
442237988;25671
442254662;25672
442271336;25673
442304683;25674
442321357;25675
442338030;25676
442354704;25677
442371378;25678
442388051;25679
442404725;25680
442421399;25681
442438072;25682
442454746;25683
442471420;25684
442488093;25685
442504767;25686
442521441;25687
442538114;25688
442554788;25689
442571462;25690
442588135;25691
442604809;25692
442621483;25693
442638156;25694
442654830;25695
442671504;25696
442688177;25697
442704851;25698
442721525;25699
442738198;25700
442754872;25701
442771546;25702
442804893;25703
442821567;25704
442838240;25705
442854914;25706
442871588;25707
442888261;25708
442904935;25709
442921609;25710
442938282;25711
442954956;25712
442971630;25713
442988303;25714
443004977;25715
443021651;25716
443038324;25717
443054998;25718
443071672;25719
443088345;25720
443105019;25721
443121693;25722
443138366;25723
443155040;25724
443171714;25725
443188387;25726
443205061;25727
443221735;25728
443238408;25729
443255082;25730
443271756;25731
443305103;25732
443321777;25733
443338450;25734
443355124;25735
443371798;25736
443388471;25737
443405145;25738
443421819;25739
443438492;25740
443455166;25741
443471840;25742
443488513;25743
443505187;25744
443521861;25745
443538534;25746
443555208;25747
443571882;25748
443588555;25749
443605229;25750
443621903;25751
443638576;25752
443655250;25753
443671924;25754
443688597;25755
443705271;25756
443721945;25757
443738618;25758
443755292;25759
443771966;25760
443805313;25761
443821987;25762
443838660;25763
443855334;25764
443872008;25765
443888681;25766
443905355;25767
443922029;25768
443938702;25769
443955376;25770
443972050;25771
443988723;25772
444005397;25773
444022071;25774
444038744;25775
444055418;25776
444072092;25777
444088765;25778
444105439;25779
444122113;25780
444138786;25781
444155460;25782
444172134;25783
444188807;25784
444205481;25785
444222155;25786
444238828;25787
444255502;25788
444272176;25789
444305523;25790
444322197;25791
444338870;25792
444355544;25793
444372218;25794
444388891;25795
444405565;25796
444422239;25797
444438912;25798
444455586;25799
444472260;25800
444488933;25801
444505607;25802
444522281;25803
444538954;25804
444555628;25805
444572302;25806
444588975;25807
444605649;25808
444622323;25809
444638996;25810
444655670;25811
444672344;25812
444689017;25813
444705691;25814
444722365;25815
444739038;25816
444755712;25817
444772386;25818
444805733;25819
444822407;25820
444839080;25821
444855754;25822
444872428;25823
444889101;25824
444905775;25825
444922449;25826
444939122;25827
444955796;25828
444972470;25829
444989143;25830
445005817;25831
445022491;25832
445039164;25833
445055838;25834
445072512;25835
445089185;25836
445105859;25837
445122533;25838
445139206;25839
445155880;25840
445172554;25841
445189227;25842
445205901;25843
445222574;25844
445239248;25845
445255922;25846
445272595;25847
445305943;25848
445322616;25849
445339290;25850
445355964;25851
445372637;25852
445389311;25853
445405985;25854
445422658;25855
445439332;25856
445456006;25857
445472679;25858
445489353;25859
445506027;25860
445522700;25861
445539374;25862
445556048;25863
445572721;25864
445589395;25865
445606069;25866
445622742;25867
445639416;25868
445656090;25869
445672763;25870
445689437;25871
445706111;25872
445722784;25873
445739458;25874
445756132;25875
445772805;25876
445806153;25877
445822826;25878
445839500;25879
445856174;25880
445872847;25881
445889521;25882
445906195;25883
445922868;25884
445939542;25885
445956216;25886
445972889;25887
445989563;25888
446006237;25889
446022910;25890
446039584;25891
446056258;25892
446072931;25893
446089605;25894
446106279;25895
446122952;25896
446139626;25897
446156300;25898
446172973;25899
446189647;25900
446206321;25901
446222994;25902
446239668;25903
446256341;25904
446273015;25905
446306363;25906
446323036;25907
446339710;25908
446356384;25909
446373057;25910
446389731;25911
446406404;25912
446423078;25913
446439752;25914
446456425;25915
446473099;25916
446489773;25917
446506446;25918
446523120;25919
446539794;25920
446556467;25921
446573141;25922
446589815;25923
446606488;25924
446623162;25925
446639836;25926
446656509;25927
446673183;25928
446689857;25929
446706530;25930
446723204;25931
446739878;25932
446756551;25933
446773225;25934
446806572;25935
446823246;25936
446839920;25937
446856593;25938
446873267;25939
446889941;25940
446906614;25941
446923288;25942
446939962;25943
446956635;25944
446973309;25945
446989983;25946
447006656;25947
447023330;25948
447040004;25949
447056677;25950
447073351;25951
447090025;25952
447106698;25953
447123372;25954
447140045;25955
447156719;25956
447173393;25957
447190067;25958
447206740;25959
447223414;25960
447240087;25961
447256761;25962
447273435;25963
447306782;25964
447323456;25965
447340129;25966
447356803;25967
447373477;25968
447390150;25969
447406824;25970
447423498;25971
447440171;25972
447456845;25973
447473519;25974
447490192;25975
447506866;25976
447523540;25977
447540213;25978
447556887;25979
447573561;25980
447590234;25981
447606908;25982
447623582;25983
447640255;25984
447656929;25985
447673603;25986
447690276;25987
447706950;25988
447723624;25989
447740297;25990
447756971;25991
447773645;25992
447806992;25993
447823665;25994
447840339;25995
447857013;25996
447873686;25997
447890360;25998
447907034;25999
447923707;26000
447940381;26001
447957055;26002
447973728;26003
447990402;26004
448007076;26005
448023749;26006
448040423;26007
448057097;26008
448073770;26009
448090444;26010
448107118;26011
448123791;26012
448140465;26013
448157139;26014
448173812;26015
448190486;26016
448207160;26017
448223833;26018
448240507;26019
448257181;26020
448273854;26021
448307202;26022
448323875;26023
448340549;26024
448357223;26025
448373896;26026
448390570;26027
448407243;26028
448423917;26029
448440591;26030
448457264;26031
448473938;26032
448490612;26033
448507285;26034
448523959;26035
448540633;26036
448557306;26037
448573980;26038
448590654;26039
448607327;26040
448624001;26041
448640675;26042
448657348;26043
448674022;26044
448690696;26045
448707369;26046
448724043;26047
448740717;26048
448757390;26049
448774064;26050
448807411;26051
448824085;26052
448840759;26053
448857432;26054
448874106;26055
448890779;26056
448907453;26057
448924127;26058
448940801;26059
448957474;26060
448974148;26061
448990821;26062
449007495;26063
449024169;26064
449040842;26065
449057516;26066
449074190;26067
449090863;26068
449107537;26069
449124211;26070
449140884;26071
449157558;26072
449174232;26073
449190905;26074
449207579;26075
449224253;26076
449240926;26077
449257600;26078
449274274;26079
449307621;26080
449324295;26081
449340968;26082
449357642;26083
449374315;26084
449390989;26085
449407663;26086
449424337;26087
449441010;26088
449457684;26089
449474357;26090
449491031;26091
449507705;26092
449524378;26093
449541052;26094
449557726;26095
449574399;26096
449591073;26097
449607747;26098
449624420;26099
449641094;26100
449657768;26101
449674441;26102
449691115;26103
449707789;26104
449724462;26105
449741136;26106
449757810;26107
449774483;26108
449807831;26109
449824504;26110
449841178;26111
449857852;26112
449874525;26113
449891199;26114
449907873;26115
449924546;26116
449941220;26117
449957893;26118
449974567;26119
449991241;26120
450007914;26121
450024588;26122
450041262;26123
450057935;26124
450074609;26125
450091283;26126
450107956;26127
450124630;26128
450141304;26129
450157977;26130
450174651;26131
450191325;26132
450207998;26133
450224672;26134
450241346;26135
450258019;26136
450274693;26137
450308040;26138
450324714;26139
450341387;26140
450358061;26141
450374735;26142
450391408;26143
450408082;26144
450424756;26145
450441429;26146
450458103;26147
450474777;26148
450491450;26149
450508124;26150
450524798;26151
450541471;26152
450558145;26153
450574819;26154
450591492;26155
450608166;26156
450624840;26157
450641513;26158
450658187;26159
450674861;26160
450691534;26161
450708208;26162
450724881;26163
450741555;26164
450758229;26165
450774902;26166
450808250;26167
450824923;26168
450841597;26169
450858271;26170
450874944;26171
450891618;26172
450908292;26173
450924965;26174
450941639;26175
450958313;26176
450974986;26177
450991660;26178
451008334;26179
451025007;26180
451041681;26181
451058355;26182
451075028;26183
451091702;26184
451108376;26185
451125049;26186
451141723;26187
451158396;26188
451175070;26189
451191744;26190
451208417;26191
451225091;26192
451241765;26193
451258438;26194
451275112;26195
451308459;26196
451325133;26197
451341807;26198
451358480;26199
451375154;26200
451391828;26201
451408501;26202
451425175;26203
451441848;26204
451458522;26205
451475196;26206
451491869;26207
451508543;26208
451525217;26209
451541890;26210
451558564;26211
451575238;26212
451591911;26213
451608585;26214
451625259;26215
451641932;26216
451658606;26217
451675280;26218
451691953;26219
451708627;26220
451725301;26221
451741974;26222
451758648;26223
451775322;26224
451808669;26225
451825343;26226
451842016;26227
451858690;26228
451875364;26229
451892037;26230
451908711;26231
451925384;26232
451942058;26233
451958732;26234
451975405;26235
451992079;26236
452008753;26237
452025426;26238
452042100;26239
452058774;26240
452075447;26241
452092121;26242
452108795;26243
452125468;26244
452142142;26245
452158815;26246
452175489;26247
452192163;26248
452208837;26249
452225510;26250
452242184;26251
452258857;26252
452275531;26253
452308878;26254
452325552;26255
452342226;26256
452358899;26257
452375573;26258
452392247;26259
452408920;26260
452425594;26261
452442268;26262
452458941;26263
452475615;26264
452492288;26265
452508962;26266
452525636;26267
452542309;26268
452558983;26269
452575657;26270
452592330;26271
452609004;26272
452625678;26273
452642351;26274
452659025;26275
452675699;26276
452692372;26277
452709046;26278
452725720;26279
452742393;26280
452759067;26281
452775741;26282
452809088;26283
452825762;26284
452842435;26285
452859109;26286
452875782;26287
452892456;26288
452909130;26289
452925803;26290
452942477;26291
452959151;26292
452975824;26293
452992498;26294
453009172;26295
453025845;26296
453042519;26297
453059193;26298
453075866;26299
453092540;26300
453109214;26301
453125887;26302
453142561;26303
453159235;26304
453175908;26305
453192582;26306
453209255;26307
453225929;26308
453242603;26309
453259276;26310
453275950;26311
453309297;26312
453325971;26313
453342645;26314
453359318;26315
453375992;26316
453392666;26317
453409339;26318
453426013;26319
453442687;26320
453459360;26321
453476034;26322
453492707;26323
453509381;26324
453526055;26325
453542728;26326
453559402;26327
453576076;26328
453592749;26329
453609423;26330
453626097;26331
453642770;26332
453659444;26333
453676118;26334
453692791;26335
453709465;26336
453726139;26337
453742812;26338
453759486;26339
453776160;26340
453809507;26341
453826181;26342
453842854;26343
453859528;26344
453876201;26345
453892875;26346
453909549;26347
453926222;26348
453942896;26349
453959570;26350
453976243;26351
453992917;26352
454009591;26353
454026264;26354
454042938;26355
454059612;26356
454076285;26357
454092959;26358
454109633;26359
454126306;26360
454142980;26361
454159653;26362
454176327;26363
454193001;26364
454209674;26365
454226348;26366
454243022;26367
454259695;26368
454276369;26369
454309716;26370
454326390;26371
454343064;26372
454359737;26373
454376411;26374
454393085;26375
454409758;26376
454426432;26377
454443106;26378
454459779;26379
454476453;26380
454493126;26381
454509800;26382
454526474;26383
454543147;26384
454559821;26385
454576495;26386
454593168;26387
454609842;26388
454626516;26389
454643189;26390
454659863;26391
454676537;26392
454693210;26393
454709884;26394
454726558;26395
454743231;26396
454759905;26397
454776578;26398
454809926;26399
454826599;26400
454843273;26401
454859947;26402
454876620;26403
454893294;26404
454909968;26405
454926641;26406
454943315;26407
454959989;26408
454976662;26409
454993336;26410
455010010;26411
455026683;26412
455043357;26413
455060030;26414
455076704;26415
455093378;26416
455110052;26417
455126725;26418
455143399;26419
455160072;26420
455176746;26421
455193420;26422
455210093;26423
455226767;26424
455243441;26425
455260114;26426
455276788;26427
455310135;26428
455326809;26429
455343483;26430
455360156;26431
455376830;26432
455393503;26433
455410177;26434
455426851;26435
455443524;26436
455460198;26437
455476872;26438
455493545;26439
455510219;26440
455526893;26441
455543566;26442
455560240;26443
455576914;26444
455593587;26445
455610261;26446
455626935;26447
455643608;26448
455660282;26449
455676956;26450
455693629;26451
455710303;26452
455726976;26453
455743650;26454
455760324;26455
455776997;26456
455810345;26457
455827018;26458
455843692;26459
455860366;26460
455877039;26461
455893713;26462
455910387;26463
455927060;26464
455943734;26465
455960408;26466
455977081;26467
455993755;26468
456010428;26469
456027102;26470
456043776;26471
456060449;26472
456077123;26473
456093797;26474
456110470;26475
456127144;26476
456143818;26477
456160491;26478
456177165;26479
456193839;26480
456210512;26481
456227186;26482
456243860;26483
456260533;26484
456277207;26485
456310554;26486
456327228;26487
456343902;26488
456360575;26489
456377249;26490
456393923;26491
456410596;26492
456427270;26493
456443943;26494
456460617;26495
456477291;26496
456493964;26497
456510638;26498
456527312;26499
456543985;26500
456560659;26501
456577333;26502
456594006;26503
456610680;26504
456627354;26505
456644027;26506
456660701;26507
456677375;26508
456694048;26509
456710722;26510
456727395;26511
456744069;26512
456760743;26513
456777416;26514
456810764;26515
456827437;26516
456844111;26517
456860785;26518
456877458;26519
456894132;26520
456910806;26521
456927479;26522
456944153;26523
456960827;26524
456977500;26525
456994174;26526
457010848;26527
457027521;26528
457044195;26529
457060868;26530
457077542;26531
457094216;26532
457110889;26533
457127563;26534
457144237;26535
457160910;26536
457177584;26537
457194258;26538
457210931;26539
457227605;26540
457244279;26541
457260952;26542
457277626;26543
457310973;26544
457327647;26545
457344320;26546
457360994;26547
457377668;26548
457394341;26549
457411015;26550
457427689;26551
457444362;26552
457461036;26553
457477710;26554
457494383;26555
457511057;26556
457527731;26557
457544404;26558
457561078;26559
457577751;26560
457594425;26561
457611099;26562
457627772;26563
457644446;26564
457661120;26565
457677793;26566
457694467;26567
457711141;26568
457727814;26569
457744488;26570
457761162;26571
457777835;26572
457811183;26573
457827856;26574
457844530;26575
457861204;26576
457877877;26577
457894551;26578
457911225;26579
457927898;26580
457944572;26581
457961245;26582
457977919;26583
457994593;26584
458011266;26585
458027940;26586
458044614;26587
458061287;26588
458077961;26589
458094635;26590
458111308;26591
458127982;26592
458144656;26593
458161329;26594
458178003;26595
458194677;26596
458211350;26597
458228024;26598
458244697;26599
458261371;26600
458278045;26601
458311392;26602
458328066;26603
458344739;26604
458361413;26605
458378087;26606
458394760;26607
458411434;26608
458428108;26609
458444781;26610
458461455;26611
458478129;26612
458494802;26613
458511476;26614
458528150;26615
458544823;26616
458561497;26617
458578170;26618
458594844;26619
458611518;26620
458628191;26621
458644865;26622
458661539;26623
458678212;26624
458694886;26625
458711560;26626
458728233;26627
458744907;26628
458761581;26629
458778254;26630
458811602;26631
458828275;26632
458844949;26633
458861623;26634
458878296;26635
458894970;26636
458911643;26637
458928317;26638
458944991;26639
458961664;26640
458978338;26641
458995012;26642
459011685;26643
459028359;26644
459045033;26645
459061706;26646
459078380;26647
459095054;26648
459111727;26649
459128401;26650
459145075;26651
459161748;26652
459178422;26653
459195095;26654
459211769;26655
459228443;26656
459245116;26657
459261790;26658
459278464;26659
459311811;26660
459328485;26661
459345158;26662
459361832;26663
459378506;26664
459395179;26665
459411853;26666
459428527;26667
459445200;26668
459461874;26669
459478548;26670
459495221;26671
459511895;26672
459528569;26673
459545242;26674
459561916;26675
459578589;26676
459595263;26677
459611937;26678
459628610;26679
459645284;26680
459661958;26681
459678631;26682
459695305;26683
459711979;26684
459728652;26685
459745326;26686
459762000;26687
459778673;26688
459812021;26689
459828694;26690
459845368;26691
459862041;26692
459878715;26693
459895389;26694
459912062;26695
459928736;26696
459945410;26697
459962083;26698
459978757;26699
459995431;26700
460012104;26701
460028778;26702
460045452;26703
460062125;26704
460078799;26705
460095473;26706
460112146;26707
460128820;26708
460145493;26709
460162167;26710
460178841;26711
460195514;26712
460212188;26713
460228862;26714
460245535;26715
460262209;26716
460278883;26717
460312230;26718
460328904;26719
460345577;26720
460362251;26721
460378925;26722
460395598;26723
460412272;26724
460428946;26725
460445619;26726
460462293;26727
460478967;26728
460495640;26729
460512314;26730
460528988;26731
460545661;26732
460562335;26733
460579008;26734
460595682;26735
460612356;26736
460629029;26737
460645703;26738
460662377;26739
460679050;26740
460695724;26741
460712398;26742
460729071;26743
460745745;26744
460762419;26745
460779092;26746
460812439;26747
460829113;26748
460845787;26749
460862461;26750
460879134;26751
460895808;26752
460912481;26753
460929155;26754
460945829;26755
460962502;26756
460979176;26757
460995850;26758
461012523;26759
461029197;26760
461045871;26761
461062544;26762
461079218;26763
461095892;26764
461112565;26765
461129239;26766
461145913;26767
461162586;26768
461179260;26769
461195934;26770
461212607;26771
461229281;26772
461245955;26773
461262628;26774
461279302;26775
461312649;26776
461329323;26777
461345996;26778
461362670;26779
461379344;26780
461396017;26781
461412691;26782
461429365;26783
461446038;26784
461462712;26785
461479386;26786
461496059;26787
461512733;26788
461529407;26789
461546080;26790
461562754;26791
461579428;26792
461596101;26793
461612775;26794
461629448;26795
461646122;26796
461662796;26797
461679469;26798
461696143;26799
461712817;26800
461729490;26801
461746164;26802
461762838;26803
461779511;26804
461812859;26805
461829532;26806
461846206;26807
461862880;26808
461879553;26809
461896227;26810
461912901;26811
461929574;26812
461946248;26813
461962922;26814
461979595;26815
461996269;26816
462012942;26817
462029616;26818
462046290;26819
462062964;26820
462079637;26821
462096311;26822
462112985;26823
462129658;26824
462146332;26825
462163005;26826
462179679;26827
462196353;26828
462213026;26829
462229700;26830
462246374;26831
462263047;26832
462279721;26833
462313068;26834
462329742;26835
462346416;26836
462363089;26837
462379763;26838
462396437;26839
462413110;26840
462429784;26841
462446458;26842
462463131;26843
462479805;26844
462496479;26845
462513152;26846
462529826;26847
462546499;26848
462563173;26849
462579847;26850
462596520;26851
462613194;26852
462629868;26853
462646541;26854
462663215;26855
462679889;26856
462696562;26857
462713236;26858
462729910;26859
462746583;26860
462763257;26861
462779931;26862
462813278;26863
462829952;26864
462846625;26865
462863299;26866
462879973;26867
462896646;26868
462913320;26869
462929994;26870
462946667;26871
462963341;26872
462980015;26873
462996688;26874
463013362;26875
463030036;26876
463046709;26877
463063383;26878
463080057;26879
463096730;26880
463113404;26881
463130078;26882
463146751;26883
463163425;26884
463180099;26885
463196772;26886
463213446;26887
463230119;26888
463246793;26889
463263467;26890
463280140;26891
463313488;26892
463330162;26893
463346835;26894
463363509;26895
463380182;26896
463396856;26897
463413530;26898
463430203;26899
463446877;26900
463463551;26901
463480224;26902
463496898;26903
463513572;26904
463530245;26905
463546919;26906
463563593;26907
463580266;26908
463596940;26909
463613614;26910
463630287;26911
463646961;26912
463663635;26913
463680308;26914
463696982;26915
463713656;26916
463730329;26917
463747003;26918
463763677;26919
463780350;26920
463813698;26921
463830371;26922
463847045;26923
463863719;26924
463880392;26925
463897066;26926
463913740;26927
463930413;26928
463947087;26929
463963761;26930
463980434;26931
463997108;26932
464013782;26933
464030455;26934
464047129;26935
464063803;26936
464080476;26937
464097150;26938
464113824;26939
464130497;26940
464147171;26941
464163845;26942
464180518;26943
464197192;26944
464213866;26945
464230539;26946
464247213;26947
464263887;26948
464280560;26949
464313908;26950
464330581;26951
464347255;26952
464363929;26953
464380602;26954
464397276;26955
464413950;26956
464430623;26957
464447297;26958
464463971;26959
464480644;26960
464497318;26961
464513992;26962
464530665;26963
464547339;26964
464564013;26965
464580686;26966
464597360;26967
464614034;26968
464630707;26969
464647381;26970
464664055;26971
464680728;26972
464697402;26973
464714076;26974
464730749;26975
464747423;26976
464764097;26977
464780770;26978
464814118;26979
464830791;26980
464847465;26981
464864139;26982
464880812;26983
464897486;26984
464914160;26985
464930833;26986
464947507;26987
464964181;26988
464980854;26989
464997528;26990
465014202;26991
465030875;26992
465047549;26993
465064223;26994
465080896;26995
465097570;26996
465114244;26997
465130917;26998
465147591;26999
465164265;27000
465180938;27001
465197612;27002
465214286;27003
465230959;27004
465247633;27005
465264307;27006
465280980;27007
465314328;27008
465331001;27009
465347675;27010
465364349;27011
465381022;27012
465397696;27013
465414370;27014
465431043;27015
465447717;27016
465464391;27017
465481065;27018
465497738;27019
465514412;27020
465531086;27021
465547759;27022
465564433;27023
465581107;27024
465597780;27025
465614454;27026
465631128;27027
465647801;27028
465664475;27029
465681149;27030
465697822;27031
465714496;27032
465731170;27033
465747843;27034
465764517;27035
465781191;27036
465814538;27037
465831212;27038
465847885;27039
465864559;27040
465881233;27041
465897906;27042
465914580;27043
465931254;27044
465947927;27045
465964601;27046
465981275;27047
465997948;27048
466014622;27049
466031296;27050
466047969;27051
466064643;27052
466081317;27053
466097991;27054
466114664;27055
466131338;27056
466148012;27057
466164685;27058
466181359;27059
466198033;27060
466214706;27061
466231380;27062
466248054;27063
466264727;27064
466281401;27065
466314748;27066
466331422;27067
466348096;27068
466364769;27069
466381443;27070
466398117;27071
466414790;27072
466431464;27073
466448138;27074
466464812;27075
466481485;27076
466498159;27077
466514833;27078
466531506;27079
466548180;27080
466564853;27081
466581527;27082
466598201;27083
466614875;27084
466631548;27085
466648222;27086
466664896;27087
466681569;27088
466698243;27089
466714917;27090
466731590;27091
466748264;27092
466764938;27093
466781611;27094
466814959;27095
466831632;27096
466848306;27097
466864980;27098
466881653;27099
466898327;27100
466915001;27101
466931675;27102
466948348;27103
466965022;27104
466981696;27105
466998369;27106
467015043;27107
467031717;27108
467048390;27109
467065064;27110
467081738;27111
467098411;27112
467115085;27113
467131759;27114
467148432;27115
467165106;27116
467181780;27117
467198454;27118
467215127;27119
467231801;27120
467248475;27121
467265148;27122
467281822;27123
467315169;27124
467331843;27125
467348517;27126
467365190;27127
467381864;27128
467398538;27129
467415212;27130
467431885;27131
467448559;27132
467465233;27133
467481906;27134
467498580;27135
467515254;27136
467531927;27137
467548601;27138
467565275;27139
467581948;27140
467598622;27141
467615296;27142
467631969;27143
467648643;27144
467665317;27145
467681990;27146
467698664;27147
467715338;27148
467732011;27149
467748685;27150
467765359;27151
467782033;27152
467815380;27153
467832054;27154
467848727;27155
467865401;27156
467882075;27157
467898748;27158
467915422;27159
467932096;27160
467948770;27161
467965443;27162
467982117;27163
467998791;27164
468015464;27165
468032138;27166
468048812;27167
468065485;27168
468082159;27169
468098833;27170
468115506;27171
468132180;27172
468148854;27173
468165528;27174
468182201;27175
468198875;27176
468215549;27177
468232222;27178
468248896;27179
468265570;27180
468282243;27181
468315591;27182
468332264;27183
468348938;27184
468365612;27185
468382286;27186
468398959;27187
468415633;27188
468432307;27189
468448980;27190
468465654;27191
468482328;27192
468499001;27193
468515675;27194
468532349;27195
468549022;27196
468565696;27197
468582370;27198
468599044;27199
468615717;27200
468632391;27201
468649065;27202
468665738;27203
468682412;27204
468699086;27205
468715759;27206
468732433;27207
468749107;27208
468765781;27209
468782454;27210
468815802;27211
468832475;27212
468849149;27213
468865823;27214
468882496;27215
468899170;27216
468915844;27217
468932518;27218
468949191;27219
468965865;27220
468982539;27221
468999212;27222
469015886;27223
469032560;27224
469049233;27225
469065907;27226
469082581;27227
469099254;27228
469115928;27229
469132602;27230
469149276;27231
469165949;27232
469182623;27233
469199297;27234
469215971;27235
469232644;27236
469249318;27237
469265992;27238
469282665;27239
469316013;27240
469332686;27241
469349360;27242
469366034;27243
469382707;27244
469399381;27245
469416055;27246
469432729;27247
469449402;27248
469466076;27249
469482750;27250
469499423;27251
469516097;27252
469532771;27253
469549445;27254
469566118;27255
469582792;27256
469599466;27257
469616139;27258
469632813;27259
469649487;27260
469666161;27261
469682834;27262
469699508;27263
469716182;27264
469732855;27265
469749529;27266
469766203;27267
469782876;27268
469816224;27269
469832898;27270
469849571;27271
469866245;27272
469882919;27273
469899592;27274
469916266;27275
469932940;27276
469949613;27277
469966287;27278
469982961;27279
469999635;27280
470016308;27281
470032982;27282
470049656;27283
470066329;27284
470083003;27285
470099677;27286
470116351;27287
470133024;27288
470149698;27289
470166372;27290
470183045;27291
470199719;27292
470216393;27293
470233066;27294
470249740;27295
470266414;27296
470283088;27297
470316435;27298
470333109;27299
470349783;27300
470366456;27301
470383130;27302
470399804;27303
470416477;27304
470433151;27305
470449825;27306
470466499;27307
470483172;27308
470499846;27309
470516520;27310
470533193;27311
470549867;27312
470566541;27313
470583214;27314
470599888;27315
470616562;27316
470633236;27317
470649909;27318
470666583;27319
470683257;27320
470699930;27321
470716604;27322
470733278;27323
470749952;27324
470766625;27325
470783299;27326
470816646;27327
470833320;27328
470849994;27329
470866668;27330
470883341;27331
470900015;27332
470916689;27333
470933362;27334
470950036;27335
470966710;27336
470983384;27337
471000057;27338
471016731;27339
471033405;27340
471050078;27341
471066752;27342
471083426;27343
471100100;27344
471116773;27345
471133447;27346
471150121;27347
471166794;27348
471183468;27349
471200142;27350
471216816;27351
471233489;27352
471250163;27353
471266837;27354
471283510;27355
471316858;27356
471333532;27357
471350205;27358
471366879;27359
471383553;27360
471400227;27361
471416900;27362
471433574;27363
471450248;27364
471466921;27365
471483595;27366
471500269;27367
471516943;27368
471533616;27369
471550290;27370
471566964;27371
471583637;27372
471600311;27373
471616985;27374
471633659;27375
471650332;27376
471667006;27377
471683680;27378
471700354;27379
471717027;27380
471733701;27381
471750375;27382
471767048;27383
471783722;27384
471817070;27385
471833743;27386
471850417;27387
471867091;27388
471883764;27389
471900438;27390
471917112;27391
471933786;27392
471950459;27393
471967133;27394
471983807;27395
472000481;27396
472017154;27397
472033828;27398
472050502;27399
472067175;27400
472083849;27401
472100523;27402
472117197;27403
472133870;27404
472150544;27405
472167218;27406
472183892;27407
472200565;27408
472217239;27409
472233913;27410
472250586;27411
472267260;27412
472283934;27413
472317281;27414
472333955;27415
472350629;27416
472367302;27417
472383976;27418
472400650;27419
472417324;27420
472433997;27421
472450671;27422
472467345;27423
472484019;27424
472500692;27425
472517366;27426
472534040;27427
472550713;27428
472567387;27429
472584061;27430
472600735;27431
472617408;27432
472634082;27433
472650756;27434
472667430;27435
472684103;27436
472700777;27437
472717451;27438
472734125;27439
472750798;27440
472767472;27441
472784146;27442
472817493;27443
472834167;27444
472850841;27445
472867514;27446
472884188;27447
472900862;27448
472917536;27449
472934209;27450
472950883;27451
472967557;27452
472984230;27453
473000904;27454
473017578;27455
473034252;27456
473050925;27457
473067599;27458
473084273;27459
473100947;27460
473117620;27461
473134294;27462
473150968;27463
473167641;27464
473184315;27465
473200989;27466
473217663;27467
473234336;27468
473251010;27469
473267684;27470
473284358;27471
473317705;27472
473334379;27473
473351053;27474
473367726;27475
473384400;27476
473401074;27477
473417748;27478
473434421;27479
473451095;27480
473467769;27481
473484443;27482
473501116;27483
473517790;27484
473534464;27485
473551138;27486
473567811;27487
473584485;27488
473601159;27489
473617832;27490
473634506;27491
473651180;27492
473667854;27493
473684527;27494
473701201;27495
473717875;27496
473734549;27497
473751222;27498
473767896;27499
473784570;27500
473817917;27501
473834591;27502
473851265;27503
473867939;27504
473884612;27505
473901286;27506
473917960;27507
473934633;27508
473951307;27509
473967981;27510
473984655;27511
474001328;27512
474018002;27513
474034676;27514
474051350;27515
474068023;27516
474084697;27517
474101371;27518
474118045;27519
474134718;27520
474151392;27521
474168066;27522
474184740;27523
474201413;27524
474218087;27525
474234761;27526
474251435;27527
474268108;27528
474284782;27529
474318130;27530
474334803;27531
474351477;27532
474368151;27533
474384825;27534
474401498;27535
474418172;27536
474434846;27537
474451520;27538
474468193;27539
474484867;27540
474501541;27541
474518215;27542
474534888;27543
474551562;27544
474568236;27545
474584910;27546
474601583;27547
474618257;27548
474634931;27549
474651605;27550
474668278;27551
474684952;27552
474701626;27553
474718300;27554
474734973;27555
474751647;27556
474768321;27557
474784995;27558
474818342;27559
474835016;27560
474851690;27561
474868363;27562
474885037;27563
474901711;27564
474918384;27565
474935058;27566
474951732;27567
474968406;27568
474985080;27569
475001753;27570
475018427;27571
475035101;27572
475051774;27573
475068448;27574
475085122;27575
475101796;27576
475118469;27577
475135143;27578
475151817;27579
475168491;27580
475185165;27581
475201838;27582
475218512;27583
475235186;27584
475251860;27585
475268533;27586
475285207;27587
475318555;27588
475335228;27589
475351902;27590
475368576;27591
475385250;27592
475401923;27593
475418597;27594
475435271;27595
475451945;27596
475468618;27597
475485292;27598
475501966;27599
475518640;27600
475535313;27601
475551987;27602
475568661;27603
475585335;27604
475602008;27605
475618682;27606
475635356;27607
475652030;27608
475668703;27609
475685377;27610
475702051;27611
475718725;27612
475735398;27613
475752072;27614
475768746;27615
475785420;27616
475818767;27617
475835441;27618
475852115;27619
475868789;27620
475885462;27621
475902136;27622
475918810;27623
475935484;27624
475952157;27625
475968831;27626
475985505;27627
476002179;27628
476018852;27629
476035526;27630
476052200;27631
476068874;27632
476085547;27633
476102221;27634
476118895;27635
476135569;27636
476152242;27637
476168916;27638
476185590;27639
476202264;27640
476218938;27641
476235611;27642
476252285;27643
476268959;27644
476285633;27645
476318980;27646
476335654;27647
476352328;27648
476369001;27649
476385675;27650
476402349;27651
476419023;27652
476435696;27653
476452370;27654
476469044;27655
476485718;27656
476502391;27657
476519065;27658
476535739;27659
476552413;27660
476569087;27661
476585760;27662
476602434;27663
476619108;27664
476635782;27665
476652455;27666
476669129;27667
476685803;27668
476702477;27669
476719150;27670
476735824;27671
476752498;27672
476769172;27673
476785846;27674
476819193;27675
476835867;27676
476852541;27677
476869214;27678
476885888;27679
476902562;27680
476919236;27681
476935909;27682
476952583;27683
476969257;27684
476985931;27685
477002604;27686
477019278;27687
477035952;27688
477052626;27689
477069300;27690
477085973;27691
477102647;27692
477119321;27693
477135995;27694
477152668;27695
477169342;27696
477186016;27697
477202690;27698
477219363;27699
477236037;27700
477252711;27701
477269385;27702
477286058;27703
477319406;27704
477336080;27705
477352754;27706
477369427;27707
477386101;27708
477402775;27709
477419449;27710
477436123;27711
477452796;27712
477469470;27713
477486144;27714
477502818;27715
477519491;27716
477536165;27717
477552839;27718
477569513;27719
477586186;27720
477602860;27721
477619534;27722
477636208;27723
477652881;27724
477669555;27725
477686229;27726
477702903;27727
477719577;27728
477736250;27729
477752924;27730
477769598;27731
477786272;27732
477819619;27733
477836293;27734
477852967;27735
477869641;27736
477886314;27737
477902988;27738
477919662;27739
477936336;27740
477953010;27741
477969683;27742
477986357;27743
478003031;27744
478019705;27745
478036378;27746
478053052;27747
478069726;27748
478086400;27749
478103073;27750
478119747;27751
478136421;27752
478153095;27753
478169769;27754
478186442;27755
478203116;27756
478219790;27757
478236464;27758
478253137;27759
478269811;27760
478286485;27761
478319833;27762
478336506;27763
478353180;27764
478369854;27765
478386528;27766
478403202;27767
478419875;27768
478436549;27769
478453223;27770
478469897;27771
478486570;27772
478503244;27773
478519918;27774
478536592;27775
478553265;27776
478569939;27777
478586613;27778
478603287;27779
478619961;27780
478636634;27781
478653308;27782
478669982;27783
478686656;27784
478703330;27785
478720003;27786
478736677;27787
478753351;27788
478770025;27789
478786698;27790
478803372;27791
478836720;27792
478853394;27793
478870067;27794
478886741;27795
478903415;27796
478920089;27797
478936763;27798
478953436;27799
478970110;27800
478986784;27801
479003458;27802
479020131;27803
479036805;27804
479053479;27805
479070153;27806
479086827;27807
479103500;27808
479120174;27809
479136848;27810
479153522;27811
479170196;27812
479186869;27813
479203543;27814
479220217;27815
479236891;27816
479253564;27817
479270238;27818
479286912;27819
479303586;27820
479336933;27821
479353607;27822
479370281;27823
479386955;27824
479403629;27825
479420302;27826
479436976;27827
479453650;27828
479470324;27829
479486997;27830
479503671;27831
479520345;27832
479537019;27833
479553693;27834
479570366;27835
479587040;27836
479603714;27837
479620388;27838
479637062;27839
479653735;27840
479670409;27841
479687083;27842
479703757;27843
479720431;27844
479737104;27845
479753778;27846
479770452;27847
479787126;27848
479803799;27849
479837147;27850
479853821;27851
479870495;27852
479887168;27853
479903842;27854
479920516;27855
479937190;27856
479953864;27857
479970537;27858
479987211;27859
480003885;27860
480020559;27861
480037233;27862
480053906;27863
480070580;27864
480087254;27865
480103928;27866
480120602;27867
480137275;27868
480153949;27869
480170623;27870
480187297;27871
480203971;27872
480220644;27873
480237318;27874
480253992;27875
480270666;27876
480287339;27877
480304013;27878
480337361;27879
480354035;27880
480370708;27881
480387382;27882
480404056;27883
480420730;27884
480437404;27885
480454077;27886
480470751;27887
480487425;27888
480504099;27889
480520773;27890
480537446;27891
480554120;27892
480570794;27893
480587468;27894
480604142;27895
480620815;27896
480637489;27897
480654163;27898
480670837;27899
480687511;27900
480704184;27901
480720858;27902
480737532;27903
480754206;27904
480770880;27905
480787553;27906
480804227;27907
480837575;27908
480854248;27909
480870922;27910
480887596;27911
480904270;27912
480920944;27913
480937617;27914
480954291;27915
480970965;27916
480987639;27917
481004313;27918
481020987;27919
481037660;27920
481054334;27921
481071008;27922
481087682;27923
481104356;27924
481121029;27925
481137703;27926
481154377;27927
481171051;27928
481187725;27929
481204398;27930
481221072;27931
481237746;27932
481254420;27933
481271093;27934
481287767;27935
481304441;27936
481337789;27937
481354462;27938
481371136;27939
481387810;27940
481404484;27941
481421158;27942
481437831;27943
481454505;27944
481471179;27945
481487853;27946
481504527;27947
481521201;27948
481537874;27949
481554548;27950
481571222;27951
481587896;27952
481604570;27953
481621243;27954
481637917;27955
481654591;27956
481671265;27957
481687939;27958
481704612;27959
481721286;27960
481737960;27961
481754634;27962
481771308;27963
481787981;27964
481804655;27965
481838003;27966
481854677;27967
481871350;27968
481888024;27969
481904698;27970
481921372;27971
481938046;27972
481954719;27973
481971393;27974
481988067;27975
482004741;27976
482021415;27977
482038088;27978
482054762;27979
482071436;27980
482088110;27981
482104784;27982
482121457;27983
482138131;27984
482154805;27985
482171479;27986
482188153;27987
482204826;27988
482221500;27989
482238174;27990
482254848;27991
482271522;27992
482288195;27993
482304869;27994
482338217;27995
482354891;27996
482371564;27997
482388238;27998
482404912;27999
482421586;28000
482438260;28001
482454934;28002
482471607;28003
482488281;28004
482504955;28005
482521629;28006
482538303;28007
482554976;28008
482571650;28009
482588324;28010
482604998;28011
482621672;28012
482638345;28013
482655019;28014
482671693;28015
482688367;28016
482705041;28017
482721715;28018
482738388;28019
482755062;28020
482771736;28021
482788410;28022
482805083;28023
482821757;28024
482855105;28025
482871779;28026
482888452;28027
482905126;28028
482921800;28029
482938474;28030
482955148;28031
482971822;28032
482988495;28033
483005169;28034
483021843;28035
483038517;28036
483055191;28037
483071864;28038
483088538;28039
483105212;28040
483121886;28041
483138560;28042
483155234;28043
483171907;28044
483188581;28045
483205255;28046
483221929;28047
483238603;28048
483255276;28049
483271950;28050
483288624;28051
483305298;28052
483321972;28053
483355319;28054
483371993;28055
483388667;28056
483405341;28057
483422015;28058
483438688;28059
483455362;28060
483472036;28061
483488710;28062
483505384;28063
483522057;28064
483538731;28065
483555405;28066
483572079;28067
483588753;28068
483605426;28069
483622100;28070
483638774;28071
483655448;28072
483672122;28073
483688795;28074
483705469;28075
483722143;28076
483738817;28077
483755491;28078
483772164;28079
483788838;28080
483805512;28081
483822186;28082
483855533;28083
483872207;28084
483888881;28085
483905555;28086
483922229;28087
483938903;28088
483955576;28089
483972250;28090
483988924;28091
484005598;28092
484022272;28093
484038945;28094
484055619;28095
484072293;28096
484088967;28097
484105641;28098
484122314;28099
484138988;28100
484155662;28101
484172336;28102
484189010;28103
484205684;28104
484222357;28105
484239031;28106
484255705;28107
484272379;28108
484289053;28109
484305726;28110
484322400;28111
484355748;28112
484372422;28113
484389096;28114
484405769;28115
484422443;28116
484439117;28117
484455791;28118
484472465;28119
484489138;28120
484505812;28121
484522486;28122
484539160;28123
484555834;28124
484572508;28125
484589181;28126
484605855;28127
484622529;28128
484639203;28129
484655877;28130
484672551;28131
484689224;28132
484705898;28133
484722572;28134
484739246;28135
484755920;28136
484772593;28137
484789267;28138
484805941;28139
484822615;28140
484855962;28141
484872636;28142
484889310;28143
484905984;28144
484922658;28145
484939332;28146
484956005;28147
484972679;28148
484989353;28149
485006027;28150
485022701;28151
485039374;28152
485056048;28153
485072722;28154
485089396;28155
485106070;28156
485122743;28157
485139417;28158
485156091;28159
485172765;28160
485189439;28161
485206113;28162
485222786;28163
485239460;28164
485256134;28165
485272808;28166
485289482;28167
485306156;28168
485322829;28169
485356177;28170
485372851;28171
485389525;28172
485406198;28173
485422872;28174
485439546;28175
485456220;28176
485472894;28177
485489567;28178
485506241;28179
485522915;28180
485539589;28181
485556263;28182
485572937;28183
485589610;28184
485606284;28185
485622958;28186
485639632;28187
485656306;28188
485672980;28189
485689653;28190
485706327;28191
485723001;28192
485739675;28193
485756349;28194
485773022;28195
485789696;28196
485806370;28197
485823044;28198
485856392;28199
485873065;28200
485889739;28201
485906413;28202
485923087;28203
485939761;28204
485956434;28205
485973108;28206
485989782;28207
486006456;28208
486023130;28209
486039803;28210
486056477;28211
486073151;28212
486089825;28213
486106499;28214
486123173;28215
486139846;28216
486156520;28217
486173194;28218
486189868;28219
486206542;28220
486223216;28221
486239889;28222
486256563;28223
486273237;28224
486289911;28225
486306585;28226
486323259;28227
486356606;28228
486373280;28229
486389954;28230
486406628;28231
486423302;28232
486439975;28233
486456649;28234
486473323;28235
486489997;28236
486506671;28237
486523344;28238
486540018;28239
486556692;28240
486573366;28241
486590040;28242
486606713;28243
486623387;28244
486640061;28245
486656735;28246
486673409;28247
486690083;28248
486706756;28249
486723430;28250
486740104;28251
486756778;28252
486773452;28253
486790126;28254
486806799;28255
486823473;28256
486856821;28257
486873495;28258
486890168;28259
486906842;28260
486923516;28261
486940190;28262
486956864;28263
486973538;28264
486990211;28265
487006885;28266
487023559;28267
487040233;28268
487056907;28269
487073580;28270
487090254;28271
487106928;28272
487123602;28273
487140276;28274
487156950;28275
487173623;28276
487190297;28277
487206971;28278
487223645;28279
487240319;28280
487256993;28281
487273666;28282
487290340;28283
487307014;28284
487323688;28285
487357036;28286
487373709;28287
487390383;28288
487407057;28289
487423731;28290
487440405;28291
487457078;28292
487473752;28293
487490426;28294
487507100;28295
487523774;28296
487540448;28297
487557121;28298
487573795;28299
487590469;28300
487607143;28301
487623817;28302
487640491;28303
487657164;28304
487673838;28305
487690512;28306
487707186;28307
487723860;28308
487740534;28309
487757207;28310
487773881;28311
487790555;28312
487807229;28313
487823903;28314
487857250;28315
487873924;28316
487890598;28317
487907272;28318
487923945;28319
487940619;28320
487957293;28321
487973967;28322
487990641;28323
488007315;28324
488023988;28325
488040662;28326
488057336;28327
488074010;28328
488090684;28329
488107358;28330
488124031;28331
488140705;28332
488157379;28333
488174053;28334
488190727;28335
488207401;28336
488224074;28337
488240748;28338
488257422;28339
488274096;28340
488290770;28341
488307444;28342
488324117;28343
488357465;28344
488374139;28345
488390813;28346
488407486;28347
488424160;28348
488440834;28349
488457508;28350
488474182;28351
488490856;28352
488507529;28353
488524203;28354
488540877;28355
488557551;28356
488574225;28357
488590898;28358
488607572;28359
488624246;28360
488640920;28361
488657594;28362
488674268;28363
488690941;28364
488707615;28365
488724289;28366
488740963;28367
488757637;28368
488774311;28369
488790984;28370
488807658;28371
488824332;28372
488857680;28373
488874354;28374
488891027;28375
488907701;28376
488924375;28377
488941049;28378
488957723;28379
488974397;28380
488991070;28381
489007744;28382
489024418;28383
489041092;28384
489057766;28385
489074439;28386
489091113;28387
489107787;28388
489124461;28389
489141135;28390
489157809;28391
489174482;28392
489191156;28393
489207830;28394
489224504;28395
489241178;28396
489257851;28397
489274525;28398
489291199;28399
489307873;28400
489324547;28401
489357895;28402
489374568;28403
489391242;28404
489407916;28405
489424590;28406
489441264;28407
489457937;28408
489474611;28409
489491285;28410
489507959;28411
489524633;28412
489541307;28413
489557980;28414
489574654;28415
489591328;28416
489608002;28417
489624676;28418
489641350;28419
489658023;28420
489674697;28421
489691371;28422
489708045;28423
489724719;28424
489741392;28425
489758066;28426
489774740;28427
489791414;28428
489808088;28429
489824762;28430
489858109;28431
489874783;28432
489891457;28433
489908131;28434
489924804;28435
489941478;28436
489958152;28437
489974826;28438
489991500;28439
490008174;28440
490024847;28441
490041521;28442
490058195;28443
490074869;28444
490091543;28445
490108217;28446
490124890;28447
490141564;28448
490158238;28449
490174912;28450
490191586;28451
490208259;28452
490224933;28453
490241607;28454
490258281;28455
490274955;28456
490291629;28457
490308302;28458
490324976;28459
490358324;28460
490374998;28461
490391672;28462
490408345;28463
490425019;28464
490441693;28465
490458367;28466
490475041;28467
490491714;28468
490508388;28469
490525062;28470
490541736;28471
490558410;28472
490575084;28473
490591757;28474
490608431;28475
490625105;28476
490641779;28477
490658453;28478
490675127;28479
490691800;28480
490708474;28481
490725148;28482
490741822;28483
490758496;28484
490775169;28485
490791843;28486
490808517;28487
490825191;28488
490858539;28489
490875212;28490
490891886;28491
490908560;28492
490925234;28493
490941908;28494
490958582;28495
490975255;28496
490991929;28497
491008603;28498
491025277;28499
491041951;28500
491058624;28501
491075298;28502
491091972;28503
491108646;28504
491125320;28505
491141994;28506
491158667;28507
491175341;28508
491192015;28509
491208689;28510
491225363;28511
491242037;28512
491258710;28513
491275384;28514
491292058;28515
491308732;28516
491325406;28517
491358753;28518
491375427;28519
491392101;28520
491408775;28521
491425449;28522
491442122;28523
491458796;28524
491475470;28525
491492144;28526
491508818;28527
491525492;28528
491542165;28529
491558839;28530
491575513;28531
491592187;28532
491608861;28533
491625534;28534
491642208;28535
491658882;28536
491675556;28537
491692230;28538
491708904;28539
491725577;28540
491742251;28541
491758925;28542
491775599;28543
491792273;28544
491808946;28545
491825620;28546
491858968;28547
491875642;28548
491892316;28549
491908989;28550
491925663;28551
491942337;28552
491959011;28553
491975685;28554
491992359;28555
492009032;28556
492025706;28557
492042380;28558
492059054;28559
492075728;28560
492092402;28561
492109075;28562
492125749;28563
492142423;28564
492159097;28565
492175771;28566
492192444;28567
492209118;28568
492225792;28569
492242466;28570
492259140;28571
492275813;28572
492292487;28573
492309161;28574
492325835;28575
492359183;28576
492375856;28577
492392530;28578
492409204;28579
492425878;28580
492442552;28581
492459226;28582
492475899;28583
492492573;28584
492509247;28585
492525921;28586
492542595;28587
492559268;28588
492575942;28589
492592616;28590
492609290;28591
492625964;28592
492642638;28593
492659311;28594
492675985;28595
492692659;28596
492709333;28597
492726007;28598
492742680;28599
492759354;28600
492776028;28601
492792702;28602
492809376;28603
492826049;28604
492859397;28605
492876071;28606
492892745;28607
492909419;28608
492926092;28609
492942766;28610
492959440;28611
492976114;28612
492992788;28613
493009461;28614
493026135;28615
493042809;28616
493059483;28617
493076157;28618
493092831;28619
493109504;28620
493126178;28621
493142852;28622
493159526;28623
493176200;28624
493192873;28625
493209547;28626
493226221;28627
493242895;28628
493259569;28629
493276242;28630
493292916;28631
493309590;28632
493326264;28633
493359612;28634
493376285;28635
493392959;28636
493409633;28637
493426307;28638
493442981;28639
493459654;28640
493476328;28641
493493002;28642
493509676;28643
493526350;28644
493543023;28645
493559697;28646
493576371;28647
493593045;28648
493609719;28649
493626393;28650
493643066;28651
493659740;28652
493676414;28653
493693088;28654
493709762;28655
493726435;28656
493743109;28657
493759783;28658
493776457;28659
493793131;28660
493809804;28661
493826478;28662
493859826;28663
493876500;28664
493893174;28665
493909847;28666
493926521;28667
493943195;28668
493959869;28669
493976543;28670
493993216;28671
494009890;28672
494026564;28673
494043238;28674
494059912;28675
494076586;28676
494093259;28677
494109933;28678
494126607;28679
494143281;28680
494159955;28681
494176628;28682
494193302;28683
494209976;28684
494226650;28685
494243324;28686
494259997;28687
494276671;28688
494293345;28689
494310019;28690
494326693;28691
494360040;28692
494376714;28693
494393388;28694
494410062;28695
494426735;28696
494443409;28697
494460083;28698
494476757;28699
494493431;28700
494510104;28701
494526778;28702
494543452;28703
494560126;28704
494576800;28705
494593474;28706
494610147;28707
494626821;28708
494643495;28709
494660169;28710
494676843;28711
494693516;28712
494710190;28713
494726864;28714
494743538;28715
494760212;28716
494776885;28717
494793559;28718
494810233;28719
494826907;28720
494860255;28721
494876928;28722
494893602;28723
494910276;28724
494926950;28725
494943624;28726
494960297;28727
494976971;28728
494993645;28729
495010319;28730
495026993;28731
495043666;28732
495060340;28733
495077014;28734
495093688;28735
495110362;28736
495127035;28737
495143709;28738
495160383;28739
495177057;28740
495193731;28741
495210405;28742
495227078;28743
495243752;28744
495260426;28745
495277100;28746
495293774;28747
495310447;28748
495327121;28749
495360469;28750
495377143;28751
495393816;28752
495410490;28753
495427164;28754
495443838;28755
495460512;28756
495477185;28757
495493859;28758
495510533;28759
495527207;28760
495543881;28761
495560554;28762
495577228;28763
495593902;28764
495610576;28765
495627250;28766
495643923;28767
495660597;28768
495677271;28769
495693945;28770
495710619;28771
495727292;28772
495743966;28773
495760640;28774
495777314;28775
495793988;28776
495810661;28777
495827335;28778
495860683;28779
495877357;28780
495894030;28781
495910704;28782
495927378;28783
495944052;28784
495960726;28785
495977400;28786
495994073;28787
496010747;28788
496027421;28789
496044095;28790
496060769;28791
496077442;28792
496094116;28793
496110790;28794
496127464;28795
496144138;28796
496160811;28797
496177485;28798
496194159;28799
496210833;28800
496227507;28801
496244180;28802
496260854;28803
496277528;28804
496294202;28805
496310876;28806
496327549;28807
496360897;28808
496377571;28809
496394245;28810
496410918;28811
496427592;28812
496444266;28813
496460940;28814
496477614;28815
496494287;28816
496510961;28817
496527635;28818
496544309;28819
496560983;28820
496577656;28821
496594330;28822
496611004;28823
496627678;28824
496644352;28825
496661025;28826
496677699;28827
496694373;28828
496711047;28829
496727721;28830
496744394;28831
496761068;28832
496777742;28833
496794416;28834
496811090;28835
496827763;28836
496861111;28837
496877785;28838
496894459;28839
496911132;28840
496927806;28841
496944480;28842
496961154;28843
496977828;28844
496994501;28845
497011175;28846
497027849;28847
497044523;28848
497061197;28849
497077870;28850
497094544;28851
497111218;28852
497127892;28853
497144566;28854
497161239;28855
497177913;28856
497194587;28857
497211261;28858
497227935;28859
497244608;28860
497261282;28861
497277956;28862
497294630;28863
497311304;28864
497327977;28865
497361325;28866
497377999;28867
497394672;28868
497411346;28869
497428020;28870
497444694;28871
497461368;28872
497478041;28873
497494715;28874
497511389;28875
497528063;28876
497544737;28877
497561410;28878
497578084;28879
497594758;28880
497611432;28881
497628106;28882
497644779;28883
497661453;28884
497678127;28885
497694801;28886
497711475;28887
497728148;28888
497744822;28889
497761496;28890
497778170;28891
497794844;28892
497811517;28893
497828191;28894
497861539;28895
497878213;28896
497894886;28897
497911560;28898
497928234;28899
497944908;28900
497961582;28901
497978255;28902
497994929;28903
498011603;28904
498028277;28905
498044950;28906
498061624;28907
498078298;28908
498094972;28909
498111646;28910
498128319;28911
498144993;28912
498161667;28913
498178341;28914
498195015;28915
498211688;28916
498228362;28917
498245036;28918
498261710;28919
498278384;28920
498295057;28921
498311731;28922
498328405;28923
498361752;28924
498378426;28925
498395100;28926
498411774;28927
498428448;28928
498445121;28929
498461795;28930
498478469;28931
498495143;28932
498511817;28933
498528490;28934
498545164;28935
498561838;28936
498578512;28937
498595186;28938
498611859;28939
498628533;28940
498645207;28941
498661881;28942
498678555;28943
498695228;28944
498711902;28945
498728576;28946
498745250;28947
498761923;28948
498778597;28949
498795271;28950
498811945;28951
498828619;28952
498861966;28953
498878640;28954
498895314;28955
498911988;28956
498928661;28957
498945335;28958
498962009;28959
498978683;28960
498995357;28961
499012030;28962
499028704;28963
499045378;28964
499062052;28965
499078725;28966
499095399;28967
499112073;28968
499128747;28969
499145421;28970
499162094;28971
499178768;28972
499195442;28973
499212116;28974
499228789;28975
499245463;28976
499262137;28977
499278811;28978
499295485;28979
499312158;28980
499328832;28981
499362180;28982
499378854;28983
499395527;28984
499412201;28985
499428875;28986
499445549;28987
499462222;28988
499478896;28989
499495570;28990
499512244;28991
499528918;28992
499545591;28993
499562265;28994
499578939;28995
499595613;28996
499612287;28997
499628960;28998
499645634;28999
499662308;29000
499678982;29001
499695655;29002
499712329;29003
499729003;29004
499745677;29005
499762350;29006
499779024;29007
499795698;29008
499812372;29009
499829046;29010
499862393;29011
499879067;29012
499895741;29013
499912415;29014
499929088;29015
499945762;29016
499962436;29017
499979110;29018
499995783;29019
500012457;29020
500029131;29021
500045805;29022
500062479;29023
500079152;29024
500095826;29025
500112500;29026
500129174;29027
500145847;29028
500162521;29029
500179195;29030
500195869;29031
500212543;29032
500229216;29033
500245890;29034
500262564;29035
500279238;29036
500295911;29037
500312585;29038
500329259;29039
500362607;29040
500379280;29041
500395954;29042
500412628;29043
500429302;29044
500445975;29045
500462649;29046
500479323;29047
500495997;29048
500512671;29049
500529344;29050
500546018;29051
500562692;29052
500579366;29053
500596039;29054
500612713;29055
500629387;29056
500646061;29057
500662735;29058
500679408;29059
500696082;29060
500712756;29061
500729430;29062
500746103;29063
500762777;29064
500779451;29065
500796125;29066
500812799;29067
500829472;29068
500862820;29069
500879494;29070
500896167;29071
500912841;29072
500929515;29073
500946189;29074
500962863;29075
500979536;29076
500996210;29077
501012884;29078
501029558;29079
501046231;29080
501062905;29081
501079579;29082
501096253;29083
501112926;29084
501129600;29085
501146274;29086
501162948;29087
501179622;29088
501196295;29089
501212969;29090
501229643;29091
501246317;29092
501262990;29093
501279664;29094
501296338;29095
501313012;29096
501329685;29097
501363033;29098
501379707;29099
501396380;29100
501413054;29101
501429728;29102
501446402;29103
501463076;29104
501479749;29105
501496423;29106
501513097;29107
501529771;29108
501546444;29109
501563118;29110
501579792;29111
501596466;29112
501613140;29113
501629813;29114
501646487;29115
501663161;29116
501679835;29117
501696508;29118
501713182;29119
501729856;29120
501746530;29121
501763203;29122
501779877;29123
501796551;29124
501813225;29125
501829898;29126
501863246;29127
501879920;29128
501896594;29129
501913267;29130
501929941;29131
501946615;29132
501963289;29133
501979962;29134
501996636;29135
502013310;29136
502029984;29137
502046657;29138
502063331;29139
502080005;29140
502096679;29141
502113353;29142
502130026;29143
502146700;29144
502163374;29145
502180048;29146
502196721;29147
502213395;29148
502230069;29149
502246743;29150
502263416;29151
502280090;29152
502296764;29153
502313438;29154
502330111;29155
502363459;29156
502380133;29157
502396806;29158
502413480;29159
502430154;29160
502446828;29161
502463501;29162
502480175;29163
502496849;29164
502513523;29165
502530197;29166
502546870;29167
502563544;29168
502580218;29169
502596892;29170
502613565;29171
502630239;29172
502646913;29173
502663587;29174
502680260;29175
502696934;29176
502713608;29177
502730282;29178
502746955;29179
502763629;29180
502780303;29181
502796977;29182
502813651;29183
502830324;29184
502863672;29185
502880345;29186
502897019;29187
502913693;29188
502930367;29189
502947041;29190
502963714;29191
502980388;29192
502997062;29193
503013736;29194
503030409;29195
503047083;29196
503063757;29197
503080431;29198
503097104;29199
503113778;29200
503130452;29201
503147126;29202
503163799;29203
503180473;29204
503197147;29205
503213821;29206
503230494;29207
503247168;29208
503263842;29209
503280516;29210
503297189;29211
503313863;29212
503330537;29213
503363885;29214
503380558;29215
503397232;29216
503413906;29217
503430580;29218
503447253;29219
503463927;29220
503480601;29221
503497275;29222
503513948;29223
503530622;29224
503547296;29225
503563969;29226
503580643;29227
503597317;29228
503613991;29229
503630664;29230
503647338;29231
503664012;29232
503680686;29233
503697360;29234
503714033;29235
503730707;29236
503747381;29237
503764055;29238
503780728;29239
503797402;29240
503814076;29241
503830750;29242
503864097;29243
503880771;29244
503897445;29245
503914118;29246
503930792;29247
503947466;29248
503964140;29249
503980813;29250
503997487;29251
504014161;29252
504030835;29253
504047508;29254
504064182;29255
504080856;29256
504097530;29257
504114203;29258
504130877;29259
504147551;29260
504164225;29261
504180898;29262
504197572;29263
504214246;29264
504230920;29265
504247593;29266
504264267;29267
504280941;29268
504297615;29269
504314288;29270
504330962;29271
504364310;29272
504380983;29273
504397657;29274
504414331;29275
504431004;29276
504447678;29277
504464352;29278
504481026;29279
504497700;29280
504514373;29281
504531047;29282
504547721;29283
504564394;29284
504581068;29285
504597742;29286
504614416;29287
504631089;29288
504647763;29289
504664437;29290
504681111;29291
504697784;29292
504714458;29293
504731132;29294
504747806;29295
504764479;29296
504781153;29297
504797827;29298
504814501;29299
504831174;29300
504864522;29301
504881196;29302
504897869;29303
504914543;29304
504931217;29305
504947891;29306
504964564;29307
504981238;29308
504997912;29309
505014586;29310
-1;-1
-1;-1
-1;-1
-1;-1
-1;-1
-1;-1
-1;-1
-1;-1
-1;-1
-1;-1
-1;-1
-1;-1
-1;-1
-1;-1
-1;-1
-1;-1
-1;-1
-1;-1
-1;-1
-1;-1
-1;-1
-1;-1
-1;-1
-1;-1
-1;-1
-1;-1
-1;-1
-1;-1
-1;-1
-1;-1
-1;-1
-1;-1
-1;-1
-1;-1
-1;-1
-1;-1
-1;-1
-1;-1
-1;-1
-1;-1
-1;-1
-1;-1
-1;-1
-1;-1
-1;-1
-1;-1
-1;-1
-1;-1
-1;-1
-1;-1
-1;-1
-1;-1
-1;-1
-1;-1
-1;-1
-1;-1
-1;-1
-1;-1
-1;-1
-1;-1
-1;-1
-1;-1
-1;-1
-1;-1
-1;-1
-1;-1
-1;-1
-1;-1
-1;-1
-1;-1
-1;-1
-1;-1
-1;-1
-1;-1
-1;-1
-1;-1
-1;-1
-1;-1
-1;-1
-1;-1
-1;-1
-1;-1
-1;-1
-1;-1
-1;-1
-1;-1
-1;-1
-1;-1
-1;-1
-1;-1
-1;-1
-1;-1
-1;-1
-1;-1
-1;-1
-1;-1
-1;-1
-1;-1
-1;-1
-1;-1
-1;-1
-1;-1
-1;-1
-1;-1
-1;-1
-1;-1
-1;-1
-1;-1
-1;-1
-1;-1
-1;-1
-1;-1
-1;-1
-1;-1
-1;-1
-1;-1
-1;-1
-1;-1
-1;-1
-1;-1
-1;-1
-1;-1
-1;-1
-1;-1
-1;-1
-1;-1
-1;-1
-1;-1
-1;-1
-1;-1
-1;-1
-1;-1
-1;-1
-1;-1
-1;-1
-1;-1
-1;-1
-1;-1
-1;-1
-1;-1
-1;-1
-1;-1
-1;-1
-1;-1
-1;-1
-1;-1
-1;-1
-1;-1
-1;-1
-1;-1
-1;-1
-1;-1
-1;-1
-1;-1
-1;-1
-1;-1
-1;-1
-1;-1
-1;-1
-1;-1
-1;-1
-1;-1
-1;-1
-1;-1
-1;-1
-1;-1
-1;-1
-1;-1
-1;-1
-1;-1
-1;-1
-1;-1
-1;-1
-1;-1
-1;-1
-1;-1
-1;-1
-1;-1
-1;-1
-1;-1
-1;-1
-1;-1
-1;-1
-1;-1
-1;-1
-1;-1
-1;-1
-1;-1
-1;-1
-1;-1
-1;-1
-1;-1
-1;-1
