64696673;3782
64713346;3783
64730020;3784
64763368;3785
64780041;3786
64796715;3787
64813389;3788
64830062;3789
64846736;3790
64863410;3791
64880083;3792
64896757;3793
64913431;3794
64930105;3795
64946778;3796
64963452;3797
64980126;3798
64996799;3799
65013473;3800
65030147;3801
65046820;3802
65063494;3803
65080168;3804
65096842;3805
65113515;3806
65130189;3807
65146863;3808
65163536;3809
65180210;3810
65196884;3811
65213558;3812
65230231;3813
65263579;3814
65280252;3815
65296926;3816
65313600;3817
65330273;3818
65346947;3819
65363621;3820
65380295;3821
65396968;3822
65413642;3823
65430316;3824
65446989;3825
65463663;3826
65480337;3827
65497010;3828
65513684;3829
65530358;3830
65547032;3831
65563705;3832
65580379;3833
65597053;3834
65613726;3835
65630400;3836
65647074;3837
65663747;3838
65680421;3839
65697095;3840
65713769;3841
65730442;3842
65763790;3843
65780463;3844
65797137;3845
65813811;3846
65830485;3847
65847158;3848
65863832;3849
65880506;3850
65897179;3851
65913853;3852
65930527;3853
65947200;3854
65963874;3855
65980548;3856
65997222;3857
66013895;3858
66030569;3859
66047243;3860
66063916;3861
66080590;3862
66097264;3863
66113937;3864
66130611;3865
66147285;3866
66163958;3867
66180632;3868
66197306;3869
66213980;3870
66230653;3871
66264001;3872
66280674;3873
66297348;3874
66314022;3875
66330696;3876
66347369;3877
66364043;3878
66380717;3879
66397390;3880
66414064;3881
66430738;3882
66447411;3883
66464085;3884
66480759;3885
66497432;3886
66514106;3887
66530780;3888
66547454;3889
66564127;3890
66580801;3891
66597475;3892
66614148;3893
66630822;3894
66647496;3895
66664170;3896
66680843;3897
66697517;3898
66714191;3899
66730864;3900
66764212;3901
66780885;3902
66797559;3903
66814233;3904
66830907;3905
66847580;3906
66864254;3907
66880928;3908
66897601;3909
66914275;3910
66930949;3911
66947622;3912
66964296;3913
66980970;3914
66997644;3915
67014317;3916
67030991;3917
67047665;3918
67064338;3919
67081012;3920
67097686;3921
67114359;3922
67131033;3923
67147707;3924
67164381;3925
67181054;3926
67197728;3927
67214402;3928
67231075;3929
67264423;3930
67281097;3931
67297770;3932
67314444;3933
67331118;3934
67347791;3935
67364465;3936
67381139;3937
67397812;3938
67414486;3939
67431160;3940
67447834;3941
67464507;3942
67481181;3943
67497855;3944
67514528;3945
67531202;3946
67547876;3947
67564549;3948
67581223;3949
67597897;3950
67614570;3951
67631244;3952
67647918;3953
67664592;3954
67681265;3955
67697939;3956
67714613;3957
67731286;3958
67764634;3959
67781308;3960
67797981;3961
67814655;3962
67831329;3963
67848002;3964
67864676;3965
67881350;3966
67898023;3967
67914697;3968
67931371;3969
67948045;3970
67964718;3971
67981392;3972
67998066;3973
68014739;3974
68031413;3975
68048087;3976
68064760;3977
68081434;3978
68098108;3979
68114782;3980
68131455;3981
68148129;3982
68164803;3983
68181476;3984
68198150;3985
68214824;3986
68231497;3987
68264845;3988
68281519;3989
68298192;3990
68314866;3991
68331540;3992
68348213;3993
68364887;3994
68381561;3995
68398235;3996
68414908;3997
68431582;3998
68448256;3999
68464929;4000
68481603;4001
68498277;4002
68514950;4003
68531624;4004
68548298;4005
68564972;4006
68581645;4007
68598319;4008
68614993;4009
68631666;4010
68648340;4011
68665014;4012
68681687;4013
68698361;4014
68715035;4015
68731709;4016
68765056;4017
68781730;4018
68798403;4019
68815077;4020
68831751;4021
68848424;4022
68865098;4023
68881772;4024
68898446;4025
68915119;4026
68931793;4027
68948467;4028
68965140;4029
68981814;4030
68998488;4031
69015161;4032
69031835;4033
69048509;4034
69065183;4035
69081856;4036
69098530;4037
69115204;4038
69131877;4039
69148551;4040
69165225;4041
69181898;4042
69198572;4043
69215246;4044
69231920;4045
69265267;4046
69281941;4047
69298614;4048
69315288;4049
69331962;4050
69348635;4051
69365309;4052
69381983;4053
69398657;4054
69415330;4055
69432004;4056
69448678;4057
69465351;4058
69482025;4059
69498699;4060
69515372;4061
69532046;4062
69548720;4063
69565393;4064
69582067;4065
69598741;4066
69615415;4067
69632088;4068
69648762;4069
69665436;4070
69682110;4071
69698783;4072
69715457;4073
69732131;4074
69765478;4075
69782152;4076
69798825;4077
69815499;4078
69832173;4079
69848847;4080
69865520;4081
69882194;4082
69898868;4083
69915541;4084
69932215;4085
69948889;4086
69965562;4087
69982236;4088
69998910;4089
70015584;4090
70032257;4091
70048931;4092
70065605;4093
70082278;4094
70098952;4095
70115626;4096
70132299;4097
70148973;4098
70165647;4099
70182321;4100
70198994;4101
70215668;4102
70232342;4103
70265689;4104
70282363;4105
70299036;4106
70315710;4107
70332384;4108
70349057;4109
70365731;4110
70382405;4111
70399079;4112
70415752;4113
70432426;4114
70449100;4115
70465773;4116
70482447;4117
70499121;4118
70515794;4119
70532468;4120
70549142;4121
70565816;4122
70582489;4123
70599163;4124
70615837;4125
70632510;4126
70649184;4127
70665858;4128
70682532;4129
70699205;4130
70715879;4131
70732553;4132
70765900;4133
70782574;4134
70799247;4135
70815921;4136
70832595;4137
70849268;4138
70865942;4139
70882616;4140
70899290;4141
70915963;4142
70932637;4143
70949311;4144
70965984;4145
70982658;4146
70999332;4147
71016005;4148
71032679;4149
71049353;4150
71066027;4151
71082700;4152
71099374;4153
71116048;4154
71132721;4155
71149395;4156
71166069;4157
71182742;4158
71199416;4159
71216090;4160
71232764;4161
71266111;4162
71282785;4163
71299458;4164
71316132;4165
71332806;4166
71349480;4167
71366153;4168
71382827;4169
71399501;4170
71416174;4171
71432848;4172
71449522;4173
71466195;4174
71482869;4175
71499543;4176
71516217;4177
71532890;4178
71549564;4179
71566238;4180
71582911;4181
71599585;4182
71616259;4183
71632932;4184
71649606;4185
71666280;4186
71682953;4187
71699627;4188
71716301;4189
71732975;4190
71766322;4191
71782996;4192
71799669;4193
71816343;4194
71833017;4195
71849690;4196
71866364;4197
71883038;4198
71899711;4199
71916385;4200
71933059;4201
71949733;4202
71966406;4203
71983080;4204
71999754;4205
72016427;4206
72033101;4207
72049775;4208
72066449;4209
72083122;4210
72099796;4211
72116470;4212
72133143;4213
72149817;4214
72166491;4215
72183164;4216
72199838;4217
72216512;4218
72233186;4219
72249859;4220
72283207;4221
72299880;4222
72316554;4223
72333228;4224
72349901;4225
72366575;4226
72383249;4227
72399923;4228
72416596;4229
72433270;4230
72449944;4231
72466617;4232
72483291;4233
72499965;4234
72516638;4235
72533312;4236
72549986;4237
72566660;4238
72583333;4239
72600007;4240
72616681;4241
72633354;4242
72650028;4243
72666702;4244
72683375;4245
72700049;4246
72716723;4247
72733397;4248
72750070;4249
72783418;4250
72800091;4251
72816765;4252
72833439;4253
72850112;4254
72866786;4255
72883460;4256
72900133;4257
72916807;4258
72933481;4259
72950155;4260
72966828;4261
72983502;4262
73000176;4263
73016849;4264
73033523;4265
73050197;4266
73066871;4267
73083544;4268
73100218;4269
73116892;4270
73133565;4271
73150239;4272
73166913;4273
73183586;4274
73200260;4275
73216934;4276
73233608;4277
73250281;4278
73283629;4279
73300302;4280
73316976;4281
73333650;4282
73350323;4283
73366997;4284
73383671;4285
73400344;4286
73417018;4287
73433692;4288
73450366;4289
73467039;4290
73483713;4291
73500387;4292
73517060;4293
73533734;4294
73550408;4295
73567081;4296
73583755;4297
73600429;4298
73617103;4299
73633776;4300
73650450;4301
73667124;4302
73683797;4303
73700471;4304
73717145;4305
73733818;4306
73750492;4307
73783839;4308
73800513;4309
73817187;4310
73833861;4311
73850534;4312
73867208;4313
73883882;4314
73900555;4315
73917229;4316
73933903;4317
73950577;4318
73967250;4319
73983924;4320
74000598;4321
74017271;4322
74033945;4323
74050619;4324
74067292;4325
74083966;4326
74100640;4327
74117313;4328
74133987;4329
74150661;4330
74167335;4331
74184008;4332
74200682;4333
74217356;4334
74234029;4335
74250703;4336
74284050;4337
74300724;4338
74317398;4339
74334072;4340
74350745;4341
74367419;4342
74384093;4343
74400766;4344
74417440;4345
74434114;4346
74450788;4347
74467461;4348
74484135;4349
74500809;4350
74517482;4351
74534156;4352
74550830;4353
74567503;4354
74584177;4355
74600851;4356
74617524;4357
74634198;4358
74650872;4359
74667546;4360
74684219;4361
74700893;4362
74717567;4363
74734240;4364
74750914;4365
74784261;4366
74800935;4367
74817609;4368
74834283;4369
74850956;4370
74867630;4371
74884304;4372
74900977;4373
74917651;4374
74934325;4375
74950998;4376
74967672;4377
74984346;4378
75001020;4379
75017693;4380
75034367;4381
75051041;4382
75067714;4383
75084388;4384
75101062;4385
75117735;4386
75134409;4387
75151083;4388
75167757;4389
75184430;4390
75201104;4391
75217778;4392
75234451;4393
75251125;4394
75284472;4395
75301146;4396
75317820;4397
75334493;4398
75351167;4399
75367841;4400
75384515;4401
75401188;4402
75417862;4403
75434536;4404
75451209;4405
75467883;4406
75484557;4407
75501230;4408
75517904;4409
75534578;4410
75551252;4411
75567925;4412
75584599;4413
75601273;4414
75617946;4415
75634620;4416
75651294;4417
75667967;4418
75684641;4419
75701315;4420
75717988;4421
75734662;4422
75751336;4423
75784683;4424
75801357;4425
75818031;4426
75834704;4427
75851378;4428
75868052;4429
75884725;4430
75901399;4431
75918073;4432
75934747;4433
75951420;4434
75968094;4435
75984768;4436
76001441;4437
76018115;4438
76034789;4439
76051462;4440
76068136;4441
76084810;4442
76101484;4443
76118157;4444
76134831;4445
76151505;4446
76168178;4447
76184852;4448
76201526;4449
76218199;4450
76234873;4451
76251547;4452
76284894;4453
76301568;4454
76318242;4455
76334915;4456
76351589;4457
76368263;4458
76384936;4459
76401610;4460
76418284;4461
76434957;4462
76451631;4463
76468305;4464
76484979;4465
76501652;4466
76518326;4467
76535000;4468
76551673;4469
76568347;4470
76585021;4471
76601694;4472
76618368;4473
76635042;4474
76651716;4475
76668389;4476
76685063;4477
76701737;4478
76718410;4479
76735084;4480
76751758;4481
76785105;4482
76801779;4483
76818453;4484
76835126;4485
76851800;4486
76868474;4487
76885147;4488
76901821;4489
76918495;4490
76935168;4491
76951842;4492
76968516;4493
76985189;4494
77001863;4495
77018537;4496
77035211;4497
77051884;4498
77068558;4499
77085232;4500
77101905;4501
77118579;4502
77135253;4503
77151926;4504
77168600;4505
77185274;4506
77201948;4507
77218621;4508
77235295;4509
77251969;4510
77285316;4511
77301990;4512
77318663;4513
77335337;4514
77352011;4515
77368684;4516
77385358;4517
77402032;4518
77418706;4519
77435379;4520
77452053;4521
77468727;4522
77485400;4523
77502074;4524
77518748;4525
77535421;4526
77552095;4527
77568769;4528
77585443;4529
77602116;4530
77618790;4531
77635464;4532
77652137;4533
77668811;4534
77685485;4535
77702158;4536
77718832;4537
-1;-1
-1;-1
-1;-1
-1;-1
-1;-1
-1;-1
-1;-1
-1;-1
-1;-1
-1;-1
-1;-1
-1;-1
-1;-1
-1;-1
-1;-1
-1;-1
-1;-1
-1;-1
-1;-1
-1;-1
-1;-1
-1;-1
-1;-1
-1;-1
-1;-1
-1;-1
