64696920;3780
64713594;3781
64730268;3782
64746941;3783
64763615;3784
64780288;3785
64796962;3786
64813636;3787
64830309;3788
64846983;3789
64863657;3790
64880330;3791
64897004;3792
64913678;3793
64930351;3794
64947025;3795
64963699;3796
64980372;3797
64997046;3798
65013720;3799
65030393;3800
65047067;3801
65063740;3802
65080414;3803
65097088;3804
65130435;3805
65147109;3806
65163782;3807
65180456;3808
65197130;3809
65213803;3810
65230477;3811
65247151;3812
65263824;3813
65280498;3814
65297171;3815
65313845;3816
65330519;3817
65347192;3818
65363866;3819
65380540;3820
65397213;3821
65413887;3822
65430561;3823
65447234;3824
65463908;3825
65480582;3826
65497255;3827
65513929;3828
65530603;3829
65547276;3830
65563950;3831
65580624;3832
65597297;3833
65630645;3834
65647318;3835
65663992;3836
65680665;3837
65697339;3838
65714013;3839
65730686;3840
65747360;3841
65764034;3842
65780707;3843
65797381;3844
65814055;3845
65830728;3846
65847402;3847
65864075;3848
65880749;3849
65897423;3850
65914096;3851
65930770;3852
65947444;3853
65964117;3854
65980791;3855
65997465;3856
66014138;3857
66030812;3858
66047486;3859
66064159;3860
66080833;3861
66097507;3862
66130854;3863
66147528;3864
66164201;3865
66180875;3866
66197549;3867
66214222;3868
66230896;3869
66247570;3870
66264243;3871
66280917;3872
66297590;3873
66314264;3874
66330938;3875
66347611;3876
66364285;3877
66380959;3878
66397632;3879
66414306;3880
66430980;3881
66447653;3882
66464327;3883
66481001;3884
66497674;3885
66514348;3886
66531021;3887
66547695;3888
66564369;3889
66581042;3890
66597716;3891
66631063;3892
66647737;3893
66664411;3894
66681084;3895
66697758;3896
66714432;3897
66731105;3898
66747779;3899
66764453;3900
66781126;3901
66797800;3902
66814473;3903
66831147;3904
66847821;3905
66864494;3906
66881168;3907
66897842;3908
66914515;3909
66931189;3910
66947863;3911
66964536;3912
66981210;3913
66997884;3914
67014557;3915
67031231;3916
67047905;3917
67064578;3918
67081252;3919
67097926;3920
67131273;3921
67147946;3922
67164620;3923
67181294;3924
67197967;3925
67214641;3926
67231315;3927
67247988;3928
67264662;3929
67281336;3930
67298009;3931
67314683;3932
67331357;3933
67348030;3934
67364704;3935
67381378;3936
67398051;3937
67414725;3938
67431399;3939
67448072;3940
67464746;3941
67481419;3942
67498093;3943
67514767;3944
67531440;3945
67548114;3946
67564788;3947
67581461;3948
67598135;3949
67631482;3950
67648156;3951
67664830;3952
67681503;3953
67698177;3954
67714851;3955
67731524;3956
67748198;3957
67764872;3958
67781545;3959
67798219;3960
67814892;3961
67831566;3962
67848240;3963
67864913;3964
67881587;3965
67898261;3966
67914934;3967
67931608;3968
67948282;3969
67964955;3970
67981629;3971
67998303;3972
68014976;3973
68031650;3974
68048324;3975
68064997;3976
68081671;3977
68098344;3978
68131692;3979
68148365;3980
68165039;3981
68181713;3982
68198386;3983
68215060;3984
68231734;3985
68248407;3986
68265081;3987
68281755;3988
68298428;3989
68315102;3990
68331775;3991
68348449;3992
68365123;3993
68381797;3994
68398470;3995
68415144;3996
68431817;3997
68448491;3998
68465165;3999
68481838;4000
68498512;4001
68515186;4002
68531859;4003
68548533;4004
68565207;4005
68581880;4006
68598554;4007
68631901;4008
68648575;4009
68665248;4010
68681922;4011
68698596;4012
68715270;4013
68731943;4014
68748617;4015
68765290;4016
68781964;4017
68798638;4018
68815311;4019
68831985;4020
68848659;4021
68865332;4022
68882006;4023
68898680;4024
68915353;4025
68932027;4026
68948701;4027
68965374;4028
68982048;4029
68998721;4030
69015395;4031
69032069;4032
69048742;4033
69065416;4034
69082090;4035
69098763;4036
69132111;4037
69148784;4038
69165458;4039
69182132;4040
69198805;4041
69215479;4042
69232153;4043
69248826;4044
69265500;4045
69282173;4046
69298847;4047
69315521;4048
69332194;4049
69348868;4050
69365542;4051
69382215;4052
69398889;4053
69415563;4054
69432236;4055
69448910;4056
69465584;4057
69482257;4058
69498931;4059
69515605;4060
69532278;4061
69548952;4062
69565626;4063
69582299;4064
69598973;4065
69632320;4066
69648994;4067
69665667;4068
69682341;4069
69699015;4070
69715688;4071
69732362;4072
69749036;4073
69765709;4074
69782383;4075
69799057;4076
69815730;4077
69832404;4078
69849078;4079
69865751;4080
69882425;4081
69899098;4082
69915772;4083
69932446;4084
69949119;4085
69965793;4086
69982467;4087
69999140;4088
70015814;4089
70032488;4090
70049161;4091
70065835;4092
70082509;4093
70099182;4094
70132530;4095
70149203;4096
70165877;4097
70182550;4098
70199224;4099
70215898;4100
70232571;4101
70249245;4102
70265919;4103
70282592;4104
70299266;4105
70315940;4106
70332613;4107
70349287;4108
70365961;4109
70382634;4110
70399308;4111
70415982;4112
70432655;4113
70449329;4114
70466002;4115
70482676;4116
70499350;4117
70516023;4118
70532697;4119
70549371;4120
70566044;4121
70582718;4122
70599392;4123
70632739;4124
70649413;4125
70666086;4126
70682760;4127
70699434;4128
70716107;4129
70732781;4130
70749454;4131
70766128;4132
70782802;4133
70799475;4134
70816149;4135
70832823;4136
70849496;4137
70866170;4138
70882844;4139
70899517;4140
70916191;4141
70932865;4142
70949538;4143
70966212;4144
70982886;4145
70999559;4146
71016233;4147
71032906;4148
71049580;4149
71066254;4150
71082927;4151
71099601;4152
71132948;4153
71149622;4154
71166296;4155
71182969;4156
71199643;4157
71216317;4158
71232990;4159
71249664;4160
71266337;4161
71283011;4162
71299685;4163
71316359;4164
71333032;4165
71349706;4166
71366379;4167
71383053;4168
71399727;4169
71416400;4170
71433074;4171
71449748;4172
71466421;4173
71483095;4174
71499769;4175
71516442;4176
71533116;4177
71549790;4178
71566463;4179
71583137;4180
71599810;4181
71633158;4182
71649831;4183
71666505;4184
71683179;4185
71699852;4186
71716526;4187
71733200;4188
71749873;4189
71766547;4190
71783221;4191
71799894;4192
71816568;4193
71833242;4194
71849915;4195
71866589;4196
71883262;4197
71899936;4198
71916610;4199
71933283;4200
71949957;4201
71966631;4202
71983304;4203
71999978;4204
72016652;4205
72033325;4206
72049999;4207
72066673;4208
72083346;4209
72100020;4210
72133367;4211
72150041;4212
72166714;4213
72183388;4214
72200062;4215
72216735;4216
72233409;4217
72250083;4218
72266756;4219
72283430;4220
72300104;4221
72316777;4222
72333451;4223
72350125;4224
72366798;4225
72383472;4226
72400146;4227
72416819;4228
72433493;4229
72450167;4230
72466840;4231
72483514;4232
72500187;4233
72516861;4234
72533535;4235
72550208;4236
72566882;4237
72583556;4238
72600229;4239
72633577;4240
72650250;4241
72666924;4242
72683597;4243
72700271;4244
72716945;4245
72733618;4246
72750292;4247
72766966;4248
72783639;4249
72800313;4250
72816987;4251
72833660;4252
72850334;4253
72867008;4254
72883681;4255
72900355;4256
72917029;4257
72933702;4258
72950376;4259
72967049;4260
72983723;4261
73000397;4262
73017070;4263
73033744;4264
73050418;4265
73067091;4266
73083765;4267
73100439;4268
73133786;4269
73150460;4270
73167133;4271
73183807;4272
73200481;4273
73217154;4274
73233828;4275
73250501;4276
73267175;4277
73283849;4278
73300522;4279
73317196;4280
73333870;4281
73350543;4282
73367217;4283
73383891;4284
73400564;4285
73417238;4286
73433912;4287
73450585;4288
73467259;4289
73483933;4290
73500606;4291
73517280;4292
73533953;4293
73550627;4294
73567301;4295
73583974;4296
73600648;4297
73633995;4298
73650669;4299
73667343;4300
73684016;4301
73700690;4302
73717364;4303
73734037;4304
73750711;4305
73767385;4306
73784058;4307
73800732;4308
73817406;4309
73834079;4310
73850753;4311
73867426;4312
73884100;4313
73900774;4314
73917447;4315
73934121;4316
73950795;4317
73967468;4318
73984142;4319
74000816;4320
74017489;4321
74034163;4322
74050836;4323
74067510;4324
74084184;4325
74100857;4326
74134205;4327
74150878;4328
74167552;4329
74184226;4330
74200899;4331
74217573;4332
74234247;4333
74250920;4334
74267594;4335
74284268;4336
74300941;4337
74317615;4338
74334288;4339
74350962;4340
74367636;4341
74384309;4342
74400983;4343
74417657;4344
74434330;4345
74451004;4346
74467678;4347
74484351;4348
74501025;4349
74517699;4350
74534372;4351
74551046;4352
74567720;4353
74584393;4354
74601067;4355
74634414;4356
74651088;4357
74667761;4358
74684435;4359
74701109;4360
74717782;4361
74734456;4362
74751130;4363
74767803;4364
74784477;4365
74801151;4366
74817824;4367
74834498;4368
74851172;4369
74867845;4370
74884519;4371
74901192;4372
74917866;4373
74934540;4374
74951213;4375
74967887;4376
74984561;4377
75001234;4378
75017908;4379
75034582;4380
75051255;4381
75067929;4382
75084603;4383
75101276;4384
75134623;4385
75151297;4386
75167971;4387
75184644;4388
75201318;4389
75217992;4390
75234665;4391
75251339;4392
75268013;4393
75284686;4394
75301360;4395
75318034;4396
75334707;4397
75351381;4398
75368055;4399
75384728;4400
75401402;4401
75418075;4402
75434749;4403
75451423;4404
75468096;4405
75484770;4406
75501444;4407
75518117;4408
75534791;4409
75551465;4410
75568138;4411
75584812;4412
75601486;4413
75634833;4414
75651507;4415
75668180;4416
75684854;4417
75701528;4418
75718201;4419
75734875;4420
75751548;4421
75768222;4422
75784896;4423
75801569;4424
75818243;4425
75834917;4426
75851590;4427
75868264;4428
75884937;4429
75901611;4430
75918285;4431
75934958;4432
75951632;4433
75968306;4434
75984979;4435
76001653;4436
76018327;4437
76035000;4438
76051674;4439
76068348;4440
76085021;4441
76101695;4442
76135042;4443
76151716;4444
76168390;4445
76185063;4446
76201737;4447
76218410;4448
76235084;4449
76251758;4450
76268431;4451
76285105;4452
76301779;4453
76318452;4454
76335126;4455
76351800;4456
76368473;4457
76385147;4458
76401821;4459
76418494;4460
76435168;4461
76451842;4462
76468515;4463
76485189;4464
76501862;4465
76518536;4466
76535210;4467
76551883;4468
76568557;4469
76585231;4470
76601904;4471
76635252;4472
76651925;4473
76668599;4474
76685273;4475
76701946;4476
76718620;4477
76735293;4478
76751967;4479
76768641;4480
76785314;4481
76801988;4482
76818662;4483
76835335;4484
76852009;4485
76868683;4486
76885356;4487
76902030;4488
76918704;4489
76935377;4490
76952051;4491
76968724;4492
76985398;4493
77002072;4494
77018745;4495
77035419;4496
77052093;4497
77068766;4498
77085440;4499
77102114;4500
77135461;4501
77152135;4502
77168808;4503
77185482;4504
77202155;4505
77218829;4506
77235503;4507
77252176;4508
77268850;4509
77285524;4510
77302197;4511
77318871;4512
77335545;4513
77352218;4514
77368892;4515
77385566;4516
77402239;4517
77418913;4518
77435586;4519
77452260;4520
77468934;4521
77485607;4522
77502281;4523
77518955;4524
77535628;4525
77552302;4526
77568976;4527
77585649;4528
77602323;4529
77635670;4530
77652344;4531
77669018;4532
77685691;4533
77702365;4534
77719038;4535
-1;-1
-1;-1
-1;-1
-1;-1
-1;-1
-1;-1
-1;-1
-1;-1
-1;-1
-1;-1
-1;-1
-1;-1
-1;-1
-1;-1
-1;-1
-1;-1
-1;-1
-1;-1
-1;-1
-1;-1
-1;-1
-1;-1
-1;-1
-1;-1
-1;-1
-1;-1
