559921265;32491
559937938;32492
559954612;32493
559971286;32494
559987960;32495
560004633;32496
560021307;32497
560037981;32498
560054655;32499
560071328;32500
560088002;32501
560104676;32502
560121350;32503
560138023;32504
560171371;32505
560188045;32506
560204719;32507
560221392;32508
560238066;32509
560254740;32510
560271414;32511
560288087;32512
560304761;32513
560321435;32514
560338109;32515
560354782;32516
560371456;32517
560388130;32518
560404804;32519
560421477;32520
560438151;32521
560454825;32522
560471499;32523
560488173;32524
560504846;32525
560521520;32526
560538194;32527
560554867;32528
560571541;32529
560588215;32530
560604889;32531
560621563;32532
560638236;32533
560671584;32534
560688258;32535
560704931;32536
560721605;32537
560738279;32538
560754953;32539
560771626;32540
560788300;32541
560804974;32542
560821648;32543
560838322;32544
560854995;32545
560871669;32546
560888343;32547
560905017;32548
560921690;32549
560938364;32550
560955038;32551
560971712;32552
560988385;32553
561005059;32554
561021733;32555
561038407;32556
561055080;32557
561071754;32558
561088428;32559
561105102;32560
561121775;32561
561138449;32562
561171797;32563
561188470;32564
561205144;32565
561221818;32566
561238492;32567
561255165;32568
561271839;32569
561288513;32570
561305187;32571
561321860;32572
561338534;32573
561355208;32574
561371882;32575
561388556;32576
561405229;32577
561421903;32578
561438577;32579
561455250;32580
561471924;32581
561488598;32582
561505272;32583
561521946;32584
561538619;32585
561555293;32586
561571967;32587
561588641;32588
561605314;32589
561621988;32590
561638662;32591
561672009;32592
561688683;32593
561705357;32594
561722031;32595
561738704;32596
561755378;32597
561772052;32598
561788726;32599
561805399;32600
561822073;32601
561838747;32602
561855421;32603
561872095;32604
561888768;32605
561905442;32606
561922116;32607
561938790;32608
561955463;32609
561972137;32610
561988811;32611
562005485;32612
562022158;32613
562038832;32614
562055506;32615
562072180;32616
562088853;32617
562105527;32618
562122201;32619
562138875;32620
562172222;32621
562188896;32622
562205570;32623
562222243;32624
562238917;32625
562255591;32626
562272265;32627
562288938;32628
562305612;32629
562322286;32630
562338960;32631
562355633;32632
562372307;32633
562388981;32634
562405655;32635
562422328;32636
562439002;32637
562455676;32638
562472350;32639
562489023;32640
562505697;32641
562522371;32642
562539045;32643
562555718;32644
562572392;32645
562589066;32646
562605740;32647
562622413;32648
562639087;32649
562672435;32650
562689108;32651
562705782;32652
562722456;32653
562739130;32654
562755803;32655
562772477;32656
562789151;32657
562805825;32658
562822498;32659
562839172;32660
562855846;32661
562872520;32662
562889193;32663
562905867;32664
562922541;32665
562939215;32666
562955888;32667
562972562;32668
562989236;32669
563005910;32670
563022583;32671
563039257;32672
563055931;32673
563072605;32674
563089278;32675
563105952;32676
563122626;32677
563139300;32678
563172647;32679
563189321;32680
563205995;32681
563222668;32682
563239342;32683
563256016;32684
563272690;32685
563289363;32686
563306037;32687
563322711;32688
563339385;32689
563356058;32690
563372732;32691
563389406;32692
563406080;32693
563422753;32694
563439427;32695
563456101;32696
563472775;32697
563489448;32698
563506122;32699
563522796;32700
563539470;32701
563556143;32702
563572817;32703
563589491;32704
563606165;32705
563622838;32706
563639512;32707
563672860;32708
563689533;32709
563706207;32710
563722881;32711
563739555;32712
563756228;32713
563772902;32714
563789576;32715
563806250;32716
563822923;32717
563839597;32718
563856271;32719
563872944;32720
563889618;32721
563906292;32722
563922966;32723
563939640;32724
563956313;32725
563972987;32726
563989661;32727
564006335;32728
564023008;32729
564039682;32730
564056356;32731
564073029;32732
564089703;32733
564106377;32734
564123051;32735
564139724;32736
564173072;32737
564189746;32738
564206419;32739
564223093;32740
564239767;32741
564256441;32742
564273114;32743
564289788;32744
564306462;32745
564323136;32746
564339809;32747
564356483;32748
564373157;32749
564389831;32750
564406504;32751
564423178;32752
564439852;32753
564456525;32754
564473199;32755
564489873;32756
564506547;32757
564523221;32758
564539894;32759
564556568;32760
564573242;32761
564589915;32762
564606589;32763
564623263;32764
564639937;32765
564673284;32766
564689958;32767
564706632;32768
564723305;32769
564739979;32770
564756653;32771
564773327;32772
564790000;32773
564806674;32774
564823348;32775
564840022;32776
564856695;32777
564873369;32778
564890043;32779
564906717;32780
564923390;32781
564940064;32782
564956738;32783
564973412;32784
564990085;32785
565006759;32786
565023433;32787
565040106;32788
565056780;32789
565073454;32790
565090128;32791
565106801;32792
565123475;32793
565140149;32794
565173496;32795
565190170;32796
565206844;32797
565223518;32798
565240191;32799
565256865;32800
565273539;32801
565290213;32802
565306886;32803
565323560;32804
565340234;32805
565356907;32806
565373581;32807
565390255;32808
565406929;32809
565423602;32810
565440276;32811
565456950;32812
565473624;32813
565490297;32814
565506971;32815
565523645;32816
565540319;32817
565556992;32818
565573666;32819
565590340;32820
565607013;32821
565623687;32822
565640361;32823
565673708;32824
565690382;32825
565707056;32826
565723730;32827
565740403;32828
565757077;32829
565773751;32830
565790425;32831
565807098;32832
565823772;32833
565840446;32834
565857120;32835
565873793;32836
565890467;32837
565907141;32838
565923815;32839
565940488;32840
565957162;32841
565973836;32842
565990509;32843
566007183;32844
566023857;32845
566040531;32846
566057204;32847
566073878;32848
566090552;32849
566107226;32850
566123899;32851
566140573;32852
566173921;32853
566190594;32854
566207268;32855
566223942;32856
566240615;32857
566257289;32858
566273963;32859
566290637;32860
566307310;32861
566323984;32862
566340658;32863
566357332;32864
566374005;32865
566390679;32866
566407353;32867
566424026;32868
566440700;32869
566457374;32870
566474048;32871
566490721;32872
566507395;32873
566524069;32874
566540743;32875
566557416;32876
566574090;32877
566590764;32878
566607437;32879
566624111;32880
566640785;32881
566674132;32882
566690806;32883
566707480;32884
566724154;32885
566740827;32886
566757501;32887
566774175;32888
566790849;32889
566807522;32890
566824196;32891
566840870;32892
566857543;32893
566874217;32894
566890891;32895
566907565;32896
566924238;32897
566940912;32898
566957586;32899
566974260;32900
566990933;32901
567007607;32902
567024281;32903
567040954;32904
567057628;32905
567074302;32906
567090976;32907
567107649;32908
567124323;32909
567140997;32910
567174344;32911
567191018;32912
567207692;32913
567224365;32914
567241039;32915
567257713;32916
567274387;32917
567291060;32918
567307734;32919
567324408;32920
567341081;32921
567357755;32922
567374429;32923
567391103;32924
567407776;32925
567424450;32926
567441124;32927
567457798;32928
567474471;32929
567491145;32930
567507819;32931
567524492;32932
567541166;32933
567557840;32934
567574514;32935
567591187;32936
567607861;32937
567624535;32938
567641209;32939
567674556;32940
567691230;32941
567707903;32942
567724577;32943
567741251;32944
567757925;32945
567774598;32946
567791272;32947
567807946;32948
567824620;32949
567841293;32950
567857967;32951
567874641;32952
567891314;32953
567907988;32954
567924662;32955
567941336;32956
567958009;32957
567974683;32958
567991357;32959
568008031;32960
568024704;32961
568041378;32962
568058052;32963
568074725;32964
568091399;32965
568108073;32966
568124747;32967
568141420;32968
568174768;32969
568191442;32970
568208115;32971
568224789;32972
568241463;32973
568258136;32974
568274810;32975
568291484;32976
568308157;32977
568324831;32978
568341505;32979
568358179;32980
568374852;32981
568391526;32982
568408200;32983
568424874;32984
568441547;32985
568458221;32986
568474895;32987
568491568;32988
568508242;32989
568524916;32990
568541590;32991
568558263;32992
568574937;32993
568591611;32994
568608285;32995
568624958;32996
568641632;32997
568674979;32998
568691653;32999
568708327;33000
568725001;33001
568741674;33002
568758348;33003
568775022;33004
568791695;33005
568808369;33006
568825043;33007
568841717;33008
568858390;33009
568875064;33010
568891738;33011
568908411;33012
568925085;33013
568941759;33014
568958433;33015
568975106;33016
568991780;33017
569008454;33018
569025128;33019
569041801;33020
569058475;33021
569075149;33022
569091822;33023
569108496;33024
569125170;33025
569141843;33026
569175191;33027
569191865;33028
569208538;33029
569225212;33030
569241886;33031
569258560;33032
569275233;33033
569291907;33034
569308581;33035
569325254;33036
569341928;33037
569358602;33038
569375276;33039
569391949;33040
569408623;33041
569425297;33042
569441970;33043
569458644;33044
569475318;33045
569491992;33046
569508665;33047
569525339;33048
569542013;33049
569558686;33050
569575360;33051
569592034;33052
569608708;33053
569625381;33054
569642055;33055
569675402;33056
569692076;33057
569708750;33058
569725424;33059
569742097;33060
569758771;33061
569775445;33062
569792118;33063
569808792;33064
569825466;33065
569842140;33066
569858813;33067
569875487;33068
569892161;33069
569908834;33070
569925508;33071
569942182;33072
569958856;33073
569975529;33074
569992203;33075
570008877;33076
570025551;33077
570042224;33078
570058898;33079
570075572;33080
570092245;33081
570108919;33082
570125593;33083
570142266;33084
570175614;33085
570192288;33086
570208961;33087
570225635;33088
570242309;33089
570258982;33090
570275656;33091
570292330;33092
570309004;33093
570325677;33094
570342351;33095
570359025;33096
570375698;33097
570392372;33098
570409046;33099
570425720;33100
570442393;33101
570459067;33102
570475741;33103
570492414;33104
570509088;33105
570525762;33106
570542436;33107
570559109;33108
570575783;33109
570592457;33110
570609130;33111
570625804;33112
570642478;33113
570675825;33114
570692499;33115
570709173;33116
570725846;33117
570742520;33118
570759194;33119
570775867;33120
570792541;33121
570809215;33122
570825889;33123
570842562;33124
570859236;33125
570875910;33126
570892584;33127
570909257;33128
570925931;33129
570942605;33130
570959278;33131
570975952;33132
570992626;33133
571009299;33134
571025973;33135
571042647;33136
571059321;33137
571075994;33138
571092668;33139
571109342;33140
571126015;33141
571142689;33142
571176036;33143
571192710;33144
571209384;33145
571226058;33146
571242731;33147
571259405;33148
571276079;33149
571292753;33150
571309426;33151
571326100;33152
571342774;33153
571359447;33154
571376121;33155
571392795;33156
571409468;33157
571426142;33158
571442816;33159
571459490;33160
571476163;33161
571492837;33162
571509511;33163
571526184;33164
571542858;33165
571559532;33166
571576205;33167
571592879;33168
571609553;33169
571626227;33170
571642900;33171
571676248;33172
571692921;33173
571709595;33174
571726269;33175
571742942;33176
571759616;33177
571776290;33178
571792964;33179
571809637;33180
571826311;33181
571842985;33182
571859658;33183
571876332;33184
571893006;33185
571909680;33186
571926353;33187
571943027;33188
571959701;33189
571976374;33190
571993048;33191
572009722;33192
572026396;33193
572043069;33194
572059743;33195
572076417;33196
572093090;33197
572109764;33198
572126438;33199
572143111;33200
572176459;33201
572193133;33202
572209806;33203
572226480;33204
572243154;33205
572259827;33206
572276501;33207
572293175;33208
572309849;33209
572326522;33210
572343196;33211
572359870;33212
572376543;33213
572393217;33214
572409891;33215
572426564;33216
572443238;33217
572459912;33218
572476586;33219
572493259;33220
572509933;33221
572526607;33222
572543280;33223
572559954;33224
572576628;33225
572593301;33226
572609975;33227
572626649;33228
572643323;33229
572676670;33230
572693344;33231
572710017;33232
572726691;33233
572743365;33234
572760038;33235
572776712;33236
572793386;33237
572810059;33238
572826733;33239
572843407;33240
572860081;33241
572876754;33242
572893428;33243
572910102;33244
572926775;33245
572943449;33246
572960123;33247
572976797;33248
572993470;33249
573010144;33250
573026818;33251
573043491;33252
573060165;33253
573076839;33254
573093513;33255
573110186;33256
573126860;33257
573143534;33258
573176881;33259
573193555;33260
573210228;33261
573226902;33262
573243576;33263
573260249;33264
573276923;33265
573293597;33266
573310270;33267
573326944;33268
573343618;33269
573360292;33270
573376965;33271
573393639;33272
573410313;33273
573426986;33274
573443660;33275
573460334;33276
573477007;33277
573493681;33278
573510355;33279
573527029;33280
573543702;33281
573560376;33282
573577050;33283
573593723;33284
573610397;33285
573627071;33286
573643744;33287
573677092;33288
573693766;33289
573710439;33290
573727113;33291
573743787;33292
573760460;33293
573777134;33294
573793808;33295
573810481;33296
573827155;33297
573843829;33298
573860503;33299
573877176;33300
573893850;33301
573910524;33302
573927197;33303
573943871;33304
573960545;33305
573977218;33306
573993892;33307
574010566;33308
574027240;33309
574043913;33310
574060587;33311
574077261;33312
574093934;33313
574110608;33314
574127282;33315
574143955;33316
574177303;33317
574193976;33318
574210650;33319
574227324;33320
574243998;33321
574260671;33322
574277345;33323
574294019;33324
574310692;33325
574327366;33326
574344040;33327
574360713;33328
574377387;33329
574394061;33330
574410735;33331
574427408;33332
574444082;33333
574460756;33334
574477429;33335
574494103;33336
574510777;33337
574527450;33338
574544124;33339
574560798;33340
574577471;33341
574594145;33342
574610819;33343
574627493;33344
574644166;33345
574677514;33346
574694187;33347
574710861;33348
574727535;33349
574744208;33350
574760882;33351
574777556;33352
574794229;33353
574810903;33354
574827577;33355
574844251;33356
574860924;33357
574877598;33358
574894272;33359
574910945;33360
574927619;33361
574944293;33362
574960966;33363
574977640;33364
574994314;33365
575010987;33366
575027661;33367
575044335;33368
575061009;33369
575077682;33370
575094356;33371
575111030;33372
575127703;33373
575144377;33374
575177724;33375
575194398;33376
575211072;33377
575227746;33378
575244419;33379
575261093;33380
575277767;33381
575294440;33382
575311114;33383
575327788;33384
575344461;33385
575361135;33386
575377809;33387
575394482;33388
575411156;33389
575427830;33390
575444504;33391
575461177;33392
575477851;33393
575494525;33394
575511198;33395
575527872;33396
575544546;33397
575561219;33398
575577893;33399
575594567;33400
575611240;33401
575627914;33402
575644588;33403
575677935;33404
575694609;33405
575711283;33406
575727956;33407
575744630;33408
575761304;33409
575777977;33410
575794651;33411
575811325;33412
575827998;33413
575844672;33414
575861346;33415
575878019;33416
575894693;33417
575911367;33418
575928041;33419
575944714;33420
575961388;33421
575978062;33422
575994735;33423
576011409;33424
576028083;33425
576044756;33426
576061430;33427
576078104;33428
576094777;33429
576111451;33430
576128125;33431
576144799;33432
576178146;33433
576194820;33434
576211493;33435
576228167;33436
576244841;33437
576261514;33438
576278188;33439
576294862;33440
576311535;33441
576328209;33442
576344883;33443
576361557;33444
576378230;33445
576394904;33446
576411577;33447
576428251;33448
576444925;33449
576461599;33450
576478272;33451
576494946;33452
576511620;33453
576528293;33454
576544967;33455
576561641;33456
576578314;33457
576594988;33458
576611662;33459
576628336;33460
576645009;33461
576678357;33462
576695030;33463
576711704;33464
576728378;33465
576745051;33466
576761725;33467
576778399;33468
576795072;33469
576811746;33470
576828420;33471
576845093;33472
576861767;33473
576878441;33474
576895115;33475
576911788;33476
576928462;33477
576945136;33478
576961809;33479
576978483;33480
576995157;33481
577011830;33482
577028504;33483
577045178;33484
577061851;33485
577078525;33486
577095199;33487
577111872;33488
577128546;33489
577145220;33490
577178567;33491
577195241;33492
577211915;33493
577228588;33494
577245262;33495
577261936;33496
577278609;33497
577295283;33498
577311957;33499
577328630;33500
577345304;33501
577361978;33502
577378651;33503
577395325;33504
577411999;33505
577428673;33506
577445346;33507
577462020;33508
577478694;33509
577495367;33510
577512041;33511
577528715;33512
577545388;33513
577562062;33514
577578736;33515
577595409;33516
577612083;33517
577628757;33518
577645430;33519
577678778;33520
577695451;33521
577712125;33522
577728799;33523
577745473;33524
577762146;33525
577778820;33526
577795494;33527
577812167;33528
577828841;33529
577845515;33530
577862188;33531
577878862;33532
577895536;33533
577912209;33534
577928883;33535
577945557;33536
577962230;33537
577978904;33538
577995578;33539
578012251;33540
578028925;33541
578045599;33542
578062272;33543
578078946;33544
578095620;33545
578112294;33546
578128967;33547
578145641;33548
578178988;33549
578195662;33550
578212336;33551
578229009;33552
578245683;33553
578262357;33554
578279030;33555
578295704;33556
578312378;33557
578329051;33558
578345725;33559
578362399;33560
578379073;33561
578395746;33562
578412420;33563
578429094;33564
578445767;33565
578462441;33566
578479115;33567
578495788;33568
578512462;33569
578529136;33570
578545809;33571
578562483;33572
578579157;33573
578595830;33574
578612504;33575
578629178;33576
578645851;33577
578679199;33578
578695873;33579
578712546;33580
578729220;33581
578745894;33582
578762567;33583
578779241;33584
578795915;33585
578812588;33586
578829262;33587
578845936;33588
578862609;33589
578879283;33590
578895957;33591
578912630;33592
578929304;33593
578945978;33594
578962651;33595
578979325;33596
578995999;33597
579012672;33598
579029346;33599
579046020;33600
579062693;33601
579079367;33602
579096041;33603
579112715;33604
579129388;33605
579146062;33606
579179409;33607
579196083;33608
579212757;33609
579229430;33610
579246104;33611
579262778;33612
579279451;33613
579296125;33614
579312799;33615
579329472;33616
579346146;33617
579362820;33618
579379493;33619
579396167;33620
579412841;33621
579429515;33622
579446188;33623
579462862;33624
579479536;33625
579496209;33626
579512883;33627
579529557;33628
579546230;33629
579562904;33630
579579578;33631
579596251;33632
579612925;33633
579629599;33634
579646272;33635
579679620;33636
579696293;33637
579712967;33638
579729641;33639
579746314;33640
579762988;33641
579779662;33642
579796336;33643
579813009;33644
579829683;33645
579846356;33646
579863030;33647
579879704;33648
579896378;33649
579913051;33650
579929725;33651
579946399;33652
579963072;33653
579979746;33654
579996420;33655
580013093;33656
580029767;33657
580046441;33658
580063114;33659
580079788;33660
580096462;33661
580113135;33662
580129809;33663
580146482;33664
580179830;33665
580196504;33666
580213178;33667
580229851;33668
580246525;33669
580263199;33670
580279872;33671
580296546;33672
580313220;33673
580329893;33674
580346567;33675
580363241;33676
580379914;33677
580396588;33678
580413262;33679
580429935;33680
580446609;33681
580463283;33682
580479956;33683
580496630;33684
580513304;33685
580529977;33686
580546651;33687
580563325;33688
580579998;33689
580596672;33690
580613346;33691
580630019;33692
580646693;33693
580680040;33694
580696714;33695
580713388;33696
580730062;33697
580746735;33698
580763409;33699
580780083;33700
580796756;33701
580813430;33702
580830104;33703
580846777;33704
580863451;33705
580880125;33706
580896798;33707
580913472;33708
580930146;33709
580946819;33710
580963493;33711
580980167;33712
580996840;33713
581013514;33714
581030188;33715
581046861;33716
581063535;33717
581080209;33718
581096883;33719
581113556;33720
581130230;33721
581146904;33722
581180251;33723
581196925;33724
581213598;33725
581230272;33726
581246946;33727
581263619;33728
581280293;33729
581296967;33730
581313640;33731
581330314;33732
581346988;33733
581363661;33734
581380335;33735
581397009;33736
581413683;33737
581430356;33738
581447030;33739
581463704;33740
581480377;33741
581497051;33742
581513725;33743
581530398;33744
581547072;33745
581563746;33746
581580419;33747
581597093;33748
581613767;33749
581630440;33750
581647114;33751
581680461;33752
581697135;33753
581713809;33754
581730482;33755
581747156;33756
581763830;33757
581780503;33758
581797177;33759
581813851;33760
581830524;33761
581847198;33762
581863872;33763
581880545;33764
581897219;33765
581913893;33766
581930567;33767
581947240;33768
581963914;33769
581980588;33770
581997261;33771
582013935;33772
582030609;33773
582047282;33774
582063956;33775
582080630;33776
582097303;33777
582113977;33778
582130651;33779
582147324;33780
582180672;33781
582197346;33782
582214019;33783
582230693;33784
582247366;33785
582264040;33786
582280714;33787
582297388;33788
582314061;33789
582330735;33790
582347409;33791
582364082;33792
582380756;33793
582397430;33794
582414103;33795
582430777;33796
582447451;33797
582464124;33798
582480798;33799
582497472;33800
582514145;33801
582530819;33802
582547493;33803
582564167;33804
582580840;33805
582597514;33806
582614188;33807
582630861;33808
582647535;33809
582680882;33810
582697556;33811
582714230;33812
582730903;33813
582747577;33814
582764251;33815
582780924;33816
582797598;33817
582814272;33818
582830945;33819
582847619;33820
582864293;33821
582880966;33822
582897640;33823
582914314;33824
582930987;33825
582947661;33826
582964335;33827
582981008;33828
582997682;33829
583014356;33830
583031029;33831
583047703;33832
583064377;33833
583081051;33834
583097724;33835
583114398;33836
583131072;33837
583147745;33838
583181093;33839
583197766;33840
583214440;33841
583231114;33842
583247787;33843
583264461;33844
583281135;33845
583297808;33846
583314482;33847
583331156;33848
583347829;33849
583364503;33850
583381177;33851
583397850;33852
583414524;33853
583431198;33854
583447872;33855
583464545;33856
583481219;33857
583497893;33858
583514566;33859
583531240;33860
583547914;33861
583564587;33862
583581261;33863
583597935;33864
583614608;33865
583631282;33866
583647956;33867
583681303;33868
583697977;33869
583714650;33870
583731324;33871
583747998;33872
583764672;33873
583781345;33874
583798019;33875
583814693;33876
583831366;33877
583848040;33878
583864714;33879
583881387;33880
583898061;33881
583914735;33882
583931408;33883
583948082;33884
583964756;33885
583981429;33886
583998103;33887
584014777;33888
584031450;33889
584048124;33890
584064798;33891
584081471;33892
584098145;33893
584114819;33894
584131492;33895
584148166;33896
584181513;33897
584198187;33898
584214861;33899
584231535;33900
584248208;33901
584264882;33902
584281556;33903
584298229;33904
584314903;33905
584331577;33906
584348250;33907
584364924;33908
584381598;33909
584398271;33910
584414945;33911
584431619;33912
584448292;33913
584464966;33914
584481640;33915
584498313;33916
584514987;33917
584531661;33918
584548335;33919
584565008;33920
584581682;33921
584598356;33922
584615029;33923
584631703;33924
584648377;33925
584681724;33926
584698398;33927
584715071;33928
584731745;33929
584748419;33930
584765092;33931
584781766;33932
584798440;33933
584815113;33934
584831787;33935
584848461;33936
584865135;33937
584881808;33938
584898482;33939
584915156;33940
584931829;33941
584948503;33942
584965177;33943
584981850;33944
584998524;33945
585015198;33946
585031871;33947
585048545;33948
585065219;33949
585081892;33950
585098566;33951
585115240;33952
585131913;33953
585148587;33954
585181935;33955
585198608;33956
585215282;33957
585231956;33958
585248629;33959
585265303;33960
585281977;33961
585298650;33962
585315324;33963
585331998;33964
585348671;33965
585365345;33966
585382019;33967
585398692;33968
585415366;33969
585432040;33970
585448713;33971
585465387;33972
585482061;33973
585498735;33974
585515408;33975
585532082;33976
585548755;33977
585565429;33978
585582103;33979
585598777;33980
585615450;33981
585632124;33982
585648798;33983
585682145;33984
585698819;33985
585715492;33986
585732166;33987
585748840;33988
585765513;33989
585782187;33990
585798861;33991
585815534;33992
585832208;33993
585848882;33994
585865556;33995
585882229;33996
585898903;33997
585915577;33998
585932250;33999
585948924;34000
585965598;34001
585982271;34002
585998945;34003
586015619;34004
586032292;34005
586048966;34006
586065640;34007
586082313;34008
586098987;34009
586115661;34010
586132334;34011
586149008;34012
586182356;34013
586199029;34014
586215703;34015
586232377;34016
586249050;34017
586265724;34018
586282398;34019
586299071;34020
586315745;34021
586332419;34022
586349092;34023
586365766;34024
586382440;34025
586399113;34026
586415787;34027
586432461;34028
586449135;34029
586465808;34030
586482482;34031
586499156;34032
586515829;34033
586532503;34034
586549177;34035
586565850;34036
586582524;34037
586599198;34038
586615871;34039
586632545;34040
586649219;34041
586682566;34042
586699240;34043
586715913;34044
586732587;34045
586749261;34046
586765934;34047
586782608;34048
586799282;34049
586815956;34050
586832629;34051
586849303;34052
586865977;34053
586882650;34054
586899324;34055
586915998;34056
586932671;34057
586949345;34058
586966019;34059
586982692;34060
586999366;34061
587016040;34062
587032714;34063
587049387;34064
587066061;34065
587082735;34066
587099408;34067
587116082;34068
587132756;34069
587149429;34070
587182777;34071
587199450;34072
587216124;34073
587232798;34074
587249471;34075
587266145;34076
587282819;34077
587299492;34078
587316166;34079
587332840;34080
587349514;34081
587366187;34082
587382861;34083
587399535;34084
587416208;34085
587432882;34086
587449556;34087
587466229;34088
587482903;34089
587499577;34090
587516250;34091
587532924;34092
587549598;34093
587566271;34094
587582945;34095
587599619;34096
587616293;34097
587632966;34098
587649640;34099
587682987;34100
587699661;34101
587716335;34102
587733008;34103
587749682;34104
587766356;34105
587783029;34106
587799703;34107
587816377;34108
587833051;34109
587849724;34110
587866398;34111
587883071;34112
587899745;34113
587916419;34114
587933093;34115
587949766;34116
587966440;34117
587983114;34118
587999787;34119
588016461;34120
588033135;34121
588049808;34122
588066482;34123
588083156;34124
588099830;34125
588116503;34126
588133177;34127
588149851;34128
588183198;34129
588199872;34130
588216545;34131
588233219;34132
588249893;34133
588266566;34134
588283240;34135
588299914;34136
588316587;34137
588333261;34138
588349935;34139
588366609;34140
588383282;34141
588399956;34142
588416630;34143
588433303;34144
588449977;34145
588466651;34146
588483324;34147
588499998;34148
588516672;34149
588533345;34150
588550019;34151
588566693;34152
588583367;34153
588600040;34154
588616714;34155
588633388;34156
588650061;34157
588683409;34158
588700082;34159
588716756;34160
588733430;34161
588750103;34162
588766777;34163
588783451;34164
588800125;34165
588816798;34166
588833472;34167
588850146;34168
588866819;34169
588883493;34170
588900167;34171
588916840;34172
588933514;34173
588950188;34174
588966861;34175
588983535;34176
589000209;34177
589016882;34178
589033556;34179
589050230;34180
589066903;34181
589083577;34182
589100251;34183
589116925;34184
589133598;34185
589150272;34186
589183619;34187
589200293;34188
589216967;34189
589233640;34190
589250314;34191
589266988;34192
589283662;34193
589300335;34194
589317009;34195
589333683;34196
589350356;34197
589367030;34198
589383704;34199
589400377;34200
589417051;34201
589433725;34202
589450399;34203
589467072;34204
589483746;34205
589500420;34206
589517093;34207
589533767;34208
589550441;34209
589567114;34210
589583788;34211
589600462;34212
589617135;34213
589633809;34214
589650483;34215
589683830;34216
589700504;34217
589717178;34218
589733851;34219
589750525;34220
589767199;34221
589783872;34222
589800546;34223
589817220;34224
589833893;34225
589850567;34226
589867241;34227
589883915;34228
589900588;34229
589917262;34230
589933936;34231
589950609;34232
589967283;34233
589983957;34234
590000630;34235
590017304;34236
590033978;34237
590050651;34238
590067325;34239
590083999;34240
590100673;34241
590117346;34242
590134020;34243
590150694;34244
590184041;34245
590200715;34246
590217388;34247
590234062;34248
590250736;34249
590267409;34250
590284083;34251
590300757;34252
590317431;34253
590334104;34254
590350778;34255
590367452;34256
590384125;34257
590400799;34258
590417473;34259
590434146;34260
590450820;34261
590467494;34262
590484167;34263
590500841;34264
590517515;34265
590534189;34266
590550862;34267
590567536;34268
590584210;34269
590600883;34270
590617557;34271
590634231;34272
590650904;34273
590684252;34274
590700926;34275
590717599;34276
590734273;34277
590750947;34278
590767620;34279
590784294;34280
590800968;34281
590817641;34282
590834315;34283
590850989;34284
590867663;34285
590884336;34286
590901010;34287
590917684;34288
590934357;34289
590951031;34290
590967705;34291
590984378;34292
591001052;34293
591017726;34294
591034399;34295
591051073;34296
591067747;34297
591084421;34298
591101094;34299
591117768;34300
591134442;34301
591151115;34302
591184463;34303
591201136;34304
591217810;34305
591234484;34306
591251158;34307
591267831;34308
591284505;34309
591301179;34310
591317852;34311
591334526;34312
591351200;34313
591367873;34314
591384547;34315
591401221;34316
591417895;34317
591434568;34318
591451242;34319
591467915;34320
591484589;34321
591501263;34322
591517937;34323
591534610;34324
591551284;34325
591567958;34326
591584631;34327
591601305;34328
591617979;34329
591634653;34330
591651326;34331
591684674;34332
591701347;34333
591718021;34334
591734695;34335
591751368;34336
591768042;34337
591784716;34338
591801390;34339
591818063;34340
591834737;34341
591851411;34342
591868084;34343
591884758;34344
591901432;34345
591918105;34346
591934779;34347
591951453;34348
591968126;34349
591984800;34350
592001474;34351
592018148;34352
592034821;34353
592051495;34354
592068169;34355
592084842;34356
592101516;34357
592118190;34358
592134863;34359
592151537;34360
592184885;34361
592201558;34362
592218232;34363
592234906;34364
592251579;34365
592268253;34366
592284927;34367
592301600;34368
592318274;34369
592334948;34370
592351621;34371
592368295;34372
592384969;34373
592401643;34374
592418316;34375
592434990;34376
592451664;34377
592468337;34378
592485011;34379
592501685;34380
592518358;34381
592535032;34382
592551706;34383
592568380;34384
592585053;34385
592601727;34386
592618401;34387
592635074;34388
592651748;34389
592685095;34390
592701769;34391
592718443;34392
592735117;34393
592751790;34394
592768464;34395
592785138;34396
592801811;34397
592818485;34398
592835159;34399
592851832;34400
592868506;34401
592885180;34402
592901853;34403
592918527;34404
592935201;34405
592951875;34406
592968548;34407
592985222;34408
593001896;34409
593018569;34410
593035243;34411
593051917;34412
593068591;34413
593085264;34414
593101938;34415
593118612;34416
593135285;34417
593151959;34418
593185306;34419
593201980;34420
593218654;34421
593235327;34422
593252001;34423
593268675;34424
593285349;34425
593302022;34426
593318696;34427
593335370;34428
593352043;34429
593368717;34430
593385391;34431
593402064;34432
593418738;34433
593435412;34434
593452086;34435
593468759;34436
593485433;34437
593502107;34438
593518780;34439
593535454;34440
593552128;34441
593568802;34442
593585475;34443
593602149;34444
593618823;34445
593635496;34446
593652170;34447
593685517;34448
593702191;34449
593718865;34450
593735539;34451
593752212;34452
593768886;34453
593785560;34454
593802233;34455
593818907;34456
593835581;34457
593852254;34458
593868928;34459
593885602;34460
593902275;34461
593918949;34462
593935623;34463
593952297;34464
593968970;34465
593985644;34466
594002318;34467
594018991;34468
594035665;34469
594052339;34470
594069013;34471
594085686;34472
594102360;34473
594119034;34474
594135707;34475
594152381;34476
594185728;34477
594202402;34478
594219076;34479
594235749;34480
594252423;34481
594269097;34482
594285771;34483
594302444;34484
594319118;34485
594335792;34486
594352466;34487
594369139;34488
594385813;34489
594402487;34490
594419160;34491
594435834;34492
594452508;34493
594469181;34494
594485855;34495
594502529;34496
594519202;34497
594535876;34498
594552550;34499
594569224;34500
594585897;34501
594602571;34502
594619245;34503
594635918;34504
594652592;34505
594685939;34506
594702613;34507
594719287;34508
594735961;34509
594752634;34510
594769308;34511
594785982;34512
594802655;34513
594819329;34514
594836003;34515
594852677;34516
594869350;34517
594886024;34518
594902698;34519
594919371;34520
594936045;34521
594952719;34522
594969393;34523
594986066;34524
595002740;34525
595019414;34526
595036087;34527
595052761;34528
595069435;34529
595086108;34530
595102782;34531
595119456;34532
595136130;34533
595152803;34534
595186151;34535
595202824;34536
595219498;34537
595236172;34538
595252845;34539
595269519;34540
595286193;34541
595302867;34542
595319540;34543
595336214;34544
595352888;34545
595369561;34546
595386235;34547
595402909;34548
595419583;34549
595436256;34550
595452930;34551
595469604;34552
595486277;34553
595502951;34554
595519625;34555
595536299;34556
595552972;34557
595569646;34558
595586320;34559
595602993;34560
595619667;34561
595636341;34562
595653014;34563
595669688;34564
595703036;34565
595719709;34566
595736383;34567
595753057;34568
595769730;34569
595786404;34570
595803078;34571
595819752;34572
595836425;34573
595853099;34574
595869773;34575
595886446;34576
595903120;34577
595919794;34578
595936467;34579
595953141;34580
595969815;34581
595986489;34582
596003162;34583
596019836;34584
596036510;34585
596053183;34586
596069857;34587
596086531;34588
596103205;34589
596119878;34590
596136552;34591
596153226;34592
596169899;34593
596203247;34594
596219921;34595
596236594;34596
596253268;34597
596269942;34598
596286615;34599
596303289;34600
596319963;34601
596336636;34602
596353310;34603
596369984;34604
596386658;34605
596403331;34606
596420005;34607
596436679;34608
596453352;34609
596470026;34610
596486700;34611
596503374;34612
596520047;34613
596536721;34614
596553395;34615
596570068;34616
596586742;34617
596603416;34618
596620089;34619
596636763;34620
596653437;34621
596670111;34622
596703458;34623
596720132;34624
596736806;34625
596753479;34626
596770153;34627
596786827;34628
596803500;34629
596820174;34630
596836848;34631
596853521;34632
596870195;34633
596886869;34634
596903543;34635
596920216;34636
596936890;34637
596953564;34638
596970237;34639
596986911;34640
597003585;34641
597020258;34642
597036932;34643
597053606;34644
597070280;34645
597086953;34646
597103627;34647
597120301;34648
597136974;34649
597153648;34650
597170322;34651
597203669;34652
597220343;34653
597237017;34654
597253690;34655
597270364;34656
597287038;34657
597303712;34658
597320385;34659
597337059;34660
597353733;34661
597370406;34662
597387080;34663
597403754;34664
597420428;34665
597437101;34666
597453775;34667
597470449;34668
597487122;34669
597503796;34670
597520470;34671
597537144;34672
597553817;34673
597570491;34674
597587165;34675
597603838;34676
597620512;34677
597637186;34678
597653859;34679
597670533;34680
597703881;34681
597720554;34682
597737228;34683
597753902;34684
597770575;34685
597787249;34686
597803923;34687
597820597;34688
597837270;34689
597853944;34690
597870618;34691
597887291;34692
597903965;34693
597920639;34694
597937313;34695
597953986;34696
597970660;34697
597987334;34698
598004007;34699
598020681;34700
598037355;34701
598054029;34702
598070702;34703
598087376;34704
598104050;34705
598120723;34706
598137397;34707
598154071;34708
598170745;34709
598204092;34710
598220766;34711
598237439;34712
598254113;34713
598270787;34714
598287461;34715
598304134;34716
598320808;34717
598337482;34718
598354155;34719
598370829;34720
598387503;34721
598404177;34722
598420850;34723
598437524;34724
598454198;34725
598470871;34726
598487545;34727
598504219;34728
598520893;34729
598537566;34730
598554240;34731
598570914;34732
598587587;34733
598604261;34734
598620935;34735
598637608;34736
598654282;34737
598670956;34738
598704303;34739
598720977;34740
598737651;34741
598754324;34742
598770998;34743
598787672;34744
598804346;34745
598821019;34746
598837693;34747
598854367;34748
598871040;34749
598887714;34750
598904388;34751
598921062;34752
598937735;34753
598954409;34754
598971083;34755
598987756;34756
599004430;34757
599021104;34758
599037778;34759
599054451;34760
599071125;34761
599087799;34762
599104472;34763
599121146;34764
599137820;34765
599154494;34766
599171167;34767
599204515;34768
599221188;34769
599237862;34770
599254536;34771
599271210;34772
599287883;34773
599304557;34774
599321231;34775
599337904;34776
599354578;34777
599371252;34778
599387926;34779
599404599;34780
599421273;34781
599437947;34782
599454621;34783
599471294;34784
599487968;34785
599504642;34786
599521315;34787
599537989;34788
599554663;34789
599571336;34790
599588010;34791
599604684;34792
599621358;34793
599638031;34794
599654705;34795
599671379;34796
599704726;34797
599721400;34798
599738074;34799
599754747;34800
599771421;34801
599788095;34802
599804768;34803
599821442;34804
599838116;34805
599854790;34806
599871463;34807
599888137;34808
599904811;34809
599921484;34810
599938158;34811
599954832;34812
599971506;34813
599988179;34814
600004853;34815
600021527;34816
600038200;34817
600054874;34818
600071548;34819
600088222;34820
600104895;34821
600121569;34822
600138243;34823
600154916;34824
600171590;34825
600204938;34826
600221611;34827
600238285;34828
600254959;34829
600271632;34830
600288306;34831
600304980;34832
600321654;34833
600338327;34834
600355001;34835
600371675;34836
600388348;34837
600405022;34838
600421696;34839
600438370;34840
600455043;34841
600471717;34842
600488391;34843
600505064;34844
600521738;34845
600538412;34846
600555086;34847
600571759;34848
600588433;34849
600605107;34850
600621780;34851
600638454;34852
600655128;34853
600671802;34854
600705149;34855
600721823;34856
600738496;34857
600755170;34858
600771844;34859
600788518;34860
600805191;34861
600821865;34862
600838539;34863
600855212;34864
600871886;34865
600888560;34866
600905234;34867
600921907;34868
600938581;34869
600955255;34870
600971928;34871
600988602;34872
601005276;34873
601021950;34874
601038623;34875
601055297;34876
601071971;34877
601088644;34878
601105318;34879
601121992;34880
601138666;34881
601155339;34882
601172013;34883
601205361;34884
601222034;34885
601238708;34886
601255382;34887
601272055;34888
601288729;34889
601305403;34890
601322077;34891
601338750;34892
601355424;34893
601372098;34894
601388771;34895
601405445;34896
601422119;34897
601438793;34898
601455466;34899
601472140;34900
601488814;34901
601505487;34902
601522161;34903
601538835;34904
601555509;34905
601572182;34906
601588856;34907
601605530;34908
601622203;34909
601638877;34910
601655551;34911
601672225;34912
601705572;34913
601722246;34914
601738920;34915
601755593;34916
601772267;34917
601788941;34918
601805614;34919
601822288;34920
601838962;34921
601855636;34922
601872309;34923
601888983;34924
601905657;34925
601922330;34926
601939004;34927
601955678;34928
601972352;34929
601989025;34930
602005699;34931
602022373;34932
602039046;34933
602055720;34934
602072394;34935
602089068;34936
602105741;34937
602122415;34938
602139089;34939
602155762;34940
602172436;34941
602205783;34942
602222457;34943
602239131;34944
602255805;34945
602272478;34946
602289152;34947
602305826;34948
602322500;34949
602339173;34950
602355847;34951
602372521;34952
602389194;34953
602405868;34954
602422542;34955
602439216;34956
602455889;34957
602472563;34958
602489237;34959
602505910;34960
602522584;34961
602539258;34962
602555932;34963
602572605;34964
602589279;34965
602605953;34966
602622626;34967
602639300;34968
602655974;34969
602672648;34970
602705995;34971
602722669;34972
602739342;34973
602756016;34974
602772690;34975
602789364;34976
602806037;34977
602822711;34978
602839385;34979
602856059;34980
602872732;34981
602889406;34982
602906080;34983
602922753;34984
602939427;34985
602956101;34986
602972774;34987
602989448;34988
603006122;34989
603022796;34990
603039469;34991
603056143;34992
603072817;34993
603089491;34994
603106164;34995
603122838;34996
603139512;34997
603156185;34998
603172859;34999
603206207;35000
603222880;35001
603239554;35002
603256228;35003
603272901;35004
603289575;35005
603306249;35006
603322923;35007
603339596;35008
603356270;35009
603372944;35010
603389617;35011
603406291;35012
603422965;35013
603439639;35014
603456312;35015
603472986;35016
603489660;35017
603506334;35018
603523007;35019
603539681;35020
603556355;35021
603573028;35022
603589702;35023
603606376;35024
603623050;35025
603639723;35026
603656397;35027
603673071;35028
603706418;35029
603723092;35030
603739766;35031
603756439;35032
603773113;35033
603789787;35034
603806460;35035
603823134;35036
603839808;35037
603856482;35038
603873155;35039
603889829;35040
603906503;35041
603923176;35042
603939850;35043
603956524;35044
603973198;35045
603989871;35046
604006545;35047
604023219;35048
604039893;35049
604056566;35050
604073240;35051
604089914;35052
604106587;35053
604123261;35054
604139935;35055
604156608;35056
604173282;35057
604206630;35058
604223303;35059
604239977;35060
604256651;35061
604273324;35062
604289998;35063
604306672;35064
604323346;35065
604340019;35066
604356693;35067
604373367;35068
604390041;35069
604406714;35070
604423388;35071
604440062;35072
604456735;35073
604473409;35074
604490083;35075
604506757;35076
604523430;35077
604540104;35078
604556778;35079
604573451;35080
604590125;35081
604606799;35082
604623473;35083
604640146;35084
604656820;35085
604673494;35086
604706841;35087
604723515;35088
604740189;35089
604756862;35090
604773536;35091
604790210;35092
604806884;35093
604823557;35094
604840231;35095
604856905;35096
604873578;35097
604890252;35098
604906926;35099
604923599;35100
604940273;35101
604956947;35102
604973621;35103
604990294;35104
605006968;35105
605023642;35106
605040316;35107
605056989;35108
605073663;35109
605090337;35110
605107010;35111
605123684;35112
605140358;35113
605157032;35114
605173705;35115
605207053;35116
605223726;35117
605240400;35118
605257074;35119
605273748;35120
605290421;35121
605307095;35122
605323769;35123
605340443;35124
605357116;35125
605373790;35126
605390464;35127
605407137;35128
605423811;35129
605440485;35130
605457159;35131
605473832;35132
605490506;35133
605507180;35134
605523853;35135
605540527;35136
605557201;35137
605573875;35138
605590548;35139
605607222;35140
605623896;35141
605640569;35142
605657243;35143
605673917;35144
605707264;35145
605723938;35146
605740612;35147
605757285;35148
605773959;35149
605790633;35150
605807307;35151
605823980;35152
605840654;35153
605857328;35154
605874002;35155
605890675;35156
605907349;35157
605924023;35158
605940696;35159
605957370;35160
605974044;35161
605990718;35162
606007391;35163
606024065;35164
606040739;35165
606057412;35166
606074086;35167
606090760;35168
606107434;35169
606124107;35170
606140781;35171
606157455;35172
606174128;35173
606207476;35174
606224150;35175
606240823;35176
606257497;35177
606274171;35178
606290844;35179
606307518;35180
606324192;35181
606340866;35182
606357539;35183
606374213;35184
606390887;35185
606407560;35186
606424234;35187
606440908;35188
606457582;35189
606474255;35190
606490929;35191
606507603;35192
606524277;35193
606540950;35194
606557624;35195
606574298;35196
606590971;35197
606607645;35198
606624319;35199
606640993;35200
606657666;35201
606674340;35202
606707687;35203
606724361;35204
606741035;35205
606757709;35206
606774382;35207
606791056;35208
606807730;35209
606824403;35210
606841077;35211
606857751;35212
606874425;35213
606891098;35214
606907772;35215
606924446;35216
606941119;35217
606957793;35218
606974467;35219
606991141;35220
607007814;35221
607024488;35222
607041162;35223
607057835;35224
607074509;35225
607091183;35226
607107857;35227
607124530;35228
607141204;35229
607157878;35230
607174552;35231
607207899;35232
607224573;35233
607241246;35234
607257920;35235
607274594;35236
607291267;35237
607307941;35238
607324615;35239
607341289;35240
607357962;35241
607374636;35242
607391310;35243
607407984;35244
607424657;35245
607441331;35246
607458005;35247
607474678;35248
607491352;35249
607508026;35250
607524700;35251
607541373;35252
607558047;35253
607574721;35254
607591395;35255
607608068;35256
607624742;35257
607641416;35258
607658089;35259
607674763;35260
607708110;35261
607724784;35262
607741458;35263
607758132;35264
607774805;35265
607791479;35266
607808153;35267
607824826;35268
607841500;35269
607858174;35270
607874848;35271
607891521;35272
607908195;35273
607924869;35274
607941543;35275
607958216;35276
607974890;35277
607991564;35278
608008237;35279
608024911;35280
608041585;35281
608058259;35282
608074932;35283
608091606;35284
608108280;35285
608124953;35286
608141627;35287
608158301;35288
608174975;35289
608208322;35290
608224996;35291
608241669;35292
608258343;35293
608275017;35294
608291691;35295
608308364;35296
608325038;35297
608341712;35298
608358385;35299
608375059;35300
608391733;35301
608408407;35302
608425080;35303
608441754;35304
608458428;35305
608475101;35306
608491775;35307
608508449;35308
608525123;35309
608541796;35310
608558470;35311
608575144;35312
608591818;35313
608608491;35314
608625165;35315
608641839;35316
608658512;35317
608675186;35318
608708533;35319
608725207;35320
608741881;35321
608758555;35322
608775228;35323
608791902;35324
608808576;35325
608825250;35326
608841923;35327
608858597;35328
608875271;35329
608891944;35330
608908618;35331
608925292;35332
608941966;35333
608958639;35334
608975313;35335
608991987;35336
609008661;35337
609025334;35338
609042008;35339
609058682;35340
609075355;35341
609092029;35342
609108703;35343
609125376;35344
609142050;35345
609158724;35346
609175398;35347
609208745;35348
609225419;35349
609242093;35350
609258766;35351
609275440;35352
609292114;35353
609308787;35354
609325461;35355
609342135;35356
609358809;35357
609375482;35358
609392156;35359
609408830;35360
609425503;35361
609442177;35362
609458851;35363
609475525;35364
609492198;35365
609508872;35366
609525546;35367
609542219;35368
609558893;35369
609575567;35370
609592241;35371
609608914;35372
609625588;35373
609642262;35374
609658935;35375
609675609;35376
609708957;35377
609725630;35378
609742304;35379
609758978;35380
609775651;35381
609792325;35382
609808999;35383
609825673;35384
609842346;35385
609859020;35386
609875694;35387
609892367;35388
609909041;35389
609925715;35390
609942389;35391
609959062;35392
609975736;35393
609992410;35394
610009083;35395
610025757;35396
610042431;35397
610059105;35398
610075778;35399
610092452;35400
610109126;35401
610125799;35402
610142473;35403
610159147;35404
610175821;35405
610209168;35406
610225842;35407
610242515;35408
610259189;35409
610275863;35410
610292537;35411
610309210;35412
610325884;35413
610342558;35414
610359231;35415
610375905;35416
610392579;35417
610409253;35418
610425926;35419
610442600;35420
610459274;35421
610475948;35422
610492621;35423
610509295;35424
610525969;35425
610542642;35426
610559316;35427
610575990;35428
610592663;35429
610609337;35430
610626011;35431
610642685;35432
610659358;35433
610676032;35434
610692706;35435
610726053;35436
610742727;35437
610759401;35438
610776074;35439
610792748;35440
610809422;35441
610826096;35442
610842769;35443
610859443;35444
610876117;35445
610892790;35446
610909464;35447
610926138;35448
610942812;35449
610959485;35450
610976159;35451
610992833;35452
611009506;35453
611026180;35454
611042854;35455
611059528;35456
611076201;35457
611092875;35458
611109549;35459
611126222;35460
611142896;35461
611159570;35462
611176244;35463
611192917;35464
611226265;35465
611242938;35466
611259612;35467
611276286;35468
611292960;35469
611309633;35470
611326307;35471
611342981;35472
611359654;35473
611376328;35474
611393002;35475
611409676;35476
611426349;35477
611443023;35478
611459697;35479
611476370;35480
611493044;35481
611509718;35482
611526392;35483
611543065;35484
611559739;35485
611576413;35486
611593086;35487
611609760;35488
611626434;35489
611643108;35490
611659781;35491
611676455;35492
611693129;35493
611726476;35494
611743150;35495
611759824;35496
611776497;35497
611793171;35498
611809845;35499
611826518;35500
611843192;35501
611859866;35502
611876540;35503
611893213;35504
611909887;35505
611926561;35506
611943234;35507
611959908;35508
611976582;35509
611993256;35510
612009929;35511
612026603;35512
612043277;35513
612059950;35514
612076624;35515
612093298;35516
612109972;35517
612126645;35518
612143319;35519
612159993;35520
612176666;35521
612193340;35522
612226688;35523
612243361;35524
612260035;35525
612276709;35526
612293382;35527
612310056;35528
612326730;35529
612343404;35530
612360077;35531
612376751;35532
612393425;35533
612410098;35534
612426772;35535
612443446;35536
612460119;35537
612476793;35538
612493467;35539
612510141;35540
612526814;35541
612543488;35542
612560162;35543
612576835;35544
612593509;35545
612610183;35546
612626857;35547
612643530;35548
612660204;35549
612676878;35550
612693551;35551
612726899;35552
612743573;35553
612760246;35554
612776920;35555
612793594;35556
612810267;35557
612826941;35558
612843615;35559
612860289;35560
612876962;35561
612893636;35562
612910310;35563
612926983;35564
612943657;35565
612960331;35566
612977005;35567
612993678;35568
613010352;35569
613027026;35570
613043699;35571
613060373;35572
613077047;35573
613093721;35574
613110394;35575
613127068;35576
613143742;35577
613160415;35578
613177089;35579
613193763;35580
613227110;35581
613243784;35582
613260458;35583
613277131;35584
613293805;35585
613310479;35586
613327153;35587
613343826;35588
613360500;35589
613377174;35590
613393847;35591
613410521;35592
613427195;35593
613443868;35594
613460542;35595
613477216;35596
613493890;35597
613510563;35598
613527237;35599
613543911;35600
613560584;35601
613577258;35602
613593932;35603
613610606;35604
613627279;35605
613643953;35606
613660627;35607
613677300;35608
613693974;35609
613727322;35610
613743995;35611
613760669;35612
613777343;35613
613794016;35614
613810690;35615
613827364;35616
613844037;35617
613860711;35618
613877385;35619
613894059;35620
613910732;35621
613927406;35622
613944080;35623
613960753;35624
613977427;35625
613994101;35626
614010775;35627
614027448;35628
614044122;35629
614060796;35630
614077469;35631
614094143;35632
614110817;35633
614127490;35634
614144164;35635
614160838;35636
614177512;35637
614194185;35638
614227533;35639
614244206;35640
614260880;35641
614277554;35642
614294228;35643
614310901;35644
614327575;35645
614344249;35646
614360922;35647
614377596;35648
614394270;35649
614410944;35650
614427617;35651
614444291;35652
614460965;35653
614477638;35654
614494312;35655
614510986;35656
614527659;35657
614544333;35658
614561007;35659
614577681;35660
614594354;35661
614611028;35662
614627702;35663
614644375;35664
614661049;35665
614677723;35666
614694397;35667
614727744;35668
614744418;35669
614761091;35670
614777765;35671
614794439;35672
614811112;35673
614827786;35674
614844460;35675
614861134;35676
614877807;35677
614894481;35678
614911155;35679
614927829;35680
614944502;35681
614961176;35682
614977850;35683
614994523;35684
615011197;35685
615027871;35686
615044544;35687
615061218;35688
615077892;35689
615094566;35690
615111239;35691
615127913;35692
615144587;35693
615161260;35694
615177934;35695
615194608;35696
615227955;35697
615244629;35698
615261303;35699
615277976;35700
615294650;35701
615311324;35702
615327997;35703
615344671;35704
615361345;35705
615378019;35706
615394692;35707
615411366;35708
615428040;35709
615444713;35710
615461387;35711
615478061;35712
615494734;35713
615511408;35714
615528082;35715
615544756;35716
615561429;35717
615578103;35718
615594777;35719
615611450;35720
615628124;35721
615644798;35722
615661472;35723
615678145;35724
615694819;35725
615728166;35726
615744840;35727
615761514;35728
615778187;35729
615794861;35730
615811535;35731
615828209;35732
615844882;35733
615861556;35734
615878230;35735
615894903;35736
615911577;35737
615928251;35738
615944925;35739
615961598;35740
615978272;35741
615994946;35742
616011619;35743
616028293;35744
616044967;35745
616061641;35746
616078314;35747
616094988;35748
616111662;35749
616128335;35750
616145009;35751
616161683;35752
616178356;35753
616195030;35754
616228378;35755
616245051;35756
616261725;35757
616278399;35758
616295072;35759
616311746;35760
616328420;35761
616345093;35762
616361767;35763
616378441;35764
616395115;35765
616411788;35766
616428462;35767
616445136;35768
616461809;35769
616478483;35770
616495157;35771
616511831;35772
616528504;35773
616545178;35774
616561852;35775
616578525;35776
616595199;35777
616611873;35778
616628546;35779
616645220;35780
616661894;35781
616678568;35782
616695241;35783
616728589;35784
616745262;35785
616761936;35786
616778610;35787
616795283;35788
616811957;35789
616828631;35790
616845305;35791
616861978;35792
616878652;35793
616895326;35794
616911999;35795
616928673;35796
616945347;35797
616962021;35798
616978694;35799
616995368;35800
617012042;35801
617028715;35802
617045389;35803
617062063;35804
617078736;35805
617095410;35806
617112084;35807
617128758;35808
617145431;35809
617162105;35810
617178779;35811
617195452;35812
617228800;35813
617245473;35814
617262147;35815
617278821;35816
617295495;35817
617312168;35818
617328842;35819
617345516;35820
617362189;35821
617378863;35822
617395537;35823
617412211;35824
617428884;35825
617445558;35826
617462232;35827
617478905;35828
617495579;35829
617512253;35830
617528926;35831
617545600;35832
617562274;35833
617578947;35834
617595621;35835
617612295;35836
617628969;35837
617645642;35838
617662316;35839
617678990;35840
617695663;35841
617729011;35842
617745685;35843
617762358;35844
617779032;35845
617795706;35846
617812379;35847
617829053;35848
617845727;35849
617862400;35850
617879074;35851
617895748;35852
617912422;35853
617929095;35854
617945769;35855
617962443;35856
617979116;35857
617995790;35858
618012464;35859
618029137;35860
618045811;35861
618062485;35862
618079159;35863
618095832;35864
618112506;35865
618129180;35866
618145853;35867
618162527;35868
618179201;35869
618195874;35870
618229222;35871
618245896;35872
618262569;35873
618279243;35874
618295917;35875
618312590;35876
618329264;35877
618345938;35878
618362611;35879
618379285;35880
618395959;35881
618412633;35882
618429306;35883
618445980;35884
618462654;35885
618479327;35886
618496001;35887
618512675;35888
618529348;35889
618546022;35890
618562696;35891
618579370;35892
618596043;35893
618612717;35894
618629391;35895
618646064;35896
618662738;35897
618679412;35898
618696085;35899
618729433;35900
618746107;35901
618762780;35902
618779454;35903
618796128;35904
618812801;35905
618829475;35906
618846149;35907
618862822;35908
618879496;35909
618896170;35910
618912844;35911
618929517;35912
618946191;35913
618962865;35914
618979538;35915
618996212;35916
619012886;35917
619029559;35918
619046233;35919
619062907;35920
619079580;35921
619096254;35922
619112928;35923
619129602;35924
619146275;35925
619162949;35926
619179623;35927
619196296;35928
619229644;35929
619246318;35930
619262991;35931
619279665;35932
619296339;35933
619313012;35934
619329686;35935
619346360;35936
619363033;35937
619379707;35938
619396381;35939
619413055;35940
619429728;35941
619446402;35942
619463076;35943
619479749;35944
619496423;35945
619513097;35946
619529770;35947
619546444;35948
619563118;35949
619579792;35950
619596465;35951
619613139;35952
619629813;35953
619646486;35954
619663160;35955
619679834;35956
619696507;35957
619729855;35958
619746528;35959
619763202;35960
619779876;35961
619796550;35962
619813223;35963
619829897;35964
619846571;35965
619863244;35966
619879918;35967
619896592;35968
619913265;35969
619929939;35970
619946613;35971
619963287;35972
619979960;35973
619996634;35974
620013308;35975
620029981;35976
620046655;35977
620063329;35978
620080002;35979
620096676;35980
620113350;35981
620130023;35982
620146697;35983
620163371;35984
620180045;35985
620196718;35986
620230066;35987
620246739;35988
620263413;35989
620280087;35990
620296760;35991
620313434;35992
620330108;35993
620346781;35994
620363455;35995
620380129;35996
620396803;35997
620413476;35998
620430150;35999
620446824;36000
620463497;36001
620480171;36002
620496845;36003
620513518;36004
620530192;36005
620546866;36006
620563540;36007
620580213;36008
620596887;36009
620613561;36010
620630234;36011
620646908;36012
620663582;36013
620680255;36014
620696929;36015
620730277;36016
620746950;36017
620763624;36018
620780298;36019
620796971;36020
620813645;36021
620830319;36022
620846992;36023
620863666;36024
620880340;36025
620897014;36026
620913687;36027
620930361;36028
620947035;36029
620963708;36030
620980382;36031
620997056;36032
621013729;36033
621030403;36034
621047077;36035
621063750;36036
621080424;36037
621097098;36038
621113771;36039
621130445;36040
621147119;36041
621163793;36042
621180466;36043
621197140;36044
621230487;36045
621247161;36046
621263835;36047
621280508;36048
621297182;36049
621313856;36050
621330530;36051
621347203;36052
621363877;36053
621380551;36054
621397224;36055
621413898;36056
621430572;36057
621447245;36058
621463919;36059
621480593;36060
621497266;36061
621513940;36062
621530614;36063
621547287;36064
621563961;36065
621580635;36066
621597309;36067
621613982;36068
621630656;36069
621647330;36070
621664003;36071
621680677;36072
621697351;36073
621730698;36074
621747372;36075
621764046;36076
621780719;36077
621797393;36078
621814067;36079
621830740;36080
621847414;36081
621864088;36082
621880761;36083
621897435;36084
621914109;36085
621930782;36086
621947456;36087
621964130;36088
621980803;36089
621997477;36090
622014151;36091
622030825;36092
622047498;36093
622064172;36094
622080846;36095
622097519;36096
622114193;36097
622130867;36098
622147540;36099
622164214;36100
622180888;36101
622197562;36102
622230909;36103
622247583;36104
622264256;36105
622280930;36106
622297604;36107
622314277;36108
622330951;36109
622347625;36110
622364299;36111
622380972;36112
622397646;36113
622414320;36114
622430993;36115
622447667;36116
622464341;36117
622481014;36118
622497688;36119
622514362;36120
622531035;36121
622547709;36122
622564383;36123
622581056;36124
622597730;36125
622614404;36126
622631078;36127
622647751;36128
622664425;36129
622681099;36130
622697772;36131
622731120;36132
622747793;36133
622764467;36134
622781141;36135
622797814;36136
622814488;36137
622831162;36138
622847836;36139
622864509;36140
622881183;36141
622897857;36142
622914530;36143
622931204;36144
622947878;36145
622964551;36146
622981225;36147
622997899;36148
623014572;36149
623031246;36150
623047920;36151
623064594;36152
623081267;36153
623097941;36154
623114615;36155
623131288;36156
623147962;36157
623164636;36158
623181309;36159
623197983;36160
623231330;36161
623248004;36162
623264678;36163
623281351;36164
623298025;36165
623314699;36166
623331373;36167
623348046;36168
623364720;36169
623381394;36170
623398067;36171
623414741;36172
623431415;36173
623448088;36174
623464762;36175
623481436;36176
623498109;36177
623514783;36178
623531457;36179
623548130;36180
623564804;36181
623581478;36182
623598152;36183
623614825;36184
623631499;36185
623648173;36186
623664846;36187
623681520;36188
623698194;36189
623731541;36190
623748215;36191
623764888;36192
623781562;36193
623798236;36194
623814909;36195
623831583;36196
623848257;36197
623864931;36198
623881604;36199
623898278;36200
623914952;36201
623931625;36202
623948299;36203
623964973;36204
623981646;36205
623998320;36206
624014994;36207
624031667;36208
624048341;36209
624065015;36210
624081689;36211
624098362;36212
624115036;36213
624131710;36214
624148383;36215
624165057;36216
624181731;36217
624198404;36218
624231752;36219
624248425;36220
624265099;36221
624281773;36222
624298446;36223
624315120;36224
624331794;36225
624348468;36226
624365141;36227
624381815;36228
624398489;36229
624415162;36230
624431836;36231
624448510;36232
624465183;36233
624481857;36234
624498531;36235
624515204;36236
624531878;36237
624548552;36238
624565225;36239
624581899;36240
624598573;36241
624615247;36242
624631920;36243
624648594;36244
624665268;36245
624681941;36246
624698615;36247
624731962;36248
624748636;36249
624765310;36250
624781983;36251
624798657;36252
624815331;36253
624832004;36254
624848678;36255
624865352;36256
624882025;36257
624898699;36258
624915373;36259
624932046;36260
624948720;36261
624965394;36262
624982068;36263
624998741;36264
625015415;36265
625032089;36266
625048762;36267
625065436;36268
625082110;36269
625098783;36270
625115457;36271
625132131;36272
625148804;36273
625165478;36274
625182152;36275
625198825;36276
625232173;36277
625248847;36278
625265520;36279
625282194;36280
625298868;36281
625315541;36282
625332215;36283
625348889;36284
625365562;36285
625382236;36286
625398910;36287
625415583;36288
625432257;36289
625448931;36290
625465605;36291
625482278;36292
625498952;36293
625515625;36294
625532299;36295
625548973;36296
625565647;36297
625582320;36298
625598994;36299
625615668;36300
625632341;36301
625649015;36302
625665689;36303
625682362;36304
625699036;36305
625732383;36306
625749057;36307
625765731;36308
625782404;36309
625799078;36310
625815752;36311
625832426;36312
625849099;36313
625865773;36314
625882447;36315
625899120;36316
625915794;36317
625932468;36318
625949141;36319
625965815;36320
625982489;36321
625999162;36322
626015836;36323
626032510;36324
626049184;36325
626065857;36326
626082531;36327
626099204;36328
626115878;36329
626132552;36330
626149226;36331
626165899;36332
626182573;36333
626199247;36334
626232594;36335
626249268;36336
626265941;36337
626282615;36338
626299289;36339
626315962;36340
626332636;36341
626349310;36342
626365983;36343
626382657;36344
626399331;36345
626416005;36346
626432678;36347
626449352;36348
626466025;36349
626482699;36350
626499373;36351
626516047;36352
626532720;36353
626549394;36354
626566068;36355
626582741;36356
626599415;36357
626616089;36358
626632762;36359
626649436;36360
626666110;36361
626682783;36362
626699457;36363
626732804;36364
626749478;36365
626766152;36366
626782826;36367
626799499;36368
626816173;36369
626832847;36370
626849520;36371
626866194;36372
626882868;36373
626899541;36374
626916215;36375
626932889;36376
626949562;36377
626966236;36378
626982910;36379
626999583;36380
627016257;36381
627032931;36382
627049604;36383
627066278;36384
627082952;36385
627099626;36386
627116299;36387
627132973;36388
627149646;36389
627166320;36390
627182994;36391
627199668;36392
627233015;36393
627249689;36394
627266362;36395
627283036;36396
627299710;36397
627316383;36398
627333057;36399
627349731;36400
627366404;36401
627383078;36402
627399752;36403
627416425;36404
627433099;36405
627449773;36406
627466447;36407
627483120;36408
627499794;36409
627516467;36410
627533141;36411
627549815;36412
627566489;36413
627583162;36414
627599836;36415
627616510;36416
627633183;36417
627649857;36418
627666531;36419
627683204;36420
627699878;36421
627733225;36422
627749899;36423
627766573;36424
627783246;36425
627799920;36426
627816594;36427
627833267;36428
627849941;36429
627866615;36430
627883289;36431
627899962;36432
627916636;36433
627933310;36434
627949983;36435
627966657;36436
627983331;36437
628000004;36438
628016678;36439
628033352;36440
628050025;36441
628066699;36442
628083373;36443
628100046;36444
628116720;36445
628133394;36446
628150067;36447
628166741;36448
628183415;36449
628200088;36450
628233436;36451
628250109;36452
628266783;36453
628283457;36454
628300130;36455
628316804;36456
628333478;36457
628350152;36458
628366825;36459
628383499;36460
628400173;36461
628416846;36462
628433520;36463
628450194;36464
628466867;36465
628483541;36466
628500215;36467
628516888;36468
628533562;36469
628550236;36470
628566909;36471
628583583;36472
628600257;36473
628616930;36474
628633604;36475
628650278;36476
628666951;36477
628683625;36478
628700299;36479
628733646;36480
628750320;36481
628766994;36482
628783667;36483
628800341;36484
628817015;36485
628833688;36486
628850362;36487
628867036;36488
628883709;36489
628900383;36490
628917057;36491
628933730;36492
628950404;36493
628967078;36494
628983751;36495
629000425;36496
629017099;36497
629033772;36498
629050446;36499
629067120;36500
629083793;36501
629100467;36502
629117141;36503
629133814;36504
629150488;36505
629167162;36506
629183836;36507
629200509;36508
629233857;36509
629250530;36510
629267204;36511
629283878;36512
629300551;36513
629317225;36514
629333899;36515
629350572;36516
629367246;36517
629383920;36518
629400593;36519
629417267;36520
629433941;36521
629450614;36522
629467288;36523
629483962;36524
629500635;36525
629517309;36526
629533983;36527
629550656;36528
629567330;36529
629584004;36530
629600677;36531
629617351;36532
629634025;36533
629650699;36534
629667372;36535
629684046;36536
629700719;36537
629734067;36538
629750741;36539
629767414;36540
629784088;36541
629800762;36542
629817435;36543
629834109;36544
629850783;36545
629867456;36546
629884130;36547
629900804;36548
629917477;36549
629934151;36550
629950825;36551
629967498;36552
629984172;36553
630000846;36554
630017519;36555
630034193;36556
630050867;36557
630067540;36558
630084214;36559
630100888;36560
630117561;36561
630134235;36562
630150909;36563
630167582;36564
630184256;36565
630200930;36566
630234277;36567
630250951;36568
630267625;36569
630284298;36570
630300972;36571
630317646;36572
630334319;36573
630350993;36574
630367667;36575
630384340;36576
630401014;36577
630417688;36578
630434361;36579
630451035;36580
630467709;36581
630484382;36582
630501056;36583
630517730;36584
630534403;36585
630551077;36586
630567751;36587
630584424;36588
630601098;36589
630617772;36590
630634445;36591
630651119;36592
630667793;36593
630684467;36594
630701140;36595
630734488;36596
630751161;36597
630767835;36598
630784509;36599
630801182;36600
630817856;36601
630834530;36602
630851203;36603
630867877;36604
630884551;36605
630901224;36606
630917898;36607
630934572;36608
630951245;36609
630967919;36610
630984593;36611
631001266;36612
631017940;36613
631034614;36614
631051287;36615
631067961;36616
631084635;36617
631101308;36618
631117982;36619
631134656;36620
631151329;36621
631168003;36622
631184677;36623
631201350;36624
631234698;36625
631251371;36626
631268045;36627
631284719;36628
631301392;36629
631318066;36630
631334740;36631
631351414;36632
631368087;36633
631384761;36634
631401435;36635
631418108;36636
631434782;36637
631451456;36638
631468129;36639
631484803;36640
631501477;36641
631518150;36642
631534824;36643
631551498;36644
631568171;36645
631584845;36646
631601519;36647
631618192;36648
631634866;36649
631651540;36650
631668213;36651
631684887;36652
631701561;36653
631734908;36654
631751582;36655
631768255;36656
631784929;36657
631801603;36658
631818276;36659
631834950;36660
631851624;36661
631868297;36662
631884971;36663
631901645;36664
631918318;36665
631934992;36666
631951666;36667
631968339;36668
631985013;36669
632001687;36670
632018360;36671
632035034;36672
632051708;36673
632068381;36674
632085055;36675
632101729;36676
632118402;36677
632135076;36678
632151750;36679
632168423;36680
632185097;36681
632201771;36682
632235118;36683
632251792;36684
632268466;36685
632285139;36686
632301813;36687
632318487;36688
632335160;36689
632351834;36690
632368508;36691
632385181;36692
632401855;36693
632418529;36694
632435202;36695
632451876;36696
632468550;36697
632485223;36698
632501897;36699
632518571;36700
632535244;36701
632551918;36702
632568592;36703
632585265;36704
632601939;36705
632618613;36706
632635286;36707
632651960;36708
632668634;36709
632685307;36710
632701981;36711
632735328;36712
632752002;36713
632768676;36714
632785349;36715
632802023;36716
632818697;36717
632835370;36718
632852044;36719
-1;-1
-1;-1
-1;-1
-1;-1
-1;-1
-1;-1
-1;-1
-1;-1
-1;-1
-1;-1
-1;-1
-1;-1
-1;-1
-1;-1
-1;-1
-1;-1
-1;-1
-1;-1
-1;-1
-1;-1
-1;-1
-1;-1
-1;-1
-1;-1
-1;-1
-1;-1
-1;-1
-1;-1
-1;-1
-1;-1
-1;-1
-1;-1
-1;-1
-1;-1
-1;-1
-1;-1
-1;-1
-1;-1
-1;-1
-1;-1
-1;-1
-1;-1
-1;-1
-1;-1
-1;-1
-1;-1
-1;-1
-1;-1
-1;-1
-1;-1
-1;-1
-1;-1
-1;-1
-1;-1
-1;-1
-1;-1
-1;-1
-1;-1
-1;-1
-1;-1
-1;-1
-1;-1
-1;-1
-1;-1
-1;-1
-1;-1
-1;-1
-1;-1
-1;-1
-1;-1
-1;-1
-1;-1
-1;-1
-1;-1
-1;-1
-1;-1
-1;-1
-1;-1
-1;-1
-1;-1
-1;-1
-1;-1
-1;-1
-1;-1
-1;-1
-1;-1
-1;-1
-1;-1
-1;-1
-1;-1
-1;-1
-1;-1
-1;-1
-1;-1
-1;-1
-1;-1
-1;-1
-1;-1
-1;-1
-1;-1
-1;-1
-1;-1
-1;-1
-1;-1
-1;-1
-1;-1
-1;-1
-1;-1
-1;-1
-1;-1
-1;-1
-1;-1
-1;-1
-1;-1
-1;-1
-1;-1
-1;-1
-1;-1
-1;-1
-1;-1
-1;-1
-1;-1
-1;-1
-1;-1
-1;-1
-1;-1
-1;-1
-1;-1
-1;-1
-1;-1
-1;-1
-1;-1
-1;-1
-1;-1
-1;-1
-1;-1
-1;-1
-1;-1
-1;-1
-1;-1
-1;-1
-1;-1
-1;-1
-1;-1
-1;-1
-1;-1
-1;-1
