559922539;32493
559939212;32494
559955886;32495
559972560;32496
559989234;32497
560005908;32498
560022582;32499
560039255;32500
560055929;32501
560072603;32502
560089277;32503
560105951;32504
560122624;32505
560155972;32506
560172646;32507
560189320;32508
560205994;32509
560222667;32510
560239341;32511
560256015;32512
560272689;32513
560289362;32514
560306036;32515
560322710;32516
560339384;32517
560356058;32518
560372732;32519
560389405;32520
560406079;32521
560422753;32522
560439427;32523
560456101;32524
560472774;32525
560489448;32526
560506122;32527
560522796;32528
560539470;32529
560556144;32530
560572817;32531
560589491;32532
560606165;32533
560622839;32534
560656186;32535
560672860;32536
560689534;32537
560706208;32538
560722882;32539
560739555;32540
560756229;32541
560772903;32542
560789577;32543
560806251;32544
560822925;32545
560839598;32546
560856272;32547
560872946;32548
560889620;32549
560906294;32550
560922967;32551
560939641;32552
560956315;32553
560972989;32554
560989663;32555
561006337;32556
561023010;32557
561039684;32558
561056358;32559
561073032;32560
561089706;32561
561106379;32562
561123053;32563
561156401;32564
561173075;32565
561189748;32566
561206422;32567
561223096;32568
561239770;32569
561256444;32570
561273118;32571
561289791;32572
561306465;32573
561323139;32574
561339813;32575
561356486;32576
561373160;32577
561389834;32578
561406508;32579
561423182;32580
561439856;32581
561456529;32582
561473203;32583
561489877;32584
561506551;32585
561523225;32586
561539898;32587
561556572;32588
561573246;32589
561589920;32590
561606594;32591
561623267;32592
561656615;32593
561673289;32594
561689963;32595
561706637;32596
561723310;32597
561739984;32598
561756658;32599
561773332;32600
561790006;32601
561806679;32602
561823353;32603
561840027;32604
561856701;32605
561873375;32606
561890048;32607
561906722;32608
561923396;32609
561940070;32610
561956744;32611
561973417;32612
561990091;32613
562006765;32614
562023439;32615
562040113;32616
562056787;32617
562073460;32618
562090134;32619
562106808;32620
562123482;32621
562156829;32622
562173503;32623
562190177;32624
562206851;32625
562223524;32626
562240198;32627
562256872;32628
562273546;32629
562290220;32630
562306894;32631
562323567;32632
562340241;32633
562356915;32634
562373589;32635
562390263;32636
562406936;32637
562423610;32638
562440284;32639
562456958;32640
562473632;32641
562490305;32642
562506979;32643
562523653;32644
562540327;32645
562557001;32646
562573674;32647
562590348;32648
562607022;32649
562623696;32650
562657043;32651
562673717;32652
562690391;32653
562707065;32654
562723739;32655
562740412;32656
562757086;32657
562773760;32658
562790434;32659
562807108;32660
562823782;32661
562840455;32662
562857129;32663
562873803;32664
562890477;32665
562907151;32666
562923824;32667
562940498;32668
562957172;32669
562973846;32670
562990519;32671
563007193;32672
563023867;32673
563040541;32674
563057215;32675
563073889;32676
563090562;32677
563107236;32678
563123910;32679
563157258;32680
563173931;32681
563190605;32682
563207279;32683
563223953;32684
563240626;32685
563257300;32686
563273974;32687
563290648;32688
563307322;32689
563323996;32690
563340669;32691
563357343;32692
563374017;32693
563390691;32694
563407365;32695
563424038;32696
563440712;32697
563457386;32698
563474060;32699
563490734;32700
563507407;32701
563524081;32702
563540755;32703
563557429;32704
563574102;32705
563590776;32706
563607450;32707
563624124;32708
563657471;32709
563674145;32710
563690819;32711
563707493;32712
563724167;32713
563740840;32714
563757514;32715
563774188;32716
563790862;32717
563807536;32718
563824209;32719
563840883;32720
563857557;32721
563874231;32722
563890905;32723
563907579;32724
563924252;32725
563940926;32726
563957600;32727
563974274;32728
563990948;32729
564007621;32730
564024295;32731
564040969;32732
564057643;32733
564074317;32734
564090990;32735
564107664;32736
564124338;32737
564157685;32738
564174359;32739
564191033;32740
564207707;32741
564224381;32742
564241054;32743
564257728;32744
564274402;32745
564291076;32746
564307750;32747
564324423;32748
564341097;32749
564357771;32750
564374445;32751
564391118;32752
564407792;32753
564424466;32754
564441140;32755
564457814;32756
564474488;32757
564491161;32758
564507835;32759
564524509;32760
564541183;32761
564557857;32762
564574530;32763
564591204;32764
564607878;32765
564624552;32766
564657899;32767
564674573;32768
564691247;32769
564707921;32770
564724594;32771
564741268;32772
564757942;32773
564774616;32774
564791290;32775
564807963;32776
564824637;32777
564841311;32778
564857985;32779
564874659;32780
564891332;32781
564908006;32782
564924680;32783
564941354;32784
564958027;32785
564974701;32786
564991375;32787
565008049;32788
565024723;32789
565041397;32790
565058070;32791
565074744;32792
565091418;32793
565108092;32794
565124765;32795
565158113;32796
565174787;32797
565191461;32798
565208134;32799
565224808;32800
565241482;32801
565258156;32802
565274829;32803
565291503;32804
565308177;32805
565324851;32806
565341525;32807
565358198;32808
565374872;32809
565391546;32810
565408220;32811
565424894;32812
565441567;32813
565458241;32814
565474915;32815
565491589;32816
565508263;32817
565524936;32818
565541610;32819
565558284;32820
565574958;32821
565591632;32822
565608305;32823
565624979;32824
565658327;32825
565675000;32826
565691674;32827
565708348;32828
565725022;32829
565741696;32830
565758369;32831
565775043;32832
565791717;32833
565808391;32834
565825065;32835
565841738;32836
565858412;32837
565875086;32838
565891760;32839
565908433;32840
565925107;32841
565941781;32842
565958455;32843
565975129;32844
565991802;32845
566008476;32846
566025150;32847
566041824;32848
566058498;32849
566075171;32850
566091845;32851
566108519;32852
566125193;32853
566158540;32854
566175214;32855
566191888;32856
566208562;32857
566225235;32858
566241909;32859
566258583;32860
566275257;32861
566291931;32862
566308604;32863
566325278;32864
566341952;32865
566358626;32866
566375299;32867
566391973;32868
566408647;32869
566425321;32870
566441995;32871
566458668;32872
566475342;32873
566492016;32874
566508690;32875
566525363;32876
566542037;32877
566558711;32878
566575385;32879
566592059;32880
566608732;32881
566625406;32882
566658754;32883
566675427;32884
566692101;32885
566708775;32886
566725449;32887
566742123;32888
566758796;32889
566775470;32890
566792144;32891
566808818;32892
566825492;32893
566842165;32894
566858839;32895
566875513;32896
566892187;32897
566908860;32898
566925534;32899
566942208;32900
566958882;32901
566975556;32902
566992229;32903
567008903;32904
567025577;32905
567042251;32906
567058924;32907
567075598;32908
567092272;32909
567108946;32910
567125620;32911
567158967;32912
567175641;32913
567192315;32914
567208989;32915
567225662;32916
567242336;32917
567259010;32918
567275684;32919
567292357;32920
567309031;32921
567325705;32922
567342379;32923
567359052;32924
567375726;32925
567392400;32926
567409074;32927
567425748;32928
567442421;32929
567459095;32930
567475769;32931
567492443;32932
567509117;32933
567525790;32934
567542464;32935
567559138;32936
567575812;32937
567592485;32938
567609159;32939
567625833;32940
567659180;32941
567675854;32942
567692528;32943
567709202;32944
567725876;32945
567742549;32946
567759223;32947
567775897;32948
567792571;32949
567809244;32950
567825918;32951
567842592;32952
567859266;32953
567875940;32954
567892613;32955
567909287;32956
567925961;32957
567942635;32958
567959308;32959
567975982;32960
567992656;32961
568009330;32962
568026004;32963
568042677;32964
568059351;32965
568076025;32966
568092699;32967
568109372;32968
568126046;32969
568159394;32970
568176068;32971
568192741;32972
568209415;32973
568226089;32974
568242763;32975
568259436;32976
568276110;32977
568292784;32978
568309458;32979
568326131;32980
568342805;32981
568359479;32982
568376153;32983
568392827;32984
568409500;32985
568426174;32986
568442848;32987
568459522;32988
568476195;32989
568492869;32990
568509543;32991
568526217;32992
568542891;32993
568559564;32994
568576238;32995
568592912;32996
568609586;32997
568626259;32998
568659607;32999
568676281;33000
568692955;33001
568709628;33002
568726302;33003
568742976;33004
568759650;33005
568776323;33006
568792997;33007
568809671;33008
568826345;33009
568843018;33010
568859692;33011
568876366;33012
568893040;33013
568909714;33014
568926387;33015
568943061;33016
568959735;33017
568976409;33018
568993082;33019
569009756;33020
569026430;33021
569043104;33022
569059777;33023
569076451;33024
569093125;33025
569109799;33026
569126473;33027
569159820;33028
569176494;33029
569193168;33030
569209841;33031
569226515;33032
569243189;33033
569259863;33034
569276537;33035
569293210;33036
569309884;33037
569326558;33038
569343232;33039
569359905;33040
569376579;33041
569393253;33042
569409927;33043
569426600;33044
569443274;33045
569459948;33046
569476622;33047
569493296;33048
569509969;33049
569526643;33050
569543317;33051
569559991;33052
569576664;33053
569593338;33054
569610012;33055
569626686;33056
569660033;33057
569676707;33058
569693381;33059
569710054;33060
569726728;33061
569743402;33062
569760076;33063
569776750;33064
569793423;33065
569810097;33066
569826771;33067
569843445;33068
569860118;33069
569876792;33070
569893466;33071
569910140;33072
569926813;33073
569943487;33074
569960161;33075
569976835;33076
569993508;33077
570010182;33078
570026856;33079
570043530;33080
570060204;33081
570076877;33082
570093551;33083
570110225;33084
570126899;33085
570160246;33086
570176920;33087
570193594;33088
570210267;33089
570226941;33090
570243615;33091
570260289;33092
570276962;33093
570293636;33094
570310310;33095
570326984;33096
570343658;33097
570360331;33098
570377005;33099
570393679;33100
570410353;33101
570427026;33102
570443700;33103
570460374;33104
570477048;33105
570493721;33106
570510395;33107
570527069;33108
570543743;33109
570560416;33110
570577090;33111
570593764;33112
570610438;33113
570627112;33114
570660459;33115
570677133;33116
570693807;33117
570710480;33118
570727154;33119
570743828;33120
570760502;33121
570777175;33122
570793849;33123
570810523;33124
570827197;33125
570843870;33126
570860544;33127
570877218;33128
570893892;33129
570910565;33130
570927239;33131
570943913;33132
570960587;33133
570977261;33134
570993934;33135
571010608;33136
571027282;33137
571043956;33138
571060629;33139
571077303;33140
571093977;33141
571110651;33142
571127324;33143
571160672;33144
571177346;33145
571194019;33146
571210693;33147
571227367;33148
571244041;33149
571260714;33150
571277388;33151
571294062;33152
571310736;33153
571327409;33154
571344083;33155
571360757;33156
571377431;33157
571394105;33158
571410778;33159
571427452;33160
571444126;33161
571460800;33162
571477473;33163
571494147;33164
571510821;33165
571527495;33166
571544168;33167
571560842;33168
571577516;33169
571594190;33170
571610863;33171
571627537;33172
571660885;33173
571677558;33174
571694232;33175
571710906;33176
571727580;33177
571744254;33178
571760927;33179
571777601;33180
571794275;33181
571810949;33182
571827622;33183
571844296;33184
571860970;33185
571877643;33186
571894317;33187
571910991;33188
571927665;33189
571944339;33190
571961012;33191
571977686;33192
571994360;33193
572011034;33194
572027707;33195
572044381;33196
572061055;33197
572077729;33198
572094402;33199
572111076;33200
572127750;33201
572161097;33202
572177771;33203
572194445;33204
572211119;33205
572227792;33206
572244466;33207
572261140;33208
572277814;33209
572294487;33210
572311161;33211
572327835;33212
572344509;33213
572361182;33214
572377856;33215
572394530;33216
572411204;33217
572427877;33218
572444551;33219
572461225;33220
572477899;33221
572494572;33222
572511246;33223
572527920;33224
572544594;33225
572561268;33226
572577941;33227
572594615;33228
572611289;33229
572627963;33230
572644636;33231
572677984;33232
572694658;33233
572711331;33234
572728005;33235
572744679;33236
572761353;33237
572778026;33238
572794700;33239
572811374;33240
572828048;33241
572844721;33242
572861395;33243
572878069;33244
572894743;33245
572911416;33246
572928090;33247
572944764;33248
572961438;33249
572978111;33250
572994785;33251
573011459;33252
573028133;33253
573044806;33254
573061480;33255
573078154;33256
573094828;33257
573111501;33258
573128175;33259
573144849;33260
573178196;33261
573194870;33262
573211544;33263
573228218;33264
573244891;33265
573261565;33266
573278239;33267
573294913;33268
573311586;33269
573328260;33270
573344934;33271
573361608;33272
573378281;33273
573394955;33274
573411629;33275
573428303;33276
573444976;33277
573461650;33278
573478324;33279
573494998;33280
573511671;33281
573528345;33282
573545019;33283
573561693;33284
573578366;33285
573595040;33286
573611714;33287
573628388;33288
573645061;33289
573678409;33290
573695083;33291
573711756;33292
573728430;33293
573745104;33294
573761778;33295
573778451;33296
573795125;33297
573811799;33298
573828473;33299
573845146;33300
573861820;33301
573878494;33302
573895168;33303
573911841;33304
573928515;33305
573945189;33306
573961863;33307
573978536;33308
573995210;33309
574011884;33310
574028558;33311
574045231;33312
574061905;33313
574078579;33314
574095253;33315
574111926;33316
574128600;33317
574145274;33318
574178621;33319
574195295;33320
574211969;33321
574228643;33322
574245316;33323
574261990;33324
574278664;33325
574295338;33326
574312011;33327
574328685;33328
574345359;33329
574362033;33330
574378706;33331
574395380;33332
574412054;33333
574428728;33334
574445401;33335
574462075;33336
574478749;33337
574495422;33338
574512096;33339
574528770;33340
574545444;33341
574562118;33342
574578791;33343
574595465;33344
574612139;33345
574628813;33346
574645486;33347
574678834;33348
574695507;33349
574712181;33350
574728855;33351
574745529;33352
574762203;33353
574778876;33354
574795550;33355
574812224;33356
574828897;33357
574845571;33358
574862245;33359
574878919;33360
574895592;33361
574912266;33362
574928940;33363
574945614;33364
574962287;33365
574978961;33366
574995635;33367
575012309;33368
575028982;33369
575045656;33370
575062330;33371
575079004;33372
575095677;33373
575112351;33374
575129025;33375
575145699;33376
575179046;33377
575195720;33378
575212394;33379
575229067;33380
575245741;33381
575262415;33382
575279089;33383
575295762;33384
575312436;33385
575329110;33386
575345784;33387
575362457;33388
575379131;33389
575395805;33390
575412479;33391
575429152;33392
575445826;33393
575462500;33394
575479173;33395
575495847;33396
575512521;33397
575529195;33398
575545868;33399
575562542;33400
575579216;33401
575595890;33402
575612563;33403
575629237;33404
575645911;33405
575679258;33406
575695932;33407
575712606;33408
575729280;33409
575745953;33410
575762627;33411
575779301;33412
575795975;33413
575812648;33414
575829322;33415
575845996;33416
575862670;33417
575879343;33418
575896017;33419
575912691;33420
575929365;33421
575946038;33422
575962712;33423
575979386;33424
575996060;33425
576012733;33426
576029407;33427
576046081;33428
576062755;33429
576079428;33430
576096102;33431
576112776;33432
576129450;33433
576146123;33434
576179471;33435
576196144;33436
576212818;33437
576229492;33438
576246166;33439
576262839;33440
576279513;33441
576296187;33442
576312861;33443
576329534;33444
576346208;33445
576362882;33446
576379556;33447
576396229;33448
576412903;33449
576429577;33450
576446251;33451
576462924;33452
576479598;33453
576496272;33454
576512945;33455
576529619;33456
576546293;33457
576562967;33458
576579640;33459
576596314;33460
576612988;33461
576629662;33462
576646335;33463
576679683;33464
576696357;33465
576713030;33466
576729704;33467
576746378;33468
576763052;33469
576779725;33470
576796399;33471
576813073;33472
576829747;33473
576846420;33474
576863094;33475
576879768;33476
576896442;33477
576913115;33478
576929789;33479
576946463;33480
576963136;33481
576979810;33482
576996484;33483
577013158;33484
577029831;33485
577046505;33486
577063179;33487
577079853;33488
577096526;33489
577113200;33490
577129874;33491
577146548;33492
577179895;33493
577196569;33494
577213243;33495
577229916;33496
577246590;33497
577263264;33498
577279938;33499
577296611;33500
577313285;33501
577329959;33502
577346632;33503
577363306;33504
577379980;33505
577396654;33506
577413327;33507
577430001;33508
577446675;33509
577463349;33510
577480022;33511
577496696;33512
577513370;33513
577530044;33514
577546717;33515
577563391;33516
577580065;33517
577596739;33518
577613412;33519
577630086;33520
577646760;33521
577680107;33522
577696781;33523
577713455;33524
577730129;33525
577746802;33526
577763476;33527
577780150;33528
577796823;33529
577813497;33530
577830171;33531
577846845;33532
577863518;33533
577880192;33534
577896866;33535
577913540;33536
577930213;33537
577946887;33538
577963561;33539
577980235;33540
577996908;33541
578013582;33542
578030256;33543
578046929;33544
578063603;33545
578080277;33546
578096951;33547
578113624;33548
578130298;33549
578146972;33550
578180319;33551
578196993;33552
578213667;33553
578230341;33554
578247014;33555
578263688;33556
578280362;33557
578297036;33558
578313709;33559
578330383;33560
578347057;33561
578363730;33562
578380404;33563
578397078;33564
578413752;33565
578430425;33566
578447099;33567
578463773;33568
578480447;33569
578497120;33570
578513794;33571
578530468;33572
578547142;33573
578563815;33574
578580489;33575
578597163;33576
578613836;33577
578630510;33578
578647184;33579
578680531;33580
578697205;33581
578713879;33582
578730553;33583
578747226;33584
578763900;33585
578780574;33586
578797248;33587
578813921;33588
578830595;33589
578847269;33590
578863942;33591
578880616;33592
578897290;33593
578913964;33594
578930637;33595
578947311;33596
578963985;33597
578980659;33598
578997332;33599
579014006;33600
579030680;33601
579047354;33602
579064027;33603
579080701;33604
579097375;33605
579114048;33606
579130722;33607
579147396;33608
579180743;33609
579197417;33610
579214091;33611
579230765;33612
579247438;33613
579264112;33614
579280786;33615
579297460;33616
579314133;33617
579330807;33618
579347481;33619
579364155;33620
579380828;33621
579397502;33622
579414176;33623
579430850;33624
579447523;33625
579464197;33626
579480871;33627
579497544;33628
579514218;33629
579530892;33630
579547566;33631
579564239;33632
579580913;33633
579597587;33634
579614261;33635
579630934;33636
579647608;33637
579680955;33638
579697629;33639
579714303;33640
579730977;33641
579747650;33642
579764324;33643
579780998;33644
579797672;33645
579814345;33646
579831019;33647
579847693;33648
579864367;33649
579881040;33650
579897714;33651
579914388;33652
579931062;33653
579947735;33654
579964409;33655
579981083;33656
579997756;33657
580014430;33658
580031104;33659
580047778;33660
580064451;33661
580081125;33662
580097799;33663
580114473;33664
580131146;33665
580147820;33666
580181167;33667
580197841;33668
580214515;33669
580231189;33670
580247862;33671
580264536;33672
580281210;33673
580297884;33674
580314557;33675
580331231;33676
580347905;33677
580364578;33678
580381252;33679
580397926;33680
580414600;33681
580431273;33682
580447947;33683
580464621;33684
580481295;33685
580497968;33686
580514642;33687
580531316;33688
580547990;33689
580564663;33690
580581337;33691
580598011;33692
580614684;33693
580631358;33694
580648032;33695
580681379;33696
580698053;33697
580714727;33698
580731401;33699
580748074;33700
580764748;33701
580781422;33702
580798096;33703
580814769;33704
580831443;33705
580848117;33706
580864790;33707
580881464;33708
580898138;33709
580914812;33710
580931485;33711
580948159;33712
580964833;33713
580981507;33714
580998180;33715
581014854;33716
581031528;33717
581048201;33718
581064875;33719
581081549;33720
581098223;33721
581114896;33722
581131570;33723
581148244;33724
581181591;33725
581198265;33726
581214939;33727
581231613;33728
581248286;33729
581264960;33730
581281634;33731
581298308;33732
581314981;33733
581331655;33734
581348329;33735
581365002;33736
581381676;33737
581398350;33738
581415024;33739
581431697;33740
581448371;33741
581465045;33742
581481719;33743
581498392;33744
581515066;33745
581531740;33746
581548414;33747
581565087;33748
581581761;33749
581598435;33750
581615108;33751
581631782;33752
581648456;33753
581681803;33754
581698477;33755
581715151;33756
581731825;33757
581748498;33758
581765172;33759
581781846;33760
581798520;33761
581815193;33762
581831867;33763
581848541;33764
581865214;33765
581881888;33766
581898562;33767
581915236;33768
581931909;33769
581948583;33770
581965257;33771
581981931;33772
581998604;33773
582015278;33774
582031952;33775
582048626;33776
582065299;33777
582081973;33778
582098647;33779
582115320;33780
582131994;33781
582148668;33782
582182015;33783
582198689;33784
582215363;33785
582232037;33786
582248710;33787
582265384;33788
582282058;33789
582298732;33790
582315405;33791
582332079;33792
582348753;33793
582365426;33794
582382100;33795
582398774;33796
582415448;33797
582432121;33798
582448795;33799
582465469;33800
582482143;33801
582498816;33802
582515490;33803
582532164;33804
582548837;33805
582565511;33806
582582185;33807
582598859;33808
582615532;33809
582632206;33810
582648880;33811
582682227;33812
582698901;33813
582715575;33814
582732249;33815
582748922;33816
582765596;33817
582782270;33818
582798944;33819
582815617;33820
582832291;33821
582848965;33822
582865638;33823
582882312;33824
582898986;33825
582915660;33826
582932333;33827
582949007;33828
582965681;33829
582982355;33830
582999028;33831
583015702;33832
583032376;33833
583049049;33834
583065723;33835
583082397;33836
583099071;33837
583115744;33838
583132418;33839
583149092;33840
583182439;33841
583199113;33842
583215787;33843
583232460;33844
583249134;33845
583265808;33846
583282482;33847
583299155;33848
583315829;33849
583332503;33850
583349177;33851
583365850;33852
583382524;33853
583399198;33854
583415872;33855
583432545;33856
583449219;33857
583465893;33858
583482567;33859
583499240;33860
583515914;33861
583532588;33862
583549262;33863
583565935;33864
583582609;33865
583599283;33866
583615956;33867
583632630;33868
583649304;33869
583682651;33870
583699325;33871
583715999;33872
583732673;33873
583749346;33874
583766020;33875
583782694;33876
583799367;33877
583816041;33878
583832715;33879
583849389;33880
583866062;33881
583882736;33882
583899410;33883
583916084;33884
583932757;33885
583949431;33886
583966105;33887
583982779;33888
583999452;33889
584016126;33890
584032800;33891
584049473;33892
584066147;33893
584082821;33894
584099495;33895
584116168;33896
584132842;33897
584149516;33898
584182863;33899
584199537;33900
584216211;33901
584232885;33902
584249558;33903
584266232;33904
584282906;33905
584299579;33906
584316253;33907
584332927;33908
584349601;33909
584366274;33910
584382948;33911
584399622;33912
584416296;33913
584432969;33914
584449643;33915
584466317;33916
584482991;33917
584499664;33918
584516338;33919
584533012;33920
584549685;33921
584566359;33922
584583033;33923
584599707;33924
584616380;33925
584633054;33926
584649728;33927
584683075;33928
584699749;33929
584716423;33930
584733097;33931
584749770;33932
584766444;33933
584783118;33934
584799792;33935
584816465;33936
584833139;33937
584849813;33938
584866487;33939
584883160;33940
584899834;33941
584916508;33942
584933181;33943
584949855;33944
584966529;33945
584983203;33946
584999876;33947
585016550;33948
585033224;33949
585049898;33950
585066571;33951
585083245;33952
585099919;33953
585116593;33954
585133266;33955
585149940;33956
585183287;33957
585199961;33958
585216635;33959
585233309;33960
585249982;33961
585266656;33962
585283330;33963
585300004;33964
585316677;33965
585333351;33966
585350025;33967
585366699;33968
585383372;33969
585400046;33970
585416720;33971
585433394;33972
585450067;33973
585466741;33974
585483415;33975
585500088;33976
585516762;33977
585533436;33978
585550110;33979
585566783;33980
585583457;33981
585600131;33982
585616805;33983
585633478;33984
585650152;33985
585683500;33986
585700173;33987
585716847;33988
585733521;33989
585750194;33990
585766868;33991
585783542;33992
585800216;33993
585816889;33994
585833563;33995
585850237;33996
585866911;33997
585883584;33998
585900258;33999
585916932;34000
585933606;34001
585950279;34002
585966953;34003
585983627;34004
586000301;34005
586016974;34006
586033648;34007
586050322;34008
586066995;34009
586083669;34010
586100343;34011
586117017;34012
586133690;34013
586150364;34014
586183712;34015
586200385;34016
586217059;34017
586233733;34018
586250407;34019
586267080;34020
586283754;34021
586300428;34022
586317101;34023
586333775;34024
586350449;34025
586367123;34026
586383797;34027
586400470;34028
586417144;34029
586433818;34030
586450491;34031
586467165;34032
586483839;34033
586500513;34034
586517186;34035
586533860;34036
586550534;34037
586567208;34038
586583881;34039
586600555;34040
586617229;34041
586633903;34042
586650576;34043
586683924;34044
586700597;34045
586717271;34046
586733945;34047
586750619;34048
586767292;34049
586783966;34050
586800640;34051
586817314;34052
586833987;34053
586850661;34054
586867335;34055
586884009;34056
586900682;34057
586917356;34058
586934030;34059
586950704;34060
586967377;34061
586984051;34062
587000725;34063
587017399;34064
587034072;34065
587050746;34066
587067420;34067
587084093;34068
587100767;34069
587117441;34070
587134115;34071
587150788;34072
587184136;34073
587200810;34074
587217483;34075
587234157;34076
587250831;34077
587267505;34078
587284178;34079
587300852;34080
587317526;34081
587334200;34082
587350873;34083
587367547;34084
587384221;34085
587400895;34086
587417568;34087
587434242;34088
587450916;34089
587467589;34090
587484263;34091
587500937;34092
587517611;34093
587534284;34094
587550958;34095
587567632;34096
587584306;34097
587600979;34098
587617653;34099
587634327;34100
587651001;34101
587684348;34102
587701022;34103
587717696;34104
587734369;34105
587751043;34106
587767717;34107
587784391;34108
587801064;34109
587817738;34110
587834412;34111
587851085;34112
587867759;34113
587884433;34114
587901107;34115
587917780;34116
587934454;34117
587951128;34118
587967802;34119
587984475;34120
588001149;34121
588017823;34122
588034497;34123
588051170;34124
588067844;34125
588084518;34126
588101192;34127
588117865;34128
588134539;34129
588151213;34130
588184560;34131
588201234;34132
588217908;34133
588234582;34134
588251255;34135
588267929;34136
588284603;34137
588301276;34138
588317950;34139
588334624;34140
588351298;34141
588367971;34142
588384645;34143
588401319;34144
588417993;34145
588434666;34146
588451340;34147
588468014;34148
588484688;34149
588501361;34150
588518035;34151
588534709;34152
588551383;34153
588568056;34154
588584730;34155
588601404;34156
588618078;34157
588634751;34158
588651425;34159
588684773;34160
588701446;34161
588718120;34162
588734794;34163
588751467;34164
588768141;34165
588784815;34166
588801489;34167
588818163;34168
588834836;34169
588851510;34170
588868184;34171
588884857;34172
588901531;34173
588918205;34174
588934879;34175
588951552;34176
588968226;34177
588984900;34178
589001574;34179
589018247;34180
589034921;34181
589051595;34182
589068269;34183
589084942;34184
589101616;34185
589118290;34186
589134964;34187
589151637;34188
589184985;34189
589201659;34190
589218332;34191
589235006;34192
589251680;34193
589268354;34194
589285027;34195
589301701;34196
589318375;34197
589335049;34198
589351722;34199
589368396;34200
589385070;34201
589401744;34202
589418417;34203
589435091;34204
589451765;34205
589468439;34206
589485112;34207
589501786;34208
589518460;34209
589535133;34210
589551807;34211
589568481;34212
589585155;34213
589601828;34214
589618502;34215
589635176;34216
589651850;34217
589685197;34218
589701871;34219
589718545;34220
589735218;34221
589751892;34222
589768566;34223
589785240;34224
589801913;34225
589818587;34226
589835261;34227
589851935;34228
589868608;34229
589885282;34230
589901956;34231
589918630;34232
589935303;34233
589951977;34234
589968651;34235
589985325;34236
590001998;34237
590018672;34238
590035346;34239
590052020;34240
590068693;34241
590085367;34242
590102041;34243
590118715;34244
590135388;34245
590152062;34246
590185410;34247
590202083;34248
590218757;34249
590235431;34250
590252105;34251
590268778;34252
590285452;34253
590302126;34254
590318800;34255
590335473;34256
590352147;34257
590368821;34258
590385495;34259
590402168;34260
590418842;34261
590435516;34262
590452190;34263
590468863;34264
590485537;34265
590502211;34266
590518885;34267
590535558;34268
590552232;34269
590568906;34270
590585580;34271
590602253;34272
590618927;34273
590635601;34274
590652275;34275
590685622;34276
590702296;34277
590718969;34278
590735643;34279
590752317;34280
590768991;34281
590785665;34282
590802338;34283
590819012;34284
590835686;34285
590852360;34286
590869033;34287
590885707;34288
590902381;34289
590919054;34290
590935728;34291
590952402;34292
590969076;34293
590985750;34294
591002423;34295
591019097;34296
591035771;34297
591052445;34298
591069118;34299
591085792;34300
591102466;34301
591119139;34302
591135813;34303
591152487;34304
591185834;34305
591202508;34306
591219182;34307
591235856;34308
591252529;34309
591269203;34310
591285877;34311
591302551;34312
591319224;34313
591335898;34314
591352572;34315
591369246;34316
591385919;34317
591402593;34318
591419267;34319
591435941;34320
591452614;34321
591469288;34322
591485962;34323
591502636;34324
591519309;34325
591535983;34326
591552657;34327
591569331;34328
591586004;34329
591602678;34330
591619352;34331
591636026;34332
591652699;34333
591686047;34334
591702721;34335
591719394;34336
591736068;34337
591752742;34338
591769416;34339
591786089;34340
591802763;34341
591819437;34342
591836111;34343
591852784;34344
591869458;34345
591886132;34346
591902806;34347
591919479;34348
591936153;34349
591952827;34350
591969501;34351
591986174;34352
592002848;34353
592019522;34354
592036196;34355
592052869;34356
592069543;34357
592086217;34358
592102891;34359
592119564;34360
592136238;34361
592152912;34362
592186259;34363
592202933;34364
592219607;34365
592236281;34366
592252954;34367
592269628;34368
592286302;34369
592302976;34370
592319649;34371
592336323;34372
592352997;34373
592369671;34374
592386344;34375
592403018;34376
592419692;34377
592436366;34378
592453039;34379
592469713;34380
592486387;34381
592503061;34382
592519734;34383
592536408;34384
592553082;34385
592569756;34386
592586429;34387
592603103;34388
592619777;34389
592636451;34390
592653124;34391
592686472;34392
592703146;34393
592719819;34394
592736493;34395
592753167;34396
592769841;34397
592786514;34398
592803188;34399
592819862;34400
592836536;34401
592853209;34402
592869883;34403
592886557;34404
592903231;34405
592919904;34406
592936578;34407
592953252;34408
592969926;34409
592986599;34410
593003273;34411
593019947;34412
593036621;34413
593053294;34414
593069968;34415
593086642;34416
593103316;34417
593119989;34418
593136663;34419
593153337;34420
593186684;34421
593203358;34422
593220032;34423
593236706;34424
593253379;34425
593270053;34426
593286727;34427
593303401;34428
593320074;34429
593336748;34430
593353422;34431
593370096;34432
593386769;34433
593403443;34434
593420117;34435
593436791;34436
593453464;34437
593470138;34438
593486812;34439
593503486;34440
593520159;34441
593536833;34442
593553507;34443
593570181;34444
593586854;34445
593603528;34446
593620202;34447
593636876;34448
593653549;34449
593686897;34450
593703571;34451
593720244;34452
593736918;34453
593753592;34454
593770266;34455
593786939;34456
593803613;34457
593820287;34458
593836961;34459
593853634;34460
593870308;34461
593886982;34462
593903656;34463
593920330;34464
593937003;34465
593953677;34466
593970351;34467
593987024;34468
594003698;34469
594020372;34470
594037046;34471
594053719;34472
594070393;34473
594087067;34474
594103741;34475
594120414;34476
594137088;34477
594153762;34478
594187110;34479
594203783;34480
594220457;34481
594237131;34482
594253805;34483
594270478;34484
594287152;34485
594303826;34486
594320500;34487
594337173;34488
594353847;34489
594370521;34490
594387195;34491
594403868;34492
594420542;34493
594437216;34494
594453890;34495
594470563;34496
594487237;34497
594503911;34498
594520585;34499
594537258;34500
594553932;34501
594570606;34502
594587280;34503
594603953;34504
594620627;34505
594637301;34506
594653975;34507
594687322;34508
594703996;34509
594720670;34510
594737343;34511
594754017;34512
594770691;34513
594787365;34514
594804038;34515
594820712;34516
594837386;34517
594854060;34518
594870733;34519
594887407;34520
594904081;34521
594920755;34522
594937428;34523
594954102;34524
594970776;34525
594987450;34526
595004124;34527
595020797;34528
595037471;34529
595054145;34530
595070819;34531
595087492;34532
595104166;34533
595120840;34534
595137514;34535
595154187;34536
595187535;34537
595204209;34538
595220882;34539
595237556;34540
595254230;34541
595270904;34542
595287577;34543
595304251;34544
595320925;34545
595337599;34546
595354272;34547
595370946;34548
595387620;34549
595404294;34550
595420967;34551
595437641;34552
595454315;34553
595470989;34554
595487663;34555
595504336;34556
595521010;34557
595537684;34558
595554358;34559
595571031;34560
595587705;34561
595604379;34562
595621053;34563
595637726;34564
595654400;34565
595687748;34566
595704421;34567
595721095;34568
595737769;34569
595754443;34570
595771116;34571
595787790;34572
595804464;34573
595821138;34574
595837811;34575
595854485;34576
595871159;34577
595887833;34578
595904507;34579
595921180;34580
595937854;34581
595954528;34582
595971202;34583
595987875;34584
596004549;34585
596021223;34586
596037897;34587
596054570;34588
596071244;34589
596087918;34590
596104592;34591
596121265;34592
596137939;34593
596154613;34594
596187960;34595
596204634;34596
596221308;34597
596237982;34598
596254655;34599
596271329;34600
596288003;34601
596304677;34602
596321351;34603
596338024;34604
596354698;34605
596371372;34606
596388046;34607
596404719;34608
596421393;34609
596438067;34610
596454741;34611
596471414;34612
596488088;34613
596504762;34614
596521436;34615
596538109;34616
596554783;34617
596571457;34618
596588131;34619
596604804;34620
596621478;34621
596638152;34622
596654826;34623
596688173;34624
596704847;34625
596721521;34626
596738195;34627
596754868;34628
596771542;34629
596788216;34630
596804890;34631
596821563;34632
596838237;34633
596854911;34634
596871585;34635
596888258;34636
596904932;34637
596921606;34638
596938280;34639
596954953;34640
596971627;34641
596988301;34642
597004975;34643
597021648;34644
597038322;34645
597054996;34646
597071670;34647
597088343;34648
597105017;34649
597121691;34650
597138365;34651
597155038;34652
597171712;34653
597205060;34654
597221734;34655
597238407;34656
597255081;34657
597271755;34658
597288429;34659
597305102;34660
597321776;34661
597338450;34662
597355124;34663
597371797;34664
597388471;34665
597405145;34666
597421819;34667
597438493;34668
597455166;34669
597471840;34670
597488514;34671
597505188;34672
597521861;34673
597538535;34674
597555209;34675
597571883;34676
597588556;34677
597605230;34678
597621904;34679
597638578;34680
597655251;34681
597671925;34682
597705273;34683
597721947;34684
597738620;34685
597755294;34686
597771968;34687
597788642;34688
597805315;34689
597821989;34690
597838663;34691
597855337;34692
597872010;34693
597888684;34694
597905358;34695
597922032;34696
597938705;34697
597955379;34698
597972053;34699
597988727;34700
598005400;34701
598022074;34702
598038748;34703
598055422;34704
598072095;34705
598088769;34706
598105443;34707
598122117;34708
598138791;34709
598155464;34710
598172138;34711
598205486;34712
598222159;34713
598238833;34714
598255507;34715
598272181;34716
598288854;34717
598305528;34718
598322202;34719
598338876;34720
598355549;34721
598372223;34722
598388897;34723
598405571;34724
598422245;34725
598438918;34726
598455592;34727
598472266;34728
598488940;34729
598505613;34730
598522287;34731
598538961;34732
598555635;34733
598572308;34734
598588982;34735
598605656;34736
598622330;34737
598639003;34738
598655677;34739
598672351;34740
598705698;34741
598722372;34742
598739046;34743
598755720;34744
598772394;34745
598789067;34746
598805741;34747
598822415;34748
598839089;34749
598855762;34750
598872436;34751
598889110;34752
598905784;34753
598922457;34754
598939131;34755
598955805;34756
598972479;34757
598989152;34758
599005826;34759
599022500;34760
599039174;34761
599055848;34762
599072521;34763
599089195;34764
599105869;34765
599122543;34766
599139216;34767
599155890;34768
599172564;34769
599205911;34770
599222585;34771
599239259;34772
599255933;34773
599272607;34774
599289280;34775
599305954;34776
599322628;34777
599339302;34778
599355975;34779
599372649;34780
599389323;34781
599405997;34782
599422670;34783
599439344;34784
599456018;34785
599472692;34786
599489365;34787
599506039;34788
599522713;34789
599539387;34790
599556061;34791
599572734;34792
599589408;34793
599606082;34794
599622756;34795
599639429;34796
599656103;34797
599672777;34798
599706124;34799
599722798;34800
599739472;34801
599756146;34802
599772820;34803
599789493;34804
599806167;34805
599822841;34806
599839515;34807
599856188;34808
599872862;34809
599889536;34810
599906210;34811
599922883;34812
599939557;34813
599956231;34814
599972905;34815
599989579;34816
600006252;34817
600022926;34818
600039600;34819
600056273;34820
600072947;34821
600089621;34822
600106295;34823
600122969;34824
600139642;34825
600156316;34826
600172990;34827
600206337;34828
600223011;34829
600239685;34830
600256359;34831
600273033;34832
600289706;34833
600306380;34834
600323054;34835
600339728;34836
600356401;34837
600373075;34838
600389749;34839
600406423;34840
600423096;34841
600439770;34842
600456444;34843
600473118;34844
600489792;34845
600506465;34846
600523139;34847
600539813;34848
600556487;34849
600573160;34850
600589834;34851
600606508;34852
600623182;34853
600639855;34854
600656529;34855
600673203;34856
600706551;34857
600723224;34858
600739898;34859
600756572;34860
600773246;34861
600789919;34862
600806593;34863
600823267;34864
600839941;34865
600856614;34866
600873288;34867
600889962;34868
600906636;34869
600923309;34870
600939983;34871
600956657;34872
600973331;34873
600990004;34874
601006678;34875
601023352;34876
601040026;34877
601056700;34878
601073373;34879
601090047;34880
601106721;34881
601123395;34882
601140068;34883
601156742;34884
601173416;34885
601206763;34886
601223437;34887
601240111;34888
601256785;34889
601273459;34890
601290132;34891
601306806;34892
601323480;34893
601340154;34894
601356827;34895
601373501;34896
601390175;34897
601406849;34898
601423523;34899
601440196;34900
601456870;34901
601473544;34902
601490218;34903
601506891;34904
601523565;34905
601540239;34906
601556913;34907
601573586;34908
601590260;34909
601606934;34910
601623608;34911
601640281;34912
601656955;34913
601673629;34914
601706977;34915
601723650;34916
601740324;34917
601756998;34918
601773672;34919
601790345;34920
601807019;34921
601823693;34922
601840367;34923
601857040;34924
601873714;34925
601890388;34926
601907062;34927
601923736;34928
601940409;34929
601957083;34930
601973757;34931
601990431;34932
602007104;34933
602023778;34934
602040452;34935
602057126;34936
602073799;34937
602090473;34938
602107147;34939
602123821;34940
602140495;34941
602157168;34942
602173842;34943
602207190;34944
602223863;34945
602240537;34946
602257211;34947
602273885;34948
602290558;34949
602307232;34950
602323906;34951
602340580;34952
602357254;34953
602373927;34954
602390601;34955
602407275;34956
602423949;34957
602440622;34958
602457296;34959
602473970;34960
602490644;34961
602507317;34962
602523991;34963
602540665;34964
602557339;34965
602574013;34966
602590686;34967
602607360;34968
602624034;34969
602640708;34970
602657381;34971
602674055;34972
602707403;34973
602724077;34974
602740750;34975
602757424;34976
602774098;34977
602790772;34978
602807445;34979
602824119;34980
602840793;34981
602857467;34982
602874140;34983
602890814;34984
602907488;34985
602924162;34986
602940836;34987
602957509;34988
602974183;34989
602990857;34990
603007531;34991
603024204;34992
603040878;34993
603057552;34994
603074226;34995
603090899;34996
603107573;34997
603124247;34998
603140921;34999
603157594;35000
603174268;35001
603207616;35002
603224290;35003
603240963;35004
603257637;35005
603274311;35006
603290985;35007
603307658;35008
603324332;35009
603341006;35010
603357680;35011
603374353;35012
603391027;35013
603407701;35014
603424375;35015
603441049;35016
603457722;35017
603474396;35018
603491070;35019
603507744;35020
603524417;35021
603541091;35022
603557765;35023
603574439;35024
603591112;35025
603607786;35026
603624460;35027
603641134;35028
603657808;35029
603674481;35030
603707829;35031
603724503;35032
603741176;35033
603757850;35034
603774524;35035
603791198;35036
603807872;35037
603824545;35038
603841219;35039
603857893;35040
603874567;35041
603891240;35042
603907914;35043
603924588;35044
603941262;35045
603957935;35046
603974609;35047
603991283;35048
604007957;35049
604024631;35050
604041304;35051
604057978;35052
604074652;35053
604091326;35054
604107999;35055
604124673;35056
604141347;35057
604158021;35058
604174694;35059
604208042;35060
604224716;35061
604241390;35062
604258063;35063
604274737;35064
604291411;35065
604308085;35066
604324758;35067
604341432;35068
604358106;35069
604374780;35070
604391453;35071
604408127;35072
604424801;35073
604441475;35074
604458148;35075
604474822;35076
604491496;35077
604508170;35078
604524844;35079
604541517;35080
604558191;35081
604574865;35082
604591539;35083
604608212;35084
604624886;35085
604641560;35086
604658234;35087
604674908;35088
604708255;35089
604724929;35090
604741603;35091
604758276;35092
604774950;35093
604791624;35094
604808298;35095
604824971;35096
604841645;35097
604858319;35098
604874993;35099
604891667;35100
604908340;35101
604925014;35102
604941688;35103
604958362;35104
604975035;35105
604991709;35106
605008383;35107
605025057;35108
605041731;35109
605058404;35110
605075078;35111
605091752;35112
605108426;35113
605125099;35114
605141773;35115
605158447;35116
605175121;35117
605208468;35118
605225142;35119
605241816;35120
605258490;35121
605275163;35122
605291837;35123
605308511;35124
605325185;35125
605341858;35126
605358532;35127
605375206;35128
605391880;35129
605408553;35130
605425227;35131
605441901;35132
605458575;35133
605475248;35134
605491922;35135
605508596;35136
605525270;35137
605541944;35138
605558617;35139
605575291;35140
605591965;35141
605608639;35142
605625312;35143
605641986;35144
605658660;35145
605675334;35146
605708681;35147
605725355;35148
605742029;35149
605758703;35150
605775376;35151
605792050;35152
605808724;35153
605825398;35154
605842071;35155
605858745;35156
605875419;35157
605892093;35158
605908767;35159
605925440;35160
605942114;35161
605958788;35162
605975462;35163
605992135;35164
606008809;35165
606025483;35166
606042157;35167
606058831;35168
606075504;35169
606092178;35170
606108852;35171
606125526;35172
606142199;35173
606158873;35174
606175547;35175
606208894;35176
606225568;35177
606242242;35178
606258916;35179
606275590;35180
606292263;35181
606308937;35182
606325611;35183
606342285;35184
606358958;35185
606375632;35186
606392306;35187
606408980;35188
606425653;35189
606442327;35190
606459001;35191
606475675;35192
606492349;35193
606509022;35194
606525696;35195
606542370;35196
606559044;35197
606575717;35198
606592391;35199
606609065;35200
606625739;35201
606642412;35202
606659086;35203
606675760;35204
606709108;35205
606725781;35206
606742455;35207
606759129;35208
606775803;35209
606792476;35210
606809150;35211
606825824;35212
606842498;35213
606859171;35214
606875845;35215
606892519;35216
606909193;35217
606925866;35218
606942540;35219
606959214;35220
606975888;35221
606992562;35222
607009235;35223
607025909;35224
607042583;35225
607059257;35226
607075930;35227
607092604;35228
607109278;35229
607125952;35230
607142626;35231
607159299;35232
607175973;35233
607209321;35234
607225994;35235
607242668;35236
607259342;35237
607276016;35238
607292689;35239
607309363;35240
607326037;35241
607342711;35242
607359385;35243
607376058;35244
607392732;35245
607409406;35246
607426080;35247
607442753;35248
607459427;35249
607476101;35250
607492775;35251
607509448;35252
607526122;35253
607542796;35254
607559470;35255
607576144;35256
607592817;35257
607609491;35258
607626165;35259
607642839;35260
607659512;35261
607676186;35262
607709534;35263
607726208;35264
607742881;35265
607759555;35266
607776229;35267
607792903;35268
607809576;35269
607826250;35270
607842924;35271
607859598;35272
607876271;35273
607892945;35274
607909619;35275
607926293;35276
607942967;35277
607959640;35278
607976314;35279
607992988;35280
608009662;35281
608026335;35282
608043009;35283
608059683;35284
608076357;35285
608093030;35286
608109704;35287
608126378;35288
608143052;35289
608159725;35290
608176399;35291
608209747;35292
608226421;35293
608243094;35294
608259768;35295
608276442;35296
608293116;35297
608309789;35298
608326463;35299
608343137;35300
608359811;35301
608376485;35302
608393158;35303
608409832;35304
608426506;35305
608443180;35306
608459853;35307
608476527;35308
608493201;35309
608509875;35310
608526548;35311
608543222;35312
608559896;35313
608576570;35314
608593244;35315
608609917;35316
608626591;35317
608643265;35318
608659939;35319
608676612;35320
608709960;35321
608726634;35322
608743307;35323
608759981;35324
608776655;35325
608793329;35326
608810003;35327
608826676;35328
608843350;35329
608860024;35330
608876698;35331
608893371;35332
608910045;35333
608926719;35334
608943393;35335
608960066;35336
608976740;35337
608993414;35338
609010088;35339
609026761;35340
609043435;35341
609060109;35342
609076783;35343
609093457;35344
609110130;35345
609126804;35346
609143478;35347
609160152;35348
609176825;35349
609210173;35350
609226847;35351
609243520;35352
609260194;35353
609276868;35354
609293542;35355
609310216;35356
609326889;35357
609343563;35358
609360237;35359
609376911;35360
609393584;35361
609410258;35362
609426932;35363
609443606;35364
609460279;35365
609476953;35366
609493627;35367
609510301;35368
609526975;35369
609543648;35370
609560322;35371
609576996;35372
609593670;35373
609610343;35374
609627017;35375
609643691;35376
609660365;35377
609677039;35378
609710386;35379
609727060;35380
609743734;35381
609760407;35382
609777081;35383
609793755;35384
609810429;35385
609827102;35386
609843776;35387
609860450;35388
609877124;35389
609893797;35390
609910471;35391
609927145;35392
609943819;35393
609960493;35394
609977166;35395
609993840;35396
610010514;35397
610027188;35398
610043861;35399
610060535;35400
610077209;35401
610093883;35402
610110556;35403
610127230;35404
610143904;35405
610160578;35406
610177252;35407
610210599;35408
610227273;35409
610243947;35410
610260620;35411
610277294;35412
610293968;35413
610310642;35414
610327315;35415
610343989;35416
610360663;35417
610377337;35418
610394010;35419
610410684;35420
610427358;35421
610444032;35422
610460706;35423
610477379;35424
610494053;35425
610510727;35426
610527401;35427
610544074;35428
610560748;35429
610577422;35430
610594096;35431
610610770;35432
610627443;35433
610644117;35434
610660791;35435
610677465;35436
610710812;35437
610727486;35438
610744160;35439
610760833;35440
610777507;35441
610794181;35442
610810855;35443
610827528;35444
610844202;35445
610860876;35446
610877550;35447
610894224;35448
610910897;35449
610927571;35450
610944245;35451
610960919;35452
610977592;35453
610994266;35454
611010940;35455
611027614;35456
611044287;35457
611060961;35458
611077635;35459
611094309;35460
611110982;35461
611127656;35462
611144330;35463
611161004;35464
611177678;35465
611211025;35466
611227699;35467
611244373;35468
611261046;35469
611277720;35470
611294394;35471
611311068;35472
611327742;35473
611344415;35474
611361089;35475
611377763;35476
611394437;35477
611411110;35478
611427784;35479
611444458;35480
611461132;35481
611477805;35482
611494479;35483
611511153;35484
611527827;35485
611544500;35486
611561174;35487
611577848;35488
611594522;35489
611611195;35490
611627869;35491
611644543;35492
611661217;35493
611677891;35494
611711238;35495
611727912;35496
611744586;35497
611761259;35498
611777933;35499
611794607;35500
611811281;35501
611827954;35502
611844628;35503
611861302;35504
611877976;35505
611894649;35506
611911323;35507
611927997;35508
611944671;35509
611961345;35510
611978018;35511
611994692;35512
612011366;35513
612028040;35514
612044713;35515
612061387;35516
612078061;35517
612094735;35518
612111409;35519
612128082;35520
612144756;35521
612161430;35522
612178104;35523
612211451;35524
612228125;35525
612244799;35526
612261472;35527
612278146;35528
612294820;35529
612311494;35530
612328167;35531
612344841;35532
612361515;35533
612378189;35534
612394862;35535
612411536;35536
612428210;35537
612444884;35538
612461558;35539
612478231;35540
612494905;35541
612511579;35542
612528253;35543
612544926;35544
612561600;35545
612578274;35546
612594948;35547
612611621;35548
612628295;35549
612644969;35550
612661643;35551
612678316;35552
612711664;35553
612728338;35554
612745012;35555
612761685;35556
612778359;35557
612795033;35558
612811707;35559
612828380;35560
612845054;35561
612861728;35562
612878402;35563
612895075;35564
612911749;35565
612928423;35566
612945097;35567
612961770;35568
612978444;35569
612995118;35570
613011792;35571
613028465;35572
613045139;35573
613061813;35574
613078487;35575
613095161;35576
613111834;35577
613128508;35578
613145182;35579
613161856;35580
613178529;35581
613211877;35582
613228551;35583
613245224;35584
613261898;35585
613278572;35586
613295246;35587
613311919;35588
613328593;35589
613345267;35590
613361941;35591
613378615;35592
613395288;35593
613411962;35594
613428636;35595
613445310;35596
613461983;35597
613478657;35598
613495331;35599
613512005;35600
613528678;35601
613545352;35602
613562026;35603
613578700;35604
613595373;35605
613612047;35606
613628721;35607
613645395;35608
613662068;35609
613678742;35610
613712090;35611
613728764;35612
613745437;35613
613762111;35614
613778785;35615
613795459;35616
613812132;35617
613828806;35618
613845480;35619
613862154;35620
613878827;35621
613895501;35622
613912175;35623
613928849;35624
613945522;35625
613962196;35626
613978870;35627
613995544;35628
614012217;35629
614028891;35630
614045565;35631
614062239;35632
614078913;35633
614095586;35634
614112260;35635
614128934;35636
614145608;35637
614162281;35638
614178955;35639
614212303;35640
614228976;35641
614245650;35642
614262324;35643
614278998;35644
614295671;35645
614312345;35646
614329019;35647
614345693;35648
614362366;35649
614379040;35650
614395714;35651
614412388;35652
614429061;35653
614445735;35654
614462409;35655
614479083;35656
614495756;35657
614512430;35658
614529104;35659
614545778;35660
614562451;35661
614579125;35662
614595799;35663
614612473;35664
614629147;35665
614645820;35666
614662494;35667
614679168;35668
614712515;35669
614729189;35670
614745863;35671
614762537;35672
614779210;35673
614795884;35674
614812558;35675
614829232;35676
614845905;35677
614862579;35678
614879253;35679
614895927;35680
614912600;35681
614929274;35682
614945948;35683
614962622;35684
614979295;35685
614995969;35686
615012643;35687
615029317;35688
615045991;35689
615062664;35690
615079338;35691
615096012;35692
615112685;35693
615129359;35694
615146033;35695
615162707;35696
615179381;35697
615212728;35698
615229402;35699
615246076;35700
615262749;35701
615279423;35702
615296097;35703
615312771;35704
615329444;35705
615346118;35706
615362792;35707
615379466;35708
615396139;35709
615412813;35710
615429487;35711
615446161;35712
615462835;35713
615479508;35714
615496182;35715
615512856;35716
615529529;35717
615546203;35718
615562877;35719
615579551;35720
615596224;35721
615612898;35722
615629572;35723
615646246;35724
615662920;35725
615679593;35726
615712941;35727
615729615;35728
615746288;35729
615762962;35730
615779636;35731
615796310;35732
615812983;35733
615829657;35734
615846331;35735
615863005;35736
615879678;35737
615896352;35738
615913026;35739
615929700;35740
615946374;35741
615963047;35742
615979721;35743
615996395;35744
616013068;35745
616029742;35746
616046416;35747
616063090;35748
616079763;35749
616096437;35750
616113111;35751
616129785;35752
616146459;35753
616163132;35754
616179806;35755
616213154;35756
616229827;35757
616246501;35758
616263175;35759
616279849;35760
616296522;35761
616313196;35762
616329870;35763
616346544;35764
616363217;35765
616379891;35766
616396565;35767
616413239;35768
616429912;35769
616446586;35770
616463260;35771
616479934;35772
616496607;35773
616513281;35774
616529955;35775
616546629;35776
616563303;35777
616579976;35778
616596650;35779
616613324;35780
616629998;35781
616646671;35782
616663345;35783
616680019;35784
616713366;35785
616730040;35786
616746714;35787
616763387;35788
616780061;35789
616796735;35790
616813409;35791
616830083;35792
616846756;35793
616863430;35794
616880104;35795
616896778;35796
616913451;35797
616930125;35798
616946799;35799
616963473;35800
616980146;35801
616996820;35802
617013494;35803
617030168;35804
617046841;35805
617063515;35806
617080189;35807
617096863;35808
617113536;35809
617130210;35810
617146884;35811
617163558;35812
617180231;35813
617213579;35814
617230253;35815
617246926;35816
617263600;35817
617280274;35818
617296948;35819
617313621;35820
617330295;35821
617346969;35822
617363643;35823
617380316;35824
617396990;35825
617413664;35826
617430338;35827
617447011;35828
617463685;35829
617480359;35830
617497033;35831
617513707;35832
617530380;35833
617547054;35834
617563728;35835
617580401;35836
617597075;35837
617613749;35838
617630423;35839
617647097;35840
617663770;35841
617680444;35842
617713792;35843
617730465;35844
617747139;35845
617763813;35846
617780487;35847
617797160;35848
617813834;35849
617830508;35850
617847182;35851
617863855;35852
617880529;35853
617897203;35854
617913877;35855
617930550;35856
617947224;35857
617963898;35858
617980572;35859
617997245;35860
618013919;35861
618030593;35862
618047267;35863
618063940;35864
618080614;35865
618097288;35866
618113962;35867
618130635;35868
618147309;35869
618163983;35870
618180657;35871
618214004;35872
618230678;35873
618247352;35874
618264025;35875
618280699;35876
618297373;35877
618314047;35878
618330720;35879
618347394;35880
618364068;35881
618380742;35882
618397415;35883
618414089;35884
618430763;35885
618447437;35886
618464110;35887
618480784;35888
618497458;35889
618514132;35890
618530805;35891
618547479;35892
618564153;35893
618580827;35894
618597500;35895
618614174;35896
618630848;35897
618647522;35898
618664195;35899
618680869;35900
618714217;35901
618730890;35902
618747564;35903
618764238;35904
618780912;35905
618797585;35906
618814259;35907
618830933;35908
618847607;35909
618864280;35910
618880954;35911
618897628;35912
618914302;35913
618930976;35914
618947649;35915
618964323;35916
618980997;35917
618997670;35918
619014344;35919
619031018;35920
619047692;35921
619064365;35922
619081039;35923
619097713;35924
619114387;35925
619131061;35926
619147734;35927
619164408;35928
619181082;35929
619214429;35930
619231103;35931
619247777;35932
619264450;35933
619281124;35934
619297798;35935
619314472;35936
619331145;35937
619347819;35938
619364493;35939
619381167;35940
619397840;35941
619414514;35942
619431188;35943
619447862;35944
619464535;35945
619481209;35946
619497883;35947
619514557;35948
619531231;35949
619547904;35950
619564578;35951
619581252;35952
619597926;35953
619614599;35954
619631273;35955
619647947;35956
619664620;35957
619681294;35958
619714642;35959
619731315;35960
619747989;35961
619764663;35962
619781337;35963
619798011;35964
619814684;35965
619831358;35966
619848032;35967
619864705;35968
619881379;35969
619898053;35970
619914727;35971
619931400;35972
619948074;35973
619964748;35974
619981422;35975
619998095;35976
620014769;35977
620031443;35978
620048117;35979
620064790;35980
620081464;35981
620098138;35982
620114812;35983
620131485;35984
620148159;35985
620164833;35986
620181507;35987
620214854;35988
620231528;35989
620248202;35990
620264875;35991
620281549;35992
620298223;35993
620314897;35994
620331570;35995
620348244;35996
620364918;35997
620381592;35998
620398265;35999
620414939;36000
620431613;36001
620448287;36002
620464960;36003
620481634;36004
620498308;36005
620514982;36006
620531655;36007
620548329;36008
620565003;36009
620581677;36010
620598350;36011
620615024;36012
620631698;36013
620648372;36014
620665045;36015
620681719;36016
620715067;36017
620731740;36018
620748414;36019
620765088;36020
620781762;36021
620798435;36022
620815109;36023
620831783;36024
620848457;36025
620865130;36026
620881804;36027
620898478;36028
620915152;36029
620931825;36030
620948499;36031
620965173;36032
620981846;36033
620998520;36034
621015194;36035
621031868;36036
621048542;36037
621065215;36038
621081889;36039
621098563;36040
621115237;36041
621131910;36042
621148584;36043
621165258;36044
621181932;36045
621215279;36046
621231953;36047
621248626;36048
621265300;36049
621281974;36050
621298648;36051
621315321;36052
621331995;36053
621348669;36054
621365343;36055
621382016;36056
621398690;36057
621415364;36058
621432038;36059
621448711;36060
621465385;36061
621482059;36062
621498733;36063
621515406;36064
621532080;36065
621548754;36066
621565428;36067
621582101;36068
621598775;36069
621615449;36070
621632123;36071
621648796;36072
621665470;36073
621682144;36074
621715491;36075
621732165;36076
621748839;36077
621765513;36078
621782186;36079
621798860;36080
621815534;36081
621832208;36082
621848881;36083
621865555;36084
621882229;36085
621898903;36086
621915576;36087
621932250;36088
621948924;36089
621965598;36090
621982271;36091
621998945;36092
622015619;36093
622032293;36094
622048966;36095
622065640;36096
622082314;36097
622098987;36098
622115661;36099
622132335;36100
622149009;36101
622165682;36102
622182356;36103
622215704;36104
622232377;36105
622249051;36106
622265725;36107
622282399;36108
622299072;36109
622315746;36110
622332420;36111
622349094;36112
622365767;36113
622382441;36114
622399115;36115
622415789;36116
622432462;36117
622449136;36118
622465810;36119
622482484;36120
622499157;36121
622515831;36122
622532505;36123
622549179;36124
622565852;36125
622582526;36126
622599200;36127
622615873;36128
622632547;36129
622649221;36130
622665895;36131
622682569;36132
622715916;36133
622732590;36134
622749263;36135
622765937;36136
622782611;36137
622799285;36138
622815958;36139
622832632;36140
622849306;36141
622865980;36142
622882653;36143
622899327;36144
622916001;36145
622932675;36146
622949348;36147
622966022;36148
622982696;36149
622999370;36150
623016043;36151
623032717;36152
623049391;36153
623066065;36154
623082738;36155
623099412;36156
623116086;36157
623132760;36158
623149433;36159
623166107;36160
623182781;36161
623216128;36162
623232802;36163
623249476;36164
623266150;36165
623282823;36166
623299497;36167
623316171;36168
623332844;36169
623349518;36170
623366192;36171
623382866;36172
623399539;36173
623416213;36174
623432887;36175
623449561;36176
623466234;36177
623482908;36178
623499582;36179
623516256;36180
623532929;36181
623549603;36182
623566277;36183
623582951;36184
623599624;36185
623616298;36186
623632972;36187
623649645;36188
623666319;36189
623682993;36190
623716341;36191
623733014;36192
623749688;36193
623766362;36194
623783035;36195
623799709;36196
623816383;36197
623833057;36198
623849730;36199
623866404;36200
623883078;36201
623899752;36202
623916425;36203
623933099;36204
623949773;36205
623966447;36206
623983120;36207
623999794;36208
624016468;36209
624033142;36210
624049815;36211
624066489;36212
624083163;36213
624099836;36214
624116510;36215
624133184;36216
624149858;36217
624166532;36218
624183205;36219
624216553;36220
624233226;36221
624249900;36222
624266574;36223
624283248;36224
624299921;36225
624316595;36226
624333269;36227
624349943;36228
624366616;36229
624383290;36230
624399964;36231
624416637;36232
624433311;36233
624449985;36234
624466659;36235
624483333;36236
624500006;36237
624516680;36238
624533354;36239
624550027;36240
624566701;36241
624583375;36242
624600049;36243
624616722;36244
624633396;36245
624650070;36246
624666744;36247
624683417;36248
624716765;36249
624733439;36250
624750112;36251
624766786;36252
624783460;36253
624800134;36254
624816807;36255
624833481;36256
624850155;36257
624866829;36258
624883502;36259
624900176;36260
624916850;36261
624933523;36262
624950197;36263
624966871;36264
624983545;36265
625000218;36266
625016892;36267
625033566;36268
625050240;36269
625066913;36270
625083587;36271
625100261;36272
625116935;36273
625133608;36274
625150282;36275
625166956;36276
625183630;36277
625216977;36278
625233651;36279
625250325;36280
625266998;36281
625283672;36282
625300346;36283
625317019;36284
625333693;36285
625350367;36286
625367041;36287
625383714;36288
625400388;36289
625417062;36290
625433736;36291
625450409;36292
625467083;36293
625483757;36294
625500431;36295
625517104;36296
625533778;36297
625550452;36298
625567126;36299
625583799;36300
625600473;36301
625617147;36302
625633821;36303
625650494;36304
625667168;36305
625683842;36306
625717189;36307
625733863;36308
625750537;36309
625767210;36310
625783884;36311
625800558;36312
625817232;36313
625833905;36314
625850579;36315
625867253;36316
625883927;36317
625900600;36318
625917274;36319
625933948;36320
625950621;36321
625967295;36322
625983969;36323
626000643;36324
626017316;36325
626033990;36326
626050664;36327
626067338;36328
626084011;36329
626100685;36330
626117359;36331
626134033;36332
626150706;36333
626167380;36334
626184054;36335
626217401;36336
626234075;36337
626250749;36338
626267422;36339
626284096;36340
626300770;36341
626317444;36342
626334117;36343
626350791;36344
626367465;36345
626384139;36346
626400812;36347
626417486;36348
626434160;36349
626450834;36350
626467507;36351
626484181;36352
626500855;36353
626517528;36354
626534202;36355
626550876;36356
626567550;36357
626584223;36358
626600897;36359
626617571;36360
626634245;36361
626650918;36362
626667592;36363
626684266;36364
626717613;36365
626734287;36366
626750961;36367
626767635;36368
626784308;36369
626800982;36370
626817656;36371
626834329;36372
626851003;36373
626867677;36374
626884351;36375
626901024;36376
626917698;36377
626934372;36378
626951045;36379
626967719;36380
626984393;36381
627001067;36382
627017741;36383
627034414;36384
627051088;36385
627067762;36386
627084435;36387
627101109;36388
627117783;36389
627134457;36390
627151130;36391
627167804;36392
627184478;36393
627217825;36394
627234499;36395
627251173;36396
627267847;36397
627284520;36398
627301194;36399
627317868;36400
627334541;36401
627351215;36402
627367889;36403
627384563;36404
627401236;36405
627417910;36406
627434584;36407
627451258;36408
627467931;36409
627484605;36410
627501279;36411
627517953;36412
627534626;36413
627551300;36414
627567974;36415
627584647;36416
627601321;36417
627617995;36418
627634669;36419
627651342;36420
627668016;36421
627684690;36422
627718037;36423
627734711;36424
627751385;36425
627768059;36426
627784732;36427
627801406;36428
627818080;36429
627834753;36430
627851427;36431
627868101;36432
627884775;36433
627901448;36434
627918122;36435
627934796;36436
627951470;36437
627968143;36438
627984817;36439
628001491;36440
628018165;36441
628034838;36442
628051512;36443
628068186;36444
628084859;36445
628101533;36446
628118207;36447
628134881;36448
628151554;36449
628168228;36450
628184902;36451
628218249;36452
628234923;36453
628251597;36454
628268270;36455
628284944;36456
628301618;36457
628318292;36458
628334965;36459
628351639;36460
628368313;36461
628384987;36462
628401660;36463
628418334;36464
628435008;36465
628451682;36466
628468355;36467
628485029;36468
628501703;36469
628518377;36470
628535050;36471
628551724;36472
628568398;36473
628585071;36474
628601745;36475
628618419;36476
628635093;36477
628651766;36478
628668440;36479
628685114;36480
628718461;36481
628735135;36482
628751809;36483
628768482;36484
628785156;36485
628801830;36486
628818504;36487
628835177;36488
628851851;36489
628868525;36490
628885199;36491
628901872;36492
628918546;36493
628935220;36494
628951894;36495
628968567;36496
628985241;36497
629001915;36498
629018588;36499
629035262;36500
629051936;36501
629068610;36502
629085283;36503
629101957;36504
629118631;36505
629135305;36506
629151978;36507
629168652;36508
629185326;36509
629218673;36510
629235347;36511
629252021;36512
629268694;36513
629285368;36514
629302042;36515
629318716;36516
629335389;36517
629352063;36518
629368737;36519
629385410;36520
629402084;36521
629418758;36522
629435432;36523
629452105;36524
629468779;36525
629485453;36526
629502127;36527
629518800;36528
629535474;36529
629552148;36530
629568821;36531
629585495;36532
629602169;36533
629618843;36534
629635517;36535
629652190;36536
629668864;36537
629685538;36538
629718885;36539
629735559;36540
629752233;36541
629768906;36542
629785580;36543
629802254;36544
629818927;36545
629835601;36546
629852275;36547
629868949;36548
629885622;36549
629902296;36550
629918970;36551
629935644;36552
629952317;36553
629968991;36554
629985665;36555
630002339;36556
630019012;36557
630035686;36558
630052360;36559
630069033;36560
630085707;36561
630102381;36562
630119055;36563
630135728;36564
630152402;36565
630169076;36566
630185750;36567
630219097;36568
630235771;36569
630252444;36570
630269118;36571
630285792;36572
630302466;36573
630319139;36574
630335813;36575
630352487;36576
630369161;36577
630385834;36578
630402508;36579
630419182;36580
630435855;36581
630452529;36582
630469203;36583
630485877;36584
630502550;36585
630519224;36586
630535898;36587
630552572;36588
630569245;36589
630585919;36590
630602593;36591
630619266;36592
630635940;36593
630652614;36594
630669288;36595
630685961;36596
630719309;36597
630735983;36598
630752656;36599
630769330;36600
630786004;36601
630802678;36602
630819351;36603
630836025;36604
630852699;36605
630869372;36606
630886046;36607
630902720;36608
630919394;36609
630936067;36610
630952741;36611
630969415;36612
630986089;36613
631002762;36614
631019436;36615
631036110;36616
631052783;36617
631069457;36618
631086131;36619
631102805;36620
631119478;36621
631136152;36622
631152826;36623
631169499;36624
631186173;36625
631219521;36626
631236194;36627
631252868;36628
631269542;36629
631286216;36630
631302889;36631
631319563;36632
631336237;36633
631352910;36634
631369584;36635
631386258;36636
631402932;36637
631419605;36638
631436279;36639
631452953;36640
631469627;36641
631486300;36642
631502974;36643
631519648;36644
631536321;36645
631552995;36646
631569669;36647
631586343;36648
631603016;36649
631619690;36650
631636364;36651
631653038;36652
631669711;36653
631686385;36654
631719732;36655
631736406;36656
631753080;36657
631769754;36658
631786427;36659
631803101;36660
631819775;36661
631836448;36662
631853122;36663
631869796;36664
631886470;36665
631903143;36666
631919817;36667
631936491;36668
631953165;36669
631969838;36670
631986512;36671
632003186;36672
632019860;36673
632036533;36674
632053207;36675
632069881;36676
632086554;36677
632103228;36678
632119902;36679
632136576;36680
632153249;36681
632169923;36682
632186597;36683
632219944;36684
632236618;36685
632253292;36686
632269965;36687
632286639;36688
632303313;36689
632319987;36690
632336660;36691
632353334;36692
632370008;36693
632386682;36694
632403355;36695
632420029;36696
632436703;36697
632453376;36698
632470050;36699
632486724;36700
632503398;36701
632520071;36702
632536745;36703
632553419;36704
632570092;36705
632586766;36706
632603440;36707
632620114;36708
632636787;36709
632653461;36710
632670135;36711
632686809;36712
632720156;36713
632736830;36714
632753503;36715
632770177;36716
632786851;36717
632803525;36718
632820198;36719
632836872;36720
632853546;36721
-1;-1
-1;-1
-1;-1
-1;-1
-1;-1
-1;-1
-1;-1
-1;-1
-1;-1
-1;-1
-1;-1
-1;-1
-1;-1
-1;-1
-1;-1
-1;-1
-1;-1
-1;-1
-1;-1
-1;-1
-1;-1
-1;-1
-1;-1
-1;-1
-1;-1
-1;-1
-1;-1
-1;-1
-1;-1
-1;-1
-1;-1
-1;-1
-1;-1
-1;-1
-1;-1
-1;-1
-1;-1
-1;-1
-1;-1
-1;-1
-1;-1
-1;-1
-1;-1
-1;-1
-1;-1
-1;-1
-1;-1
-1;-1
-1;-1
-1;-1
-1;-1
-1;-1
-1;-1
-1;-1
-1;-1
-1;-1
-1;-1
-1;-1
-1;-1
-1;-1
-1;-1
-1;-1
-1;-1
-1;-1
-1;-1
-1;-1
-1;-1
-1;-1
-1;-1
-1;-1
-1;-1
-1;-1
-1;-1
-1;-1
-1;-1
-1;-1
-1;-1
-1;-1
-1;-1
-1;-1
-1;-1
-1;-1
-1;-1
-1;-1
-1;-1
-1;-1
-1;-1
-1;-1
-1;-1
-1;-1
-1;-1
-1;-1
-1;-1
-1;-1
-1;-1
-1;-1
-1;-1
-1;-1
-1;-1
-1;-1
-1;-1
-1;-1
-1;-1
-1;-1
-1;-1
-1;-1
-1;-1
-1;-1
-1;-1
-1;-1
-1;-1
-1;-1
-1;-1
-1;-1
-1;-1
-1;-1
-1;-1
-1;-1
-1;-1
-1;-1
-1;-1
-1;-1
-1;-1
-1;-1
-1;-1
-1;-1
-1;-1
-1;-1
-1;-1
-1;-1
-1;-1
-1;-1
-1;-1
-1;-1
-1;-1
-1;-1
-1;-1
-1;-1
-1;-1
-1;-1
-1;-1
-1;-1
-1;-1
-1;-1
-1;-1
-1;-1
-1;-1
