559921717;32493
559938391;32494
559955064;32495
559971738;32496
559988412;32497
560005086;32498
560021759;32499
560055107;32500
560071781;32501
560088455;32502
560105128;32503
560121802;32504
560138476;32505
560155150;32506
560171823;32507
560188497;32508
560205171;32509
560221845;32510
560238519;32511
560255192;32512
560271866;32513
560288540;32514
560305214;32515
560321888;32516
560338561;32517
560355235;32518
560371909;32519
560388583;32520
560405256;32521
560421930;32522
560438604;32523
560455278;32524
560471952;32525
560488625;32526
560505299;32527
560521973;32528
560555320;32529
560571994;32530
560588668;32531
560605342;32532
560622016;32533
560638689;32534
560655363;32535
560672037;32536
560688711;32537
560705384;32538
560722058;32539
560738732;32540
560755406;32541
560772080;32542
560788753;32543
560805427;32544
560822101;32545
560838775;32546
560855449;32547
560872122;32548
560888796;32549
560905470;32550
560922144;32551
560938817;32552
560955491;32553
560972165;32554
560988839;32555
561005513;32556
561022186;32557
561055534;32558
561072208;32559
561088881;32560
561105555;32561
561122229;32562
561138903;32563
561155577;32564
561172250;32565
561188924;32566
561205598;32567
561222272;32568
561238945;32569
561255619;32570
561272293;32571
561288967;32572
561305641;32573
561322314;32574
561338988;32575
561355662;32576
561372336;32577
561389009;32578
561405683;32579
561422357;32580
561439031;32581
561455704;32582
561472378;32583
561489052;32584
561505726;32585
561522400;32586
561555747;32587
561572421;32588
561589095;32589
561605768;32590
561622442;32591
561639116;32592
561655790;32593
561672464;32594
561689137;32595
561705811;32596
561722485;32597
561739159;32598
561755833;32599
561772506;32600
561789180;32601
561805854;32602
561822528;32603
561839201;32604
561855875;32605
561872549;32606
561889223;32607
561905896;32608
561922570;32609
561939244;32610
561955918;32611
561972591;32612
561989265;32613
562005939;32614
562022613;32615
562055960;32616
562072634;32617
562089308;32618
562105982;32619
562122655;32620
562139329;32621
562156003;32622
562172677;32623
562189351;32624
562206024;32625
562222698;32626
562239372;32627
562256046;32628
562272719;32629
562289393;32630
562306067;32631
562322741;32632
562339415;32633
562356088;32634
562372762;32635
562389436;32636
562406110;32637
562422783;32638
562439457;32639
562456131;32640
562472805;32641
562489479;32642
562506152;32643
562522826;32644
562556174;32645
562572847;32646
562589521;32647
562606195;32648
562622869;32649
562639542;32650
562656216;32651
562672890;32652
562689564;32653
562706238;32654
562722911;32655
562739585;32656
562756259;32657
562772933;32658
562789606;32659
562806280;32660
562822954;32661
562839628;32662
562856301;32663
562872975;32664
562889649;32665
562906323;32666
562922996;32667
562939670;32668
562956344;32669
562973018;32670
562989692;32671
563006365;32672
563023039;32673
563056387;32674
563073060;32675
563089734;32676
563106408;32677
563123082;32678
563139756;32679
563156429;32680
563173103;32681
563189777;32682
563206451;32683
563223124;32684
563239798;32685
563256472;32686
563273146;32687
563289819;32688
563306493;32689
563323167;32690
563339841;32691
563356515;32692
563373188;32693
563389862;32694
563406536;32695
563423210;32696
563439883;32697
563456557;32698
563473231;32699
563489905;32700
563506578;32701
563523252;32702
563556600;32703
563573273;32704
563589947;32705
563606621;32706
563623295;32707
563639969;32708
563656642;32709
563673316;32710
563689990;32711
563706664;32712
563723337;32713
563740011;32714
563756685;32715
563773359;32716
563790032;32717
563806706;32718
563823380;32719
563840054;32720
563856728;32721
563873401;32722
563890075;32723
563906749;32724
563923423;32725
563940096;32726
563956770;32727
563973444;32728
563990118;32729
564006791;32730
564023465;32731
564056813;32732
564073486;32733
564090160;32734
564106834;32735
564123508;32736
564140182;32737
564156855;32738
564173529;32739
564190203;32740
564206876;32741
564223550;32742
564240224;32743
564256898;32744
564273572;32745
564290245;32746
564306919;32747
564323593;32748
564340267;32749
564356940;32750
564373614;32751
564390288;32752
564406962;32753
564423635;32754
564440309;32755
564456983;32756
564473657;32757
564490330;32758
564507004;32759
564523678;32760
564557025;32761
564573699;32762
564590373;32763
564607047;32764
564623721;32765
564640394;32766
564657068;32767
564673742;32768
564690416;32769
564707089;32770
564723763;32771
564740437;32772
564757111;32773
564773784;32774
564790458;32775
564807132;32776
564823806;32777
564840479;32778
564857153;32779
564873827;32780
564890501;32781
564907174;32782
564923848;32783
564940522;32784
564957196;32785
564973869;32786
564990543;32787
565007217;32788
565023891;32789
565057238;32790
565073912;32791
565090586;32792
565107259;32793
565123933;32794
565140607;32795
565157281;32796
565173955;32797
565190628;32798
565207302;32799
565223976;32800
565240650;32801
565257323;32802
565273997;32803
565290671;32804
565307345;32805
565324018;32806
565340692;32807
565357366;32808
565374040;32809
565390713;32810
565407387;32811
565424061;32812
565440735;32813
565457408;32814
565474082;32815
565490756;32816
565507430;32817
565524103;32818
565557451;32819
565574125;32820
565590798;32821
565607472;32822
565624146;32823
565640820;32824
565657493;32825
565674167;32826
565690841;32827
565707515;32828
565724188;32829
565740862;32830
565757536;32831
565774210;32832
565790884;32833
565807557;32834
565824231;32835
565840905;32836
565857579;32837
565874252;32838
565890926;32839
565907600;32840
565924274;32841
565940947;32842
565957621;32843
565974295;32844
565990969;32845
566007642;32846
566024316;32847
566057664;32848
566074337;32849
566091011;32850
566107685;32851
566124359;32852
566141032;32853
566157706;32854
566174380;32855
566191054;32856
566207727;32857
566224401;32858
566241075;32859
566257749;32860
566274422;32861
566291096;32862
566307770;32863
566324444;32864
566341117;32865
566357791;32866
566374465;32867
566391139;32868
566407812;32869
566424486;32870
566441160;32871
566457833;32872
566474507;32873
566491181;32874
566507855;32875
566524529;32876
566557876;32877
566574550;32878
566591224;32879
566607897;32880
566624571;32881
566641245;32882
566657919;32883
566674592;32884
566691266;32885
566707940;32886
566724614;32887
566741287;32888
566757961;32889
566774635;32890
566791308;32891
566807982;32892
566824656;32893
566841330;32894
566858004;32895
566874677;32896
566891351;32897
566908025;32898
566924698;32899
566941372;32900
566958046;32901
566974720;32902
566991393;32903
567008067;32904
567024741;32905
567058088;32906
567074762;32907
567091436;32908
567108110;32909
567124783;32910
567141457;32911
567158131;32912
567174805;32913
567191479;32914
567208152;32915
567224826;32916
567241500;32917
567258173;32918
567274847;32919
567291521;32920
567308195;32921
567324868;32922
567341542;32923
567358216;32924
567374890;32925
567391563;32926
567408237;32927
567424911;32928
567441585;32929
567458258;32930
567474932;32931
567491606;32932
567508280;32933
567524953;32934
567558301;32935
567574975;32936
567591648;32937
567608322;32938
567624996;32939
567641670;32940
567658343;32941
567675017;32942
567691691;32943
567708365;32944
567725038;32945
567741712;32946
567758386;32947
567775060;32948
567791733;32949
567808407;32950
567825081;32951
567841755;32952
567858428;32953
567875102;32954
567891776;32955
567908449;32956
567925123;32957
567941797;32958
567958471;32959
567975144;32960
567991818;32961
568008492;32962
568025166;32963
568058513;32964
568075187;32965
568091861;32966
568108534;32967
568125208;32968
568141882;32969
568158556;32970
568175229;32971
568191903;32972
568208577;32973
568225251;32974
568241924;32975
568258598;32976
568275272;32977
568291946;32978
568308619;32979
568325293;32980
568341967;32981
568358641;32982
568375314;32983
568391988;32984
568408662;32985
568425335;32986
568442009;32987
568458683;32988
568475357;32989
568492030;32990
568508704;32991
568525378;32992
568558725;32993
568575399;32994
568592073;32995
568608747;32996
568625420;32997
568642094;32998
568658768;32999
568675442;33000
568692115;33001
568708789;33002
568725463;33003
568742137;33004
568758810;33005
568775484;33006
568792158;33007
568808832;33008
568825505;33009
568842179;33010
568858853;33011
568875526;33012
568892200;33013
568908874;33014
568925548;33015
568942221;33016
568958895;33017
568975569;33018
568992243;33019
569008916;33020
569025590;33021
569058938;33022
569075611;33023
569092285;33024
569108959;33025
569125633;33026
569142306;33027
569158980;33028
569175654;33029
569192327;33030
569209001;33031
569225675;33032
569242349;33033
569259022;33034
569275696;33035
569292370;33036
569309044;33037
569325717;33038
569342391;33039
569359065;33040
569375739;33041
569392412;33042
569409086;33043
569425760;33044
569442433;33045
569459107;33046
569475781;33047
569492455;33048
569509128;33049
569525802;33050
569559150;33051
569575823;33052
569592497;33053
569609171;33054
569625845;33055
569642518;33056
569659192;33057
569675866;33058
569692539;33059
569709213;33060
569725887;33061
569742561;33062
569759234;33063
569775908;33064
569792582;33065
569809256;33066
569825929;33067
569842603;33068
569859277;33069
569875951;33070
569892624;33071
569909298;33072
569925972;33073
569942646;33074
569959319;33075
569975993;33076
569992667;33077
570009341;33078
570026014;33079
570059362;33080
570076035;33081
570092709;33082
570109383;33083
570126057;33084
570142730;33085
570159404;33086
570176078;33087
570192751;33088
570209425;33089
570226099;33090
570242773;33091
570259446;33092
570276120;33093
570292794;33094
570309468;33095
570326141;33096
570342815;33097
570359489;33098
570376163;33099
570392836;33100
570409510;33101
570426184;33102
570442857;33103
570459531;33104
570476205;33105
570492879;33106
570509552;33107
570526226;33108
570559574;33109
570576247;33110
570592921;33111
570609595;33112
570626269;33113
570642942;33114
570659616;33115
570676290;33116
570692963;33117
570709637;33118
570726311;33119
570742985;33120
570759658;33121
570776332;33122
570793006;33123
570809679;33124
570826353;33125
570843027;33126
570859701;33127
570876374;33128
570893048;33129
570909722;33130
570926396;33131
570943069;33132
570959743;33133
570976417;33134
570993091;33135
571009764;33136
571026438;33137
571059786;33138
571076459;33139
571093133;33140
571109807;33141
571126480;33142
571143154;33143
571159828;33144
571176502;33145
571193175;33146
571209849;33147
571226523;33148
571243196;33149
571259870;33150
571276544;33151
571293218;33152
571309891;33153
571326565;33154
571343239;33155
571359913;33156
571376586;33157
571393260;33158
571409934;33159
571426607;33160
571443281;33161
571459955;33162
571476629;33163
571493302;33164
571509976;33165
571526650;33166
571559997;33167
571576671;33168
571593345;33169
571610018;33170
571626692;33171
571643366;33172
571660040;33173
571676713;33174
571693387;33175
571710061;33176
571726734;33177
571743408;33178
571760082;33179
571776756;33180
571793429;33181
571810103;33182
571826777;33183
571843451;33184
571860124;33185
571876798;33186
571893472;33187
571910145;33188
571926819;33189
571943493;33190
571960167;33191
571976840;33192
571993514;33193
572010188;33194
572026861;33195
572060209;33196
572076883;33197
572093556;33198
572110230;33199
572126904;33200
572143578;33201
572160251;33202
572176925;33203
572193599;33204
572210272;33205
572226946;33206
572243620;33207
572260294;33208
572276967;33209
572293641;33210
572310315;33211
572326989;33212
572343662;33213
572360336;33214
572377010;33215
572393683;33216
572410357;33217
572427031;33218
572443705;33219
572460378;33220
572477052;33221
572493726;33222
572510399;33223
572527073;33224
572560421;33225
572577094;33226
572593768;33227
572610442;33228
572627115;33229
572643789;33230
572660463;33231
572677137;33232
572693810;33233
572710484;33234
572727158;33235
572743832;33236
572760505;33237
572777179;33238
572793853;33239
572810526;33240
572827200;33241
572843874;33242
572860548;33243
572877221;33244
572893895;33245
572910569;33246
572927243;33247
572943916;33248
572960590;33249
572977264;33250
572993937;33251
573010611;33252
573027285;33253
573060632;33254
573077306;33255
573093980;33256
573110653;33257
573127327;33258
573144001;33259
573160675;33260
573177348;33261
573194022;33262
573210696;33263
573227369;33264
573244043;33265
573260717;33266
573277391;33267
573294064;33268
573310738;33269
573327412;33270
573344085;33271
573360759;33272
573377433;33273
573394107;33274
573410780;33275
573427454;33276
573444128;33277
573460801;33278
573477475;33279
573494149;33280
573510823;33281
573527496;33282
573560844;33283
573577517;33284
573594191;33285
573610865;33286
573627539;33287
573644212;33288
573660886;33289
573677560;33290
573694233;33291
573710907;33292
573727581;33293
573744255;33294
573760928;33295
573777602;33296
573794276;33297
573810949;33298
573827623;33299
573844297;33300
573860971;33301
573877644;33302
573894318;33303
573910992;33304
573927666;33305
573944339;33306
573961013;33307
573977687;33308
573994360;33309
574011034;33310
574027708;33311
574061055;33312
574077729;33313
574094403;33314
574111076;33315
574127750;33316
574144424;33317
574161098;33318
574177771;33319
574194445;33320
574211119;33321
574227792;33322
574244466;33323
574261140;33324
574277814;33325
574294487;33326
574311161;33327
574327835;33328
574344508;33329
574361182;33330
574377856;33331
574394530;33332
574411203;33333
574427877;33334
574444551;33335
574461224;33336
574477898;33337
574494572;33338
574511246;33339
574527919;33340
574561267;33341
574577940;33342
574594614;33343
574611288;33344
574627961;33345
574644635;33346
574661309;33347
574677983;33348
574694656;33349
574711330;33350
574728004;33351
574744677;33352
574761351;33353
574778025;33354
574794699;33355
574811372;33356
574828046;33357
574844720;33358
574861394;33359
574878067;33360
574894741;33361
574911415;33362
574928088;33363
574944762;33364
574961436;33365
574978110;33366
574994783;33367
575011457;33368
575028131;33369
575061478;33370
575078152;33371
575094825;33372
575111499;33373
575128173;33374
575144847;33375
575161520;33376
575178194;33377
575194868;33378
575211541;33379
575228215;33380
575244889;33381
575261563;33382
575278236;33383
575294910;33384
575311584;33385
575328257;33386
575344931;33387
575361605;33388
575378279;33389
575394952;33390
575411626;33391
575428300;33392
575444973;33393
575461647;33394
575478321;33395
575494995;33396
575511668;33397
575528342;33398
575561689;33399
575578363;33400
575595037;33401
575611711;33402
575628384;33403
575645058;33404
575661732;33405
575678405;33406
575695079;33407
575711753;33408
575728427;33409
575745100;33410
575761774;33411
575778448;33412
575795121;33413
575811795;33414
575828469;33415
575845142;33416
575861816;33417
575878490;33418
575895164;33419
575911837;33420
575928511;33421
575945185;33422
575961859;33423
575978532;33424
575995206;33425
576011880;33426
576028553;33427
576061901;33428
576078574;33429
576095248;33430
576111922;33431
576128596;33432
576145269;33433
576161943;33434
576178617;33435
576195290;33436
576211964;33437
576228638;33438
576245311;33439
576261985;33440
576278659;33441
576295333;33442
576312006;33443
576328680;33444
576345354;33445
576362028;33446
576378701;33447
576395375;33448
576412049;33449
576428722;33450
576445396;33451
576462070;33452
576478743;33453
576495417;33454
576512091;33455
576528765;33456
576562112;33457
576578786;33458
576595459;33459
576612133;33460
576628807;33461
576645480;33462
576662154;33463
576678828;33464
576695502;33465
576712175;33466
576728849;33467
576745523;33468
576762196;33469
576778870;33470
576795544;33471
576812218;33472
576828891;33473
576845565;33474
576862239;33475
576878912;33476
576895586;33477
576912260;33478
576928934;33479
576945607;33480
576962281;33481
576978955;33482
576995628;33483
577012302;33484
577028976;33485
577062323;33486
577078997;33487
577095671;33488
577112344;33489
577129018;33490
577145692;33491
577162365;33492
577179039;33493
577195713;33494
577212386;33495
577229060;33496
577245734;33497
577262408;33498
577279081;33499
577295755;33500
577312429;33501
577329102;33502
577345776;33503
577362450;33504
577379124;33505
577395797;33506
577412471;33507
577429145;33508
577445818;33509
577462492;33510
577479166;33511
577495839;33512
577512513;33513
577529187;33514
577562534;33515
577579208;33516
577595882;33517
577612555;33518
577629229;33519
577645903;33520
577662577;33521
577679250;33522
577695924;33523
577712598;33524
577729271;33525
577745945;33526
577762619;33527
577779292;33528
577795966;33529
577812640;33530
577829314;33531
577845987;33532
577862661;33533
577879335;33534
577896008;33535
577912682;33536
577929356;33537
577946030;33538
577962703;33539
577979377;33540
577996051;33541
578012724;33542
578029398;33543
578062745;33544
578079419;33545
578096093;33546
578112767;33547
578129440;33548
578146114;33549
578162788;33550
578179461;33551
578196135;33552
578212809;33553
578229482;33554
578246156;33555
578262830;33556
578279504;33557
578296177;33558
578312851;33559
578329525;33560
578346198;33561
578362872;33562
578379546;33563
578396220;33564
578412893;33565
578429567;33566
578446241;33567
578462914;33568
578479588;33569
578496262;33570
578512935;33571
578529609;33572
578562957;33573
578579630;33574
578596304;33575
578612978;33576
578629651;33577
578646325;33578
578662999;33579
578679672;33580
578696346;33581
578713020;33582
578729694;33583
578746367;33584
578763041;33585
578779715;33586
578796388;33587
578813062;33588
578829736;33589
578846409;33590
578863083;33591
578879757;33592
578896431;33593
578913104;33594
578929778;33595
578946452;33596
578963125;33597
578979799;33598
578996473;33599
579013146;33600
579029820;33601
579063168;33602
579079841;33603
579096515;33604
579113189;33605
579129862;33606
579146536;33607
579163210;33608
579179883;33609
579196557;33610
579213231;33611
579229905;33612
579246578;33613
579263252;33614
579279926;33615
579296599;33616
579313273;33617
579329947;33618
579346621;33619
579363294;33620
579379968;33621
579396642;33622
579413315;33623
579429989;33624
579446663;33625
579463336;33626
579480010;33627
579496684;33628
579513358;33629
579530031;33630
579563379;33631
579580052;33632
579596726;33633
579613400;33634
579630073;33635
579646747;33636
579663421;33637
579680094;33638
579696768;33639
579713442;33640
579730116;33641
579746789;33642
579763463;33643
579780137;33644
579796810;33645
579813484;33646
579830158;33647
579846832;33648
579863505;33649
579880179;33650
579896853;33651
579913526;33652
579930200;33653
579946874;33654
579963547;33655
579980221;33656
579996895;33657
580013569;33658
580030242;33659
580063590;33660
580080263;33661
580096937;33662
580113611;33663
580130284;33664
580146958;33665
580163632;33666
580180306;33667
580196979;33668
580213653;33669
580230327;33670
580247000;33671
580263674;33672
580280348;33673
580297021;33674
580313695;33675
580330369;33676
580347043;33677
580363716;33678
580380390;33679
580397064;33680
580413737;33681
580430411;33682
580447085;33683
580463758;33684
580480432;33685
580497106;33686
580513779;33687
580530453;33688
580563801;33689
580580474;33690
580597148;33691
580613822;33692
580630495;33693
580647169;33694
580663843;33695
580680516;33696
580697190;33697
580713864;33698
580730538;33699
580747211;33700
580763885;33701
580780559;33702
580797232;33703
580813906;33704
580830580;33705
580847253;33706
580863927;33707
580880601;33708
580897275;33709
580913948;33710
580930622;33711
580947296;33712
580963969;33713
580980643;33714
580997317;33715
581013991;33716
581030664;33717
581064012;33718
581080685;33719
581097359;33720
581114033;33721
581130706;33722
581147380;33723
581164054;33724
581180727;33725
581197401;33726
581214075;33727
581230749;33728
581247422;33729
581264096;33730
581280770;33731
581297443;33732
581314117;33733
581330791;33734
581347464;33735
581364138;33736
581380812;33737
581397486;33738
581414159;33739
581430833;33740
581447507;33741
581464180;33742
581480854;33743
581497528;33744
581514201;33745
581530875;33746
581564223;33747
581580896;33748
581597570;33749
581614244;33750
581630917;33751
581647591;33752
581664265;33753
581680939;33754
581697612;33755
581714286;33756
581730960;33757
581747633;33758
581764307;33759
581780981;33760
581797654;33761
581814328;33762
581831002;33763
581847675;33764
581864349;33765
581881023;33766
581897697;33767
581914370;33768
581931044;33769
581947718;33770
581964391;33771
581981065;33772
581997739;33773
582014412;33774
582031086;33775
582064434;33776
582081107;33777
582097781;33778
582114455;33779
582131128;33780
582147802;33781
582164476;33782
582181149;33783
582197823;33784
582214497;33785
582231171;33786
582247844;33787
582264518;33788
582281192;33789
582297865;33790
582314539;33791
582331213;33792
582347886;33793
582364560;33794
582381234;33795
582397908;33796
582414581;33797
582431255;33798
582447929;33799
582464602;33800
582481276;33801
582497950;33802
582514623;33803
582531297;33804
582564645;33805
582581318;33806
582597992;33807
582614666;33808
582631339;33809
582648013;33810
582664687;33811
582681361;33812
582698034;33813
582714708;33814
582731382;33815
582748055;33816
582764729;33817
582781403;33818
582798076;33819
582814750;33820
582831424;33821
582848098;33822
582864771;33823
582881445;33824
582898119;33825
582914792;33826
582931466;33827
582948140;33828
582964813;33829
582981487;33830
582998161;33831
583014835;33832
583031508;33833
583064856;33834
583081529;33835
583098203;33836
583114877;33837
583131550;33838
583148224;33839
583164898;33840
583181571;33841
583198245;33842
583214919;33843
583231593;33844
583248266;33845
583264940;33846
583281614;33847
583298287;33848
583314961;33849
583331635;33850
583348309;33851
583364982;33852
583381656;33853
583398330;33854
583415003;33855
583431677;33856
583448351;33857
583465024;33858
583481698;33859
583498372;33860
583515046;33861
583531719;33862
583565067;33863
583581740;33864
583598414;33865
583615088;33866
583631761;33867
583648435;33868
583665109;33869
583681783;33870
583698456;33871
583715130;33872
583731804;33873
583748477;33874
583765151;33875
583781825;33876
583798498;33877
583815172;33878
583831846;33879
583848520;33880
583865193;33881
583881867;33882
583898541;33883
583915214;33884
583931888;33885
583948562;33886
583965235;33887
583981909;33888
583998583;33889
584015257;33890
584031930;33891
584065278;33892
584081951;33893
584098625;33894
584115299;33895
584131972;33896
584148646;33897
584165320;33898
584181994;33899
584198667;33900
584215341;33901
584232015;33902
584248688;33903
584265362;33904
584282036;33905
584298709;33906
584315383;33907
584332057;33908
584348731;33909
584365404;33910
584382078;33911
584398752;33912
584415425;33913
584432099;33914
584448773;33915
584465446;33916
584482120;33917
584498794;33918
584515468;33919
584532141;33920
584565489;33921
584582162;33922
584598836;33923
584615510;33924
584632184;33925
584648857;33926
584665531;33927
584682205;33928
584698878;33929
584715552;33930
584732226;33931
584748899;33932
584765573;33933
584782247;33934
584798921;33935
584815594;33936
584832268;33937
584848942;33938
584865615;33939
584882289;33940
584898963;33941
584915636;33942
584932310;33943
584948984;33944
584965658;33945
584982331;33946
584999005;33947
585015679;33948
585032352;33949
585065700;33950
585082374;33951
585099047;33952
585115721;33953
585132395;33954
585149068;33955
585165742;33956
585182416;33957
585199089;33958
585215763;33959
585232437;33960
585249110;33961
585265784;33962
585282458;33963
585299132;33964
585315805;33965
585332479;33966
585349153;33967
585365826;33968
585382500;33969
585399174;33970
585415848;33971
585432521;33972
585449195;33973
585465869;33974
585482542;33975
585499216;33976
585515890;33977
585532563;33978
585565911;33979
585582585;33980
585599258;33981
585615932;33982
585632606;33983
585649279;33984
585665953;33985
585682627;33986
585699300;33987
585715974;33988
585732648;33989
585749322;33990
585765995;33991
585782669;33992
585799343;33993
585816016;33994
585832690;33995
585849364;33996
585866037;33997
585882711;33998
585899385;33999
585916059;34000
585932732;34001
585949406;34002
585966080;34003
585982753;34004
585999427;34005
586016101;34006
586032775;34007
586066122;34008
586082796;34009
586099469;34010
586116143;34011
586132817;34012
586149490;34013
586166164;34014
586182838;34015
586199512;34016
586216185;34017
586232859;34018
586249533;34019
586266206;34020
586282880;34021
586299554;34022
586316228;34023
586332901;34024
586349575;34025
586366249;34026
586382922;34027
586399596;34028
586416270;34029
586432943;34030
586449617;34031
586466291;34032
586482965;34033
586499638;34034
586516312;34035
586532986;34036
586566333;34037
586583007;34038
586599680;34039
586616354;34040
586633028;34041
586649702;34042
586666375;34043
586683049;34044
586699723;34045
586716396;34046
586733070;34047
586749744;34048
586766418;34049
586783091;34050
586799765;34051
586816439;34052
586833112;34053
586849786;34054
586866460;34055
586883133;34056
586899807;34057
586916481;34058
586933155;34059
586949828;34060
586966502;34061
586983176;34062
586999849;34063
587016523;34064
587033197;34065
587066544;34066
587083218;34067
587099892;34068
587116565;34069
587133239;34070
587149913;34071
587166586;34072
587183260;34073
587199934;34074
587216608;34075
587233281;34076
587249955;34077
587266629;34078
587283302;34079
587299976;34080
587316650;34081
587333324;34082
587349997;34083
587366671;34084
587383345;34085
587400018;34086
587416692;34087
587433366;34088
587450039;34089
587466713;34090
587483387;34091
587500061;34092
587516734;34093
587533408;34094
587566755;34095
587583429;34096
587600103;34097
587616776;34098
587633450;34099
587650124;34100
587666798;34101
587683471;34102
587700145;34103
587716819;34104
587733492;34105
587750166;34106
587766840;34107
587783514;34108
587800187;34109
587816861;34110
587833535;34111
587850208;34112
587866882;34113
587883556;34114
587900230;34115
587916903;34116
587933577;34117
587950251;34118
587966924;34119
587983598;34120
588000272;34121
588016946;34122
588033619;34123
588066967;34124
588083640;34125
588100314;34126
588116988;34127
588133662;34128
588150335;34129
588167009;34130
588183683;34131
588200356;34132
588217030;34133
588233704;34134
588250377;34135
588267051;34136
588283725;34137
588300399;34138
588317072;34139
588333746;34140
588350420;34141
588367093;34142
588383767;34143
588400441;34144
588417114;34145
588433788;34146
588450462;34147
588467136;34148
588483809;34149
588500483;34150
588517157;34151
588533831;34152
588567178;34153
588583852;34154
588600525;34155
588617199;34156
588633873;34157
588650546;34158
588667220;34159
588683894;34160
588700568;34161
588717241;34162
588733915;34163
588750589;34164
588767262;34165
588783936;34166
588800610;34167
588817284;34168
588833957;34169
588850631;34170
588867305;34171
588883978;34172
588900652;34173
588917326;34174
588934000;34175
588950673;34176
588967347;34177
588984021;34178
589000694;34179
589017368;34180
589034042;34181
589067389;34182
589084063;34183
589100737;34184
589117410;34185
589134084;34186
589150758;34187
589167431;34188
589184105;34189
589200779;34190
589217453;34191
589234126;34192
589250800;34193
589267474;34194
589284147;34195
589300821;34196
589317495;34197
589334169;34198
589350842;34199
589367516;34200
589384190;34201
589400863;34202
589417537;34203
589434211;34204
589450885;34205
589467558;34206
589484232;34207
589500906;34208
589517579;34209
589534253;34210
589567601;34211
589584274;34212
589600948;34213
589617622;34214
589634295;34215
589650969;34216
589667643;34217
589684316;34218
589700990;34219
589717664;34220
589734338;34221
589751011;34222
589767685;34223
589784359;34224
589801033;34225
589817706;34226
589834380;34227
589851054;34228
589867727;34229
589884401;34230
589901075;34231
589917749;34232
589934422;34233
589951096;34234
589967770;34235
589984443;34236
590001117;34237
590017791;34238
590034464;34239
590067812;34240
590084486;34241
590101159;34242
590117833;34243
590134507;34244
590151181;34245
590167854;34246
590184528;34247
590201202;34248
590217875;34249
590234549;34250
590251223;34251
590267897;34252
590284570;34253
590301244;34254
590317918;34255
590334591;34256
590351265;34257
590367939;34258
590384612;34259
590401286;34260
590417960;34261
590434634;34262
590451307;34263
590467981;34264
590484655;34265
590501329;34266
590518002;34267
590534676;34268
590568023;34269
590584697;34270
590601371;34271
590618044;34272
590634718;34273
590651392;34274
590668066;34275
590684739;34276
590701413;34277
590718087;34278
590734760;34279
590751434;34280
590768108;34281
590784782;34282
590801455;34283
590818129;34284
590834803;34285
590851477;34286
590868150;34287
590884824;34288
590901498;34289
590918171;34290
590934845;34291
590951519;34292
590968193;34293
590984866;34294
591001540;34295
591018214;34296
591034887;34297
591068235;34298
591084908;34299
591101582;34300
591118256;34301
591134930;34302
591151603;34303
591168277;34304
591184951;34305
591201625;34306
591218298;34307
591234972;34308
591251646;34309
591268319;34310
591284993;34311
591301667;34312
591318340;34313
591335014;34314
591351688;34315
591368362;34316
591385035;34317
591401709;34318
591418383;34319
591435057;34320
591451730;34321
591468404;34322
591485078;34323
591501751;34324
591518425;34325
591535099;34326
591568446;34327
591585120;34328
591601794;34329
591618467;34330
591635141;34331
591651815;34332
591668489;34333
591685162;34334
591701836;34335
591718510;34336
591735183;34337
591751857;34338
591768531;34339
591785205;34340
591801878;34341
591818552;34342
591835226;34343
591851899;34344
591868573;34345
591885247;34346
591901921;34347
591918594;34348
591935268;34349
591951942;34350
591968615;34351
591985289;34352
592001963;34353
592018637;34354
592035310;34355
592068658;34356
592085331;34357
592102005;34358
592118679;34359
592135353;34360
592152026;34361
592168700;34362
592185374;34363
592202047;34364
592218721;34365
592235395;34366
592252069;34367
592268742;34368
592285416;34369
592302090;34370
592318763;34371
592335437;34372
592352111;34373
592368785;34374
592385458;34375
592402132;34376
592418806;34377
592435479;34378
592452153;34379
592468827;34380
592485501;34381
592502174;34382
592518848;34383
592535522;34384
592568869;34385
592585543;34386
592602217;34387
592618890;34388
592635564;34389
592652238;34390
592668912;34391
592685585;34392
592702259;34393
592718933;34394
592735606;34395
592752280;34396
592768954;34397
592785628;34398
592802301;34399
592818975;34400
592835649;34401
592852322;34402
592868996;34403
592885670;34404
592902344;34405
592919017;34406
592935691;34407
592952365;34408
592969038;34409
592985712;34410
593002386;34411
593019060;34412
593035733;34413
593069081;34414
593085755;34415
593102428;34416
593119102;34417
593135776;34418
593152449;34419
593169123;34420
593185797;34421
593202471;34422
593219144;34423
593235818;34424
593252492;34425
593269165;34426
593285839;34427
593302513;34428
593319187;34429
593335860;34430
593352534;34431
593369208;34432
593385881;34433
593402555;34434
593419229;34435
593435903;34436
593452576;34437
593469250;34438
593485924;34439
593502597;34440
593519271;34441
593535945;34442
593569292;34443
593585966;34444
593602640;34445
593619313;34446
593635987;34447
593652661;34448
593669335;34449
593686008;34450
593702682;34451
593719356;34452
593736029;34453
593752703;34454
593769377;34455
593786051;34456
593802724;34457
593819398;34458
593836072;34459
593852746;34460
593869419;34461
593886093;34462
593902767;34463
593919440;34464
593936114;34465
593952788;34466
593969462;34467
593986135;34468
594002809;34469
594019483;34470
594036156;34471
594069504;34472
594086178;34473
594102851;34474
594119525;34475
594136199;34476
594152872;34477
594169546;34478
594186220;34479
594202894;34480
594219567;34481
594236241;34482
594252915;34483
594269589;34484
594286262;34485
594302936;34486
594319610;34487
594336283;34488
594352957;34489
594369631;34490
594386305;34491
594402978;34492
594419652;34493
594436326;34494
594453000;34495
594469673;34496
594486347;34497
594503021;34498
594519694;34499
594536368;34500
594569716;34501
594586389;34502
594603063;34503
594619737;34504
594636410;34505
594653084;34506
594669758;34507
594686432;34508
594703105;34509
594719779;34510
594736453;34511
594753127;34512
594769800;34513
594786474;34514
594803148;34515
594819821;34516
594836495;34517
594853169;34518
594869843;34519
594886516;34520
594903190;34521
594919864;34522
594936537;34523
594953211;34524
594969885;34525
594986559;34526
595003232;34527
595019906;34528
595036580;34529
595069927;34530
595086601;34531
595103275;34532
595119948;34533
595136622;34534
595153296;34535
595169970;34536
595186643;34537
595203317;34538
595219991;34539
595236665;34540
595253338;34541
595270012;34542
595286686;34543
595303359;34544
595320033;34545
595336707;34546
595353381;34547
595370054;34548
595386728;34549
595403402;34550
595420076;34551
595436749;34552
595453423;34553
595470097;34554
595486770;34555
595503444;34556
595520118;34557
595536792;34558
595570139;34559
595586813;34560
595603486;34561
595620160;34562
595636834;34563
595653508;34564
595670181;34565
595686855;34566
595703529;34567
595720203;34568
595736876;34569
595753550;34570
595770224;34571
595786897;34572
595803571;34573
595820245;34574
595836919;34575
595853592;34576
595870266;34577
595886940;34578
595903613;34579
595920287;34580
595936961;34581
595953635;34582
595970308;34583
595986982;34584
596003656;34585
596020330;34586
596037003;34587
596070351;34588
596087024;34589
596103698;34590
596120372;34591
596137046;34592
596153719;34593
596170393;34594
596187067;34595
596203741;34596
596220414;34597
596237088;34598
596253762;34599
596270436;34600
596287109;34601
596303783;34602
596320457;34603
596337130;34604
596353804;34605
596370478;34606
596387152;34607
596403825;34608
596420499;34609
596437173;34610
596453846;34611
596470520;34612
596487194;34613
596503868;34614
596520541;34615
596537215;34616
596570563;34617
596587236;34618
596603910;34619
596620584;34620
596637258;34621
596653931;34622
596670605;34623
596687279;34624
596703952;34625
596720626;34626
596737300;34627
596753974;34628
596770647;34629
596787321;34630
596803995;34631
596820669;34632
596837342;34633
596854016;34634
596870690;34635
596887363;34636
596904037;34637
596920711;34638
596937385;34639
596954058;34640
596970732;34641
596987406;34642
597004079;34643
597020753;34644
597037427;34645
597070774;34646
597087448;34647
597104122;34648
597120796;34649
597137469;34650
597154143;34651
597170817;34652
597187491;34653
597204164;34654
597220838;34655
597237512;34656
597254185;34657
597270859;34658
597287533;34659
597304207;34660
597320880;34661
597337554;34662
597354228;34663
597370902;34664
597387575;34665
597404249;34666
597420923;34667
597437597;34668
597454270;34669
597470944;34670
597487618;34671
597504291;34672
597520965;34673
597537639;34674
597570986;34675
597587660;34676
597604334;34677
597621008;34678
597637681;34679
597654355;34680
597671029;34681
597687702;34682
597704376;34683
597721050;34684
597737724;34685
597754397;34686
597771071;34687
597787745;34688
597804419;34689
597821092;34690
597837766;34691
597854440;34692
597871113;34693
597887787;34694
597904461;34695
597921135;34696
597937808;34697
597954482;34698
597971156;34699
597987830;34700
598004503;34701
598021177;34702
598037851;34703
598071198;34704
598087872;34705
598104546;34706
598121219;34707
598137893;34708
598154567;34709
598171241;34710
598187914;34711
598204588;34712
598221262;34713
598237936;34714
598254609;34715
598271283;34716
598287957;34717
598304630;34718
598321304;34719
598337978;34720
598354652;34721
598371325;34722
598387999;34723
598404673;34724
598421347;34725
598438020;34726
598454694;34727
598471368;34728
598488041;34729
598504715;34730
598521389;34731
598538063;34732
598571410;34733
598588084;34734
598604758;34735
598621431;34736
598638105;34737
598654779;34738
598671453;34739
598688126;34740
598704800;34741
598721474;34742
598738147;34743
598754821;34744
598771495;34745
598788169;34746
598804842;34747
598821516;34748
598838190;34749
598854864;34750
598871537;34751
598888211;34752
598904885;34753
598921559;34754
598938232;34755
598954906;34756
598971580;34757
598988253;34758
599004927;34759
599021601;34760
599038275;34761
599071622;34762
599088296;34763
599104970;34764
599121643;34765
599138317;34766
599154991;34767
599171665;34768
599188338;34769
599205012;34770
599221686;34771
599238359;34772
599255033;34773
599271707;34774
599288381;34775
599305054;34776
599321728;34777
599338402;34778
599355076;34779
599371749;34780
599388423;34781
599405097;34782
599421770;34783
599438444;34784
599455118;34785
599471792;34786
599488465;34787
599505139;34788
599521813;34789
599538487;34790
599571834;34791
599588508;34792
599605182;34793
599621855;34794
599638529;34795
599655203;34796
599671877;34797
599688550;34798
599705224;34799
599721898;34800
599738571;34801
599755245;34802
599771919;34803
599788593;34804
599805266;34805
599821940;34806
599838614;34807
599855288;34808
599871961;34809
599888635;34810
599905309;34811
599921982;34812
599938656;34813
599955330;34814
599972004;34815
599988677;34816
600005351;34817
600022025;34818
600038699;34819
600072046;34820
600088720;34821
600105394;34822
600122067;34823
600138741;34824
600155415;34825
600172088;34826
600188762;34827
600205436;34828
600222110;34829
600238783;34830
600255457;34831
600272131;34832
600288805;34833
600305478;34834
600322152;34835
600338826;34836
600355500;34837
600372173;34838
600388847;34839
600405521;34840
600422195;34841
600438868;34842
600455542;34843
600472216;34844
600488889;34845
600505563;34846
600522237;34847
600538911;34848
600572258;34849
600588932;34850
600605606;34851
600622279;34852
600638953;34853
600655627;34854
600672301;34855
600688974;34856
600705648;34857
600722322;34858
600738995;34859
600755669;34860
600772343;34861
600789017;34862
600805690;34863
600822364;34864
600839038;34865
600855712;34866
600872385;34867
600889059;34868
600905733;34869
600922406;34870
600939080;34871
600955754;34872
600972428;34873
600989102;34874
601005775;34875
601022449;34876
601039123;34877
601072470;34878
601089144;34879
601105818;34880
601122491;34881
601139165;34882
601155839;34883
601172513;34884
601189186;34885
601205860;34886
601222534;34887
601239207;34888
601255881;34889
601272555;34890
601289229;34891
601305902;34892
601322576;34893
601339250;34894
601355924;34895
601372597;34896
601389271;34897
601405945;34898
601422619;34899
601439292;34900
601455966;34901
601472640;34902
601489313;34903
601505987;34904
601522661;34905
601539335;34906
601572682;34907
601589356;34908
601606030;34909
601622703;34910
601639377;34911
601656051;34912
601672725;34913
601689398;34914
601706072;34915
601722746;34916
601739419;34917
601756093;34918
601772767;34919
601789441;34920
601806115;34921
601822788;34922
601839462;34923
601856136;34924
601872809;34925
601889483;34926
601906157;34927
601922831;34928
601939504;34929
601956178;34930
601972852;34931
601989526;34932
602006199;34933
602022873;34934
602039547;34935
602072894;34936
602089568;34937
602106242;34938
602122915;34939
602139589;34940
602156263;34941
602172937;34942
602189610;34943
602206284;34944
602222958;34945
602239632;34946
602256305;34947
602272979;34948
602289653;34949
602306327;34950
602323000;34951
602339674;34952
602356348;34953
602373022;34954
602389695;34955
602406369;34956
602423043;34957
602439716;34958
602456390;34959
602473064;34960
602489738;34961
602506411;34962
602523085;34963
602539759;34964
602573106;34965
602589780;34966
602606454;34967
602623128;34968
602639801;34969
602656475;34970
602673149;34971
602689822;34972
602706496;34973
602723170;34974
602739844;34975
602756517;34976
602773191;34977
602789865;34978
602806539;34979
602823212;34980
602839886;34981
602856560;34982
602873234;34983
602889907;34984
602906581;34985
602923255;34986
602939929;34987
602956602;34988
602973276;34989
602989950;34990
603006623;34991
603023297;34992
603039971;34993
603073318;34994
603089992;34995
603106666;34996
603123340;34997
603140013;34998
603156687;34999
603173361;35000
603190035;35001
603206708;35002
603223382;35003
603240056;35004
603256730;35005
603273403;35006
603290077;35007
603306751;35008
603323424;35009
603340098;35010
603356772;35011
603373446;35012
603390119;35013
603406793;35014
603423467;35015
603440141;35016
603456814;35017
603473488;35018
603490162;35019
603506836;35020
603523509;35021
603540183;35022
603573531;35023
603590204;35024
603606878;35025
603623552;35026
603640226;35027
603656899;35028
603673573;35029
603690247;35030
603706920;35031
603723594;35032
603740268;35033
603756942;35034
603773615;35035
603790289;35036
603806963;35037
603823637;35038
603840310;35039
603856984;35040
603873658;35041
603890332;35042
603907005;35043
603923679;35044
603940353;35045
603957027;35046
603973700;35047
603990374;35048
604007048;35049
604023721;35050
604040395;35051
604073743;35052
604090416;35053
604107090;35054
604123764;35055
604140438;35056
604157111;35057
604173785;35058
604190459;35059
604207133;35060
604223806;35061
604240480;35062
604257154;35063
604273827;35064
604290501;35065
604307175;35066
604323849;35067
604340522;35068
604357196;35069
604373870;35070
604390544;35071
604407217;35072
604423891;35073
604440565;35074
604457239;35075
604473912;35076
604490586;35077
604507260;35078
604523934;35079
604540607;35080
604573955;35081
604590628;35082
604607302;35083
604623976;35084
604640650;35085
604657323;35086
604673997;35087
604690671;35088
604707345;35089
604724018;35090
604740692;35091
604757366;35092
604774040;35093
604790713;35094
604807387;35095
604824061;35096
604840735;35097
604857408;35098
604874082;35099
604890756;35100
604907429;35101
604924103;35102
604940777;35103
604957451;35104
604974124;35105
604990798;35106
605007472;35107
605024146;35108
605040819;35109
605074167;35110
605090841;35111
605107514;35112
605124188;35113
605140862;35114
605157536;35115
605174209;35116
605190883;35117
605207557;35118
605224230;35119
605240904;35120
605257578;35121
605274252;35122
605290925;35123
605307599;35124
605324273;35125
605340947;35126
605357620;35127
605374294;35128
605390968;35129
605407642;35130
605424315;35131
605440989;35132
605457663;35133
605474337;35134
605491010;35135
605507684;35136
605524358;35137
605541031;35138
605574379;35139
605591053;35140
605607726;35141
605624400;35142
605641074;35143
605657748;35144
605674421;35145
605691095;35146
605707769;35147
605724443;35148
605741116;35149
605757790;35150
605774464;35151
605791138;35152
605807811;35153
605824485;35154
605841159;35155
605857833;35156
605874506;35157
605891180;35158
605907854;35159
605924527;35160
605941201;35161
605957875;35162
605974549;35163
605991222;35164
606007896;35165
606024570;35166
606041244;35167
606074591;35168
606091265;35169
606107939;35170
606124612;35171
606141286;35172
606157960;35173
606174634;35174
606191307;35175
606207981;35176
606224655;35177
606241328;35178
606258002;35179
606274676;35180
606291350;35181
606308023;35182
606324697;35183
606341371;35184
606358045;35185
606374718;35186
606391392;35187
606408066;35188
606424740;35189
606441413;35190
606458087;35191
606474761;35192
606491435;35193
606508108;35194
606524782;35195
606541456;35196
606574803;35197
606591477;35198
606608151;35199
606624824;35200
606641498;35201
606658172;35202
606674846;35203
606691519;35204
606708193;35205
606724867;35206
606741541;35207
606758214;35208
606774888;35209
606791562;35210
606808236;35211
606824909;35212
606841583;35213
606858257;35214
606874931;35215
606891604;35216
606908278;35217
606924952;35218
606941625;35219
606958299;35220
606974973;35221
606991647;35222
607008320;35223
607024994;35224
607041668;35225
607075015;35226
607091689;35227
607108363;35228
607125037;35229
607141710;35230
607158384;35231
607175058;35232
607191731;35233
607208405;35234
607225079;35235
607241753;35236
607258426;35237
607275100;35238
607291774;35239
607308448;35240
607325121;35241
607341795;35242
607358469;35243
607375143;35244
607391816;35245
607408490;35246
607425164;35247
607441838;35248
607458511;35249
607475185;35250
607491859;35251
607508533;35252
607525206;35253
607541880;35254
607575227;35255
607591901;35256
607608575;35257
607625249;35258
607641922;35259
607658596;35260
607675270;35261
607691944;35262
607708617;35263
607725291;35264
607741965;35265
607758638;35266
607775312;35267
607791986;35268
607808660;35269
607825333;35270
607842007;35271
607858681;35272
607875355;35273
607892028;35274
607908702;35275
607925376;35276
607942050;35277
607958723;35278
607975397;35279
607992071;35280
608008745;35281
608025418;35282
608042092;35283
608075440;35284
608092113;35285
608108787;35286
608125461;35287
608142134;35288
608158808;35289
608175482;35290
608192156;35291
608208829;35292
608225503;35293
608242177;35294
608258851;35295
608275524;35296
608292198;35297
608308872;35298
608325546;35299
608342219;35300
608358893;35301
608375567;35302
608392240;35303
608408914;35304
608425588;35305
608442262;35306
608458935;35307
608475609;35308
608492283;35309
608508957;35310
608525630;35311
608542304;35312
608575652;35313
608592325;35314
608608999;35315
608625673;35316
608642347;35317
608659020;35318
608675694;35319
608692368;35320
608709041;35321
608725715;35322
608742389;35323
608759063;35324
608775736;35325
608792410;35326
608809084;35327
608825758;35328
608842431;35329
608859105;35330
608875779;35331
608892453;35332
608909126;35333
608925800;35334
608942474;35335
608959148;35336
608975821;35337
608992495;35338
609009169;35339
609025843;35340
609042516;35341
609075864;35342
609092537;35343
609109211;35344
609125885;35345
609142559;35346
609159232;35347
609175906;35348
609192580;35349
609209254;35350
609225927;35351
609242601;35352
609259275;35353
609275949;35354
609292622;35355
609309296;35356
609325970;35357
609342643;35358
609359317;35359
609375991;35360
609392665;35361
609409338;35362
609426012;35363
609442686;35364
609459360;35365
609476033;35366
609492707;35367
609509381;35368
609526055;35369
609542728;35370
609576076;35371
609592749;35372
609609423;35373
609626097;35374
609642771;35375
609659444;35376
609676118;35377
609692792;35378
609709466;35379
609726139;35380
609742813;35381
609759487;35382
609776161;35383
609792834;35384
609809508;35385
609826182;35386
609842856;35387
609859529;35388
609876203;35389
609892877;35390
609909550;35391
609926224;35392
609942898;35393
609959572;35394
609976245;35395
609992919;35396
610009593;35397
610026267;35398
610042940;35399
610076288;35400
610092961;35401
610109635;35402
610126309;35403
610142983;35404
610159656;35405
610176330;35406
610193004;35407
610209678;35408
610226351;35409
610243025;35410
610259699;35411
610276373;35412
610293046;35413
610309720;35414
610326394;35415
610343068;35416
610359741;35417
610376415;35418
610393089;35419
610409763;35420
610426436;35421
610443110;35422
610459784;35423
610476457;35424
610493131;35425
610509805;35426
610526479;35427
610543152;35428
610576500;35429
610593174;35430
610609847;35431
610626521;35432
610643195;35433
610659868;35434
610676542;35435
610693216;35436
610709890;35437
610726563;35438
610743237;35439
610759911;35440
610776585;35441
610793258;35442
610809932;35443
610826606;35444
610843280;35445
610859953;35446
610876627;35447
610893301;35448
610909974;35449
610926648;35450
610943322;35451
610959996;35452
610976669;35453
610993343;35454
611010017;35455
611026691;35456
611043364;35457
611076712;35458
611093386;35459
611110059;35460
611126733;35461
611143407;35462
611160081;35463
611176754;35464
611193428;35465
611210102;35466
611226775;35467
611243449;35468
611260123;35469
611276797;35470
611293470;35471
611310144;35472
611326818;35473
611343492;35474
611360165;35475
611376839;35476
611393513;35477
611410187;35478
611426860;35479
611443534;35480
611460208;35481
611476881;35482
611493555;35483
611510229;35484
611526903;35485
611543576;35486
611576924;35487
611593598;35488
611610271;35489
611626945;35490
611643619;35491
611660293;35492
611676966;35493
611693640;35494
611710314;35495
611726987;35496
611743661;35497
611760335;35498
611777009;35499
611793682;35500
611810356;35501
611827030;35502
611843704;35503
611860377;35504
611877051;35505
611893725;35506
611910399;35507
611927072;35508
611943746;35509
611960420;35510
611977093;35511
611993767;35512
612010441;35513
612027115;35514
612043788;35515
612077136;35516
612093810;35517
612110483;35518
612127157;35519
612143831;35520
612160504;35521
612177178;35522
612193852;35523
612210526;35524
612227199;35525
612243873;35526
612260547;35527
612277221;35528
612293894;35529
612310568;35530
612327242;35531
612343916;35532
612360589;35533
612377263;35534
612393937;35535
612410610;35536
612427284;35537
612443958;35538
612460632;35539
612477305;35540
612493979;35541
612510653;35542
612527327;35543
612544000;35544
612577348;35545
612594021;35546
612610695;35547
612627369;35548
612644043;35549
612660716;35550
612677390;35551
612694064;35552
612710738;35553
612727411;35554
612744085;35555
612760759;35556
612777432;35557
612794106;35558
612810780;35559
612827454;35560
612844127;35561
612860801;35562
612877475;35563
612894149;35564
612910822;35565
612927496;35566
612944170;35567
612960844;35568
612977517;35569
612994191;35570
613010865;35571
613027538;35572
613044212;35573
613077560;35574
613094233;35575
613110907;35576
613127581;35577
613144255;35578
613160928;35579
613177602;35580
613194276;35581
613210949;35582
613227623;35583
613244297;35584
613260971;35585
613277644;35586
613294318;35587
613310992;35588
613327666;35589
613344339;35590
613361013;35591
613377687;35592
613394360;35593
613411034;35594
613427708;35595
613444382;35596
613461055;35597
613477729;35598
613494403;35599
613511077;35600
613527750;35601
613544424;35602
613577772;35603
613594445;35604
613611119;35605
613627793;35606
613644466;35607
613661140;35608
613677814;35609
613694488;35610
613711161;35611
613727835;35612
613744509;35613
613761183;35614
613777856;35615
613794530;35616
613811204;35617
613827877;35618
613844551;35619
613861225;35620
613877899;35621
613894572;35622
613911246;35623
613927920;35624
613944594;35625
613961267;35626
613977941;35627
613994615;35628
614011288;35629
614027962;35630
614044636;35631
614077983;35632
614094657;35633
614111331;35634
614128004;35635
614144678;35636
614161352;35637
614178026;35638
614194699;35639
614211373;35640
614228047;35641
614244721;35642
614261394;35643
614278068;35644
614294742;35645
614311415;35646
614328089;35647
614344763;35648
614361437;35649
614378110;35650
614394784;35651
614411458;35652
614428132;35653
614444805;35654
614461479;35655
614478153;35656
614494826;35657
614511500;35658
614528174;35659
614544848;35660
614578195;35661
614594869;35662
614611543;35663
614628216;35664
614644890;35665
614661564;35666
614678238;35667
614694911;35668
614711585;35669
614728259;35670
614744932;35671
614761606;35672
614778280;35673
614794954;35674
614811627;35675
614828301;35676
614844975;35677
614861648;35678
614878322;35679
614894996;35680
614911670;35681
614928343;35682
614945017;35683
614961691;35684
614978365;35685
614995038;35686
615011712;35687
615028386;35688
615045060;35689
615078407;35690
615095081;35691
615111754;35692
615128428;35693
615145102;35694
615161775;35695
615178449;35696
615195123;35697
615211797;35698
615228470;35699
615245144;35700
615261818;35701
615278492;35702
615295165;35703
615311839;35704
615328513;35705
615345186;35706
615361860;35707
615378534;35708
615395208;35709
615411881;35710
615428555;35711
615445229;35712
615461903;35713
615478576;35714
615495250;35715
615511924;35716
615528598;35717
615545271;35718
615578619;35719
615595292;35720
615611966;35721
615628640;35722
615645314;35723
615661987;35724
615678661;35725
615695335;35726
615712008;35727
615728682;35728
615745356;35729
615762030;35730
615778703;35731
615795377;35732
615812051;35733
615828724;35734
615845398;35735
615862072;35736
615878746;35737
615895419;35738
615912093;35739
615928767;35740
615945441;35741
615962114;35742
615978788;35743
615995462;35744
616012135;35745
616028809;35746
616045483;35747
616078830;35748
616095504;35749
616112178;35750
616128852;35751
616145525;35752
616162199;35753
616178873;35754
616195546;35755
616212220;35756
616228894;35757
616245568;35758
616262241;35759
616278915;35760
616295589;35761
616312263;35762
616328936;35763
616345610;35764
616362284;35765
616378957;35766
616395631;35767
616412305;35768
616428979;35769
616445652;35770
616462326;35771
616479000;35772
616495673;35773
616512347;35774
616529021;35775
616545695;35776
616579042;35777
616595716;35778
616612390;35779
616629063;35780
616645737;35781
616662411;35782
616679084;35783
616695758;35784
616712432;35785
616729106;35786
616745779;35787
616762453;35788
616779127;35789
616795800;35790
616812474;35791
616829148;35792
616845822;35793
616862495;35794
616879169;35795
616895843;35796
616912517;35797
616929190;35798
616945864;35799
616962538;35800
616979211;35801
616995885;35802
617012559;35803
617029233;35804
617045906;35805
617079254;35806
617095928;35807
617112601;35808
617129275;35809
617145949;35810
617162622;35811
617179296;35812
617195970;35813
617212643;35814
617229317;35815
617245991;35816
617262665;35817
617279338;35818
617296012;35819
617312686;35820
617329360;35821
617346033;35822
617362707;35823
617379381;35824
617396055;35825
617412728;35826
617429402;35827
617446076;35828
617462749;35829
617479423;35830
617496097;35831
617512770;35832
617529444;35833
617546118;35834
617579465;35835
617596139;35836
617612813;35837
617629487;35838
617646160;35839
617662834;35840
617679508;35841
617696181;35842
617712855;35843
617729529;35844
617746203;35845
617762876;35846
617779550;35847
617796224;35848
617812897;35849
617829571;35850
617846245;35851
617862919;35852
617879592;35853
617896266;35854
617912940;35855
617929614;35856
617946287;35857
617962961;35858
617979635;35859
617996308;35860
618012982;35861
618029656;35862
618046330;35863
618079677;35864
618096351;35865
618113024;35866
618129698;35867
618146372;35868
618163046;35869
618179719;35870
618196393;35871
618213067;35872
618229741;35873
618246414;35874
618263088;35875
618279762;35876
618296435;35877
618313109;35878
618329783;35879
618346457;35880
618363130;35881
618379804;35882
618396478;35883
618413151;35884
618429825;35885
618446499;35886
618463173;35887
618479846;35888
618496520;35889
618513194;35890
618529867;35891
618546541;35892
618579889;35893
618596562;35894
618613236;35895
618629910;35896
618646583;35897
618663257;35898
618679931;35899
618696605;35900
618713278;35901
618729952;35902
618746626;35903
618763299;35904
618779973;35905
618796647;35906
618813321;35907
618829994;35908
618846668;35909
618863342;35910
618880015;35911
618896689;35912
618913363;35913
618930037;35914
618946710;35915
618963384;35916
618980058;35917
618996732;35918
619013405;35919
619030079;35920
619046753;35921
619080100;35922
619096774;35923
619113448;35924
619130121;35925
619146795;35926
619163469;35927
619180142;35928
619196816;35929
619213490;35930
619230164;35931
619246837;35932
619263511;35933
619280185;35934
619296858;35935
619313532;35936
619330206;35937
619346880;35938
619363553;35939
619380227;35940
619396901;35941
619413574;35942
619430248;35943
619446922;35944
619463596;35945
619480269;35946
619496943;35947
619513617;35948
619530291;35949
619546964;35950
619580312;35951
619596985;35952
619613659;35953
619630333;35954
619647006;35955
619663680;35956
619680354;35957
619697028;35958
619713701;35959
619730375;35960
619747049;35961
619763722;35962
619780396;35963
619797070;35964
619813744;35965
619830417;35966
619847091;35967
619863765;35968
619880439;35969
619897112;35970
619913786;35971
619930460;35972
619947133;35973
619963807;35974
619980481;35975
619997154;35976
620013828;35977
620030502;35978
620047176;35979
620080523;35980
620097197;35981
620113871;35982
620130544;35983
620147218;35984
620163892;35985
620180565;35986
620197239;35987
620213913;35988
620230586;35989
620247260;35990
620263934;35991
620280608;35992
620297281;35993
620313955;35994
620330629;35995
620347302;35996
620363976;35997
620380650;35998
620397324;35999
620413997;36000
620430671;36001
620447345;36002
620464019;36003
620480692;36004
620497366;36005
620514040;36006
620530713;36007
620547387;36008
620580734;36009
620597408;36010
620614082;36011
620630756;36012
620647429;36013
620664103;36014
620680777;36015
620697451;36016
620714124;36017
620730798;36018
620747472;36019
620764145;36020
620780819;36021
620797493;36022
620814167;36023
620830840;36024
620847514;36025
620864188;36026
620880861;36027
620897535;36028
620914209;36029
620930883;36030
620947556;36031
620964230;36032
620980904;36033
620997577;36034
621014251;36035
621030925;36036
621047599;36037
621080946;36038
621097620;36039
621114293;36040
621130967;36041
621147641;36042
621164314;36043
621180988;36044
621197662;36045
621214336;36046
621231009;36047
621247683;36048
621264357;36049
621281031;36050
621297704;36051
621314378;36052
621331052;36053
621347725;36054
621364399;36055
621381073;36056
621397746;36057
621414420;36058
621431094;36059
621447768;36060
621464441;36061
621481115;36062
621497789;36063
621514462;36064
621531136;36065
621547810;36066
621581157;36067
621597831;36068
621614505;36069
621631178;36070
621647852;36071
621664526;36072
621681200;36073
621697873;36074
621714547;36075
621731221;36076
621747894;36077
621764568;36078
621781242;36079
621797916;36080
621814589;36081
621831263;36082
621847937;36083
621864610;36084
621881284;36085
621897958;36086
621914632;36087
621931305;36088
621947979;36089
621964653;36090
621981326;36091
621998000;36092
622014674;36093
622031348;36094
622048021;36095
622081369;36096
622098042;36097
622114716;36098
622131390;36099
622148064;36100
622164737;36101
622181411;36102
622198085;36103
622214758;36104
622231432;36105
622248106;36106
622264780;36107
622281453;36108
622298127;36109
622314801;36110
622331474;36111
622348148;36112
622364822;36113
622381495;36114
622398169;36115
622414843;36116
622431517;36117
622448190;36118
622464864;36119
622481538;36120
622498211;36121
622514885;36122
622531559;36123
622548233;36124
622581580;36125
622598254;36126
622614927;36127
622631601;36128
622648275;36129
622664948;36130
622681622;36131
622698296;36132
622714970;36133
622731643;36134
622748317;36135
622764991;36136
622781664;36137
622798338;36138
622815012;36139
622831686;36140
622848359;36141
622865033;36142
622881707;36143
622898380;36144
622915054;36145
622931728;36146
622948402;36147
622965075;36148
622981749;36149
622998423;36150
623015096;36151
623031770;36152
623048444;36153
623081791;36154
623098465;36155
623115139;36156
623131812;36157
623148486;36158
623165160;36159
623181833;36160
623198507;36161
623215181;36162
623231855;36163
623248528;36164
623265202;36165
623281876;36166
623298549;36167
623315223;36168
623331897;36169
623348571;36170
623365244;36171
623381918;36172
623398592;36173
623415265;36174
623431939;36175
623448613;36176
623465287;36177
623481960;36178
623498634;36179
623515308;36180
623531981;36181
623548655;36182
623582003;36183
623598676;36184
623615350;36185
623632024;36186
623648697;36187
623665371;36188
623682045;36189
623698718;36190
623715392;36191
623732066;36192
623748740;36193
623765413;36194
623782087;36195
623798761;36196
623815434;36197
623832108;36198
623848782;36199
623865456;36200
623882129;36201
623898803;36202
623915477;36203
623932150;36204
623948824;36205
623965498;36206
623982172;36207
623998845;36208
624015519;36209
624032193;36210
624048866;36211
624082214;36212
624098887;36213
624115561;36214
624132235;36215
624148909;36216
624165582;36217
624182256;36218
624198930;36219
624215603;36220
624232277;36221
624248951;36222
624265624;36223
624282298;36224
624298972;36225
624315646;36226
624332319;36227
624348993;36228
624365667;36229
624382340;36230
624399014;36231
624415688;36232
624432362;36233
624449035;36234
624465709;36235
624482383;36236
624499056;36237
624515730;36238
624532404;36239
624549077;36240
624582425;36241
624599099;36242
624615772;36243
624632446;36244
624649120;36245
624665793;36246
624682467;36247
624699141;36248
624715815;36249
624732488;36250
624749162;36251
624765836;36252
624782509;36253
624799183;36254
624815857;36255
624832530;36256
624849204;36257
624865878;36258
624882552;36259
624899225;36260
624915899;36261
624932573;36262
624949246;36263
624965920;36264
624982594;36265
624999268;36266
625015941;36267
625032615;36268
625049289;36269
625082636;36270
625099310;36271
625115983;36272
625132657;36273
625149331;36274
625166005;36275
625182678;36276
625199352;36277
625216026;36278
625232699;36279
625249373;36280
625266047;36281
625282721;36282
625299394;36283
625316068;36284
625332742;36285
625349415;36286
625366089;36287
625382763;36288
625399436;36289
625416110;36290
625432784;36291
625449458;36292
625466131;36293
625482805;36294
625499479;36295
625516152;36296
625532826;36297
625549500;36298
625582847;36299
625599521;36300
625616195;36301
625632868;36302
625649542;36303
625666216;36304
625682889;36305
625699563;36306
625716237;36307
625732911;36308
625749584;36309
625766258;36310
625782932;36311
625799605;36312
625816279;36313
625832953;36314
625849626;36315
625866300;36316
625882974;36317
625899648;36318
625916321;36319
625932995;36320
625949669;36321
625966342;36322
625983016;36323
625999690;36324
626016363;36325
626033037;36326
626049711;36327
626083058;36328
626099732;36329
626116406;36330
626133079;36331
626149753;36332
626166427;36333
626183100;36334
626199774;36335
626216448;36336
626233122;36337
626249795;36338
626266469;36339
626283143;36340
626299816;36341
626316490;36342
626333164;36343
626349838;36344
626366511;36345
626383185;36346
626399859;36347
626416532;36348
626433206;36349
626449880;36350
626466554;36351
626483227;36352
626499901;36353
626516575;36354
626533248;36355
626549922;36356
626583269;36357
626599943;36358
626616617;36359
626633291;36360
626649964;36361
626666638;36362
626683312;36363
626699985;36364
626716659;36365
626733333;36366
626750006;36367
626766680;36368
626783354;36369
626800028;36370
626816701;36371
626833375;36372
626850049;36373
626866722;36374
626883396;36375
626900070;36376
626916743;36377
626933417;36378
626950091;36379
626966765;36380
626983438;36381
627000112;36382
627016786;36383
627033459;36384
627050133;36385
627083480;36386
627100154;36387
627116828;36388
627133502;36389
627150175;36390
627166849;36391
627183523;36392
627200196;36393
627216870;36394
627233544;36395
627250218;36396
627266891;36397
627283565;36398
627300239;36399
627316912;36400
627333586;36401
627350260;36402
627366933;36403
627383607;36404
627400281;36405
627416954;36406
627433628;36407
627450302;36408
627466976;36409
627483649;36410
627500323;36411
627516997;36412
627533670;36413
627550344;36414
627583691;36415
627600365;36416
627617039;36417
627633713;36418
627650386;36419
627667060;36420
627683734;36421
627700407;36422
627717081;36423
627733755;36424
627750428;36425
627767102;36426
627783776;36427
627800450;36428
627817123;36429
627833797;36430
627850471;36431
627867144;36432
627883818;36433
627900492;36434
627917165;36435
627933839;36436
627950513;36437
627967187;36438
627983860;36439
628000534;36440
628017208;36441
628033881;36442
628050555;36443
628083902;36444
628100576;36445
628117250;36446
628133924;36447
628150597;36448
628167271;36449
628183945;36450
628200618;36451
628217292;36452
628233966;36453
628250639;36454
628267313;36455
628283987;36456
628300661;36457
628317334;36458
628334008;36459
628350682;36460
628367355;36461
628384029;36462
628400703;36463
628417376;36464
628434050;36465
628450724;36466
628467398;36467
628484071;36468
628500745;36469
628517419;36470
628534092;36471
628550766;36472
628584113;36473
628600787;36474
628617461;36475
628634135;36476
628650808;36477
628667482;36478
628684156;36479
628700829;36480
628717503;36481
628734177;36482
628750850;36483
628767524;36484
628784198;36485
628800872;36486
628817545;36487
628834219;36488
628850893;36489
628867566;36490
628884240;36491
628900914;36492
628917587;36493
628934261;36494
628950935;36495
628967609;36496
628984282;36497
629000956;36498
629017630;36499
629034303;36500
629050977;36501
629084324;36502
629100998;36503
629117672;36504
629134345;36505
629151019;36506
629167693;36507
629184367;36508
629201040;36509
629217714;36510
629234388;36511
629251061;36512
629267735;36513
629284409;36514
629301082;36515
629317756;36516
629334430;36517
629351104;36518
629367777;36519
629384451;36520
629401125;36521
629417798;36522
629434472;36523
629451146;36524
629467819;36525
629484493;36526
629501167;36527
629517841;36528
629534514;36529
629551188;36530
629584535;36531
629601209;36532
629617883;36533
629634556;36534
629651230;36535
629667904;36536
629684577;36537
629701251;36538
629717925;36539
629734599;36540
629751272;36541
629767946;36542
629784620;36543
629801293;36544
629817967;36545
629834641;36546
629851315;36547
629867988;36548
629884662;36549
629901336;36550
629918009;36551
629934683;36552
629951357;36553
629968030;36554
629984704;36555
630001378;36556
630018051;36557
630034725;36558
630051399;36559
630084746;36560
630101420;36561
630118094;36562
630134767;36563
630151441;36564
630168115;36565
630184788;36566
630201462;36567
630218136;36568
630234809;36569
630251483;36570
630268157;36571
630284831;36572
630301504;36573
630318178;36574
630334852;36575
630351525;36576
630368199;36577
630384873;36578
630401546;36579
630418220;36580
630434894;36581
630451568;36582
630468241;36583
630484915;36584
630501589;36585
630518262;36586
630534936;36587
630551610;36588
630584957;36589
630601631;36590
630618305;36591
630634978;36592
630651652;36593
630668326;36594
630684999;36595
630701673;36596
630718347;36597
630735020;36598
630751694;36599
630768368;36600
630785041;36601
630801715;36602
630818389;36603
630835063;36604
630851736;36605
630868410;36606
630885084;36607
630901757;36608
630918431;36609
630935105;36610
630951778;36611
630968452;36612
630985126;36613
631001800;36614
631018473;36615
631035147;36616
631051821;36617
631085168;36618
631101842;36619
631118515;36620
631135189;36621
631151863;36622
631168536;36623
631185210;36624
631201884;36625
631218557;36626
631235231;36627
631251905;36628
631268579;36629
631285252;36630
631301926;36631
631318600;36632
631335273;36633
631351947;36634
631368621;36635
631385294;36636
631401968;36637
631418642;36638
631435315;36639
631451989;36640
631468663;36641
631485337;36642
631502010;36643
631518684;36644
631535358;36645
631552031;36646
631585379;36647
631602052;36648
631618726;36649
631635400;36650
631652074;36651
631668747;36652
631685421;36653
631702095;36654
631718768;36655
631735442;36656
631752116;36657
631768789;36658
631785463;36659
631802137;36660
631818810;36661
631835484;36662
631852158;36663
631868832;36664
631885505;36665
631902179;36666
631918853;36667
631935526;36668
631952200;36669
631968874;36670
631985547;36671
632002221;36672
632018895;36673
632035569;36674
632052242;36675
632085590;36676
632102263;36677
632118937;36678
632135611;36679
632152284;36680
632168958;36681
632185632;36682
632202305;36683
632218979;36684
632235653;36685
632252327;36686
632269000;36687
632285674;36688
632302348;36689
632319021;36690
632335695;36691
632352369;36692
632369042;36693
632385716;36694
632402390;36695
632419063;36696
632435737;36697
632452411;36698
632469084;36699
632485758;36700
632502432;36701
632519106;36702
632535779;36703
632552453;36704
632585800;36705
632602474;36706
632619148;36707
632635821;36708
632652495;36709
632669169;36710
632685842;36711
632702516;36712
632719190;36713
632735864;36714
632752537;36715
632769211;36716
632785885;36717
632802558;36718
632819232;36719
632835906;36720
632852579;36721
-1;-1
-1;-1
-1;-1
-1;-1
-1;-1
-1;-1
-1;-1
-1;-1
-1;-1
-1;-1
-1;-1
-1;-1
-1;-1
-1;-1
-1;-1
-1;-1
-1;-1
-1;-1
-1;-1
-1;-1
-1;-1
-1;-1
-1;-1
-1;-1
-1;-1
-1;-1
-1;-1
-1;-1
-1;-1
-1;-1
-1;-1
-1;-1
-1;-1
-1;-1
-1;-1
-1;-1
-1;-1
-1;-1
-1;-1
-1;-1
-1;-1
-1;-1
-1;-1
-1;-1
-1;-1
-1;-1
-1;-1
-1;-1
-1;-1
-1;-1
-1;-1
-1;-1
-1;-1
-1;-1
-1;-1
-1;-1
-1;-1
-1;-1
-1;-1
-1;-1
-1;-1
-1;-1
-1;-1
-1;-1
-1;-1
-1;-1
-1;-1
-1;-1
-1;-1
-1;-1
-1;-1
-1;-1
-1;-1
-1;-1
-1;-1
-1;-1
-1;-1
-1;-1
-1;-1
-1;-1
-1;-1
-1;-1
-1;-1
-1;-1
-1;-1
-1;-1
-1;-1
-1;-1
-1;-1
-1;-1
-1;-1
-1;-1
-1;-1
-1;-1
-1;-1
-1;-1
-1;-1
-1;-1
-1;-1
-1;-1
-1;-1
-1;-1
-1;-1
-1;-1
-1;-1
-1;-1
-1;-1
-1;-1
-1;-1
-1;-1
-1;-1
-1;-1
-1;-1
-1;-1
-1;-1
-1;-1
-1;-1
-1;-1
-1;-1
-1;-1
-1;-1
-1;-1
-1;-1
-1;-1
-1;-1
-1;-1
-1;-1
-1;-1
-1;-1
-1;-1
-1;-1
-1;-1
-1;-1
-1;-1
-1;-1
-1;-1
-1;-1
-1;-1
-1;-1
-1;-1
-1;-1
-1;-1
-1;-1
-1;-1
-1;-1
-1;-1
-1;-1
