559920769;32492
559937442;32493
559954116;32494
559970790;32495
559987464;32496
560004137;32497
560020811;32498
560037485;32499
560054159;32500
560070832;32501
560087506;32502
560104180;32503
560120854;32504
560137527;32505
560154201;32506
560170875;32507
560187549;32508
560204222;32509
560220896;32510
560237570;32511
560254244;32512
560270917;32513
560287591;32514
560304265;32515
560320939;32516
560337612;32517
560354286;32518
560370960;32519
560387634;32520
560420981;32521
560437655;32522
560454329;32523
560471003;32524
560487676;32525
560504350;32526
560521024;32527
560537698;32528
560554371;32529
560571045;32530
560587719;32531
560604393;32532
560621066;32533
560637740;32534
560654414;32535
560671088;32536
560687761;32537
560704435;32538
560721109;32539
560737783;32540
560754456;32541
560771130;32542
560787804;32543
560804478;32544
560821151;32545
560837825;32546
560854499;32547
560871173;32548
560887846;32549
560921194;32550
560937868;32551
560954541;32552
560971215;32553
560987889;32554
561004563;32555
561021236;32556
561037910;32557
561054584;32558
561071258;32559
561087931;32560
561104605;32561
561121279;32562
561137953;32563
561154626;32564
561171300;32565
561187974;32566
561204648;32567
561221321;32568
561237995;32569
561254669;32570
561271343;32571
561288016;32572
561304690;32573
561321364;32574
561338038;32575
561354711;32576
561371385;32577
561388059;32578
561421406;32579
561438080;32580
561454754;32581
561471428;32582
561488101;32583
561504775;32584
561521449;32585
561538123;32586
561554796;32587
561571470;32588
561588144;32589
561604818;32590
561621491;32591
561638165;32592
561654839;32593
561671513;32594
561688186;32595
561704860;32596
561721534;32597
561738208;32598
561754881;32599
561771555;32600
561788229;32601
561804903;32602
561821576;32603
561838250;32604
561854924;32605
561871598;32606
561888271;32607
561921619;32608
561938293;32609
561954966;32610
561971640;32611
561988314;32612
562004988;32613
562021661;32614
562038335;32615
562055009;32616
562071683;32617
562088356;32618
562105030;32619
562121704;32620
562138378;32621
562155051;32622
562171725;32623
562188399;32624
562205073;32625
562221746;32626
562238420;32627
562255094;32628
562271768;32629
562288441;32630
562305115;32631
562321789;32632
562338463;32633
562355136;32634
562371810;32635
562388484;32636
562405158;32637
562438505;32638
562455179;32639
562471853;32640
562488526;32641
562505200;32642
562521874;32643
562538548;32644
562555221;32645
562571895;32646
562588569;32647
562605242;32648
562621916;32649
562638590;32650
562655264;32651
562671938;32652
562688611;32653
562705285;32654
562721959;32655
562738632;32656
562755306;32657
562771980;32658
562788654;32659
562805327;32660
562822001;32661
562838675;32662
562855349;32663
562872022;32664
562888696;32665
562905370;32666
562938717;32667
562955391;32668
562972065;32669
562988739;32670
563005412;32671
563022086;32672
563038760;32673
563055434;32674
563072107;32675
563088781;32676
563105455;32677
563122129;32678
563138802;32679
563155476;32680
563172150;32681
563188824;32682
563205497;32683
563222171;32684
563238845;32685
563255519;32686
563272192;32687
563288866;32688
563305540;32689
563322213;32690
563338887;32691
563355561;32692
563372235;32693
563388908;32694
563405582;32695
563438930;32696
563455603;32697
563472277;32698
563488951;32699
563505625;32700
563522298;32701
563538972;32702
563555646;32703
563572320;32704
563588993;32705
563605667;32706
563622341;32707
563639015;32708
563655688;32709
563672362;32710
563689036;32711
563705709;32712
563722383;32713
563739057;32714
563755731;32715
563772404;32716
563789078;32717
563805752;32718
563822426;32719
563839099;32720
563855773;32721
563872447;32722
563889121;32723
563905794;32724
563939142;32725
563955816;32726
563972489;32727
563989163;32728
564005837;32729
564022510;32730
564039184;32731
564055858;32732
564072532;32733
564089206;32734
564105879;32735
564122553;32736
564139227;32737
564155900;32738
564172574;32739
564189248;32740
564205922;32741
564222595;32742
564239269;32743
564255943;32744
564272617;32745
564289290;32746
564305964;32747
564322638;32748
564339311;32749
564355985;32750
564372659;32751
564389333;32752
564406006;32753
564439354;32754
564456028;32755
564472701;32756
564489375;32757
564506049;32758
564522723;32759
564539396;32760
564556070;32761
564572744;32762
564589417;32763
564606091;32764
564622765;32765
564639439;32766
564656112;32767
564672786;32768
564689460;32769
564706134;32770
564722807;32771
564739481;32772
564756155;32773
564772829;32774
564789502;32775
564806176;32776
564822850;32777
564839524;32778
564856197;32779
564872871;32780
564889545;32781
564906219;32782
564922892;32783
564956240;32784
564972913;32785
564989587;32786
565006261;32787
565022935;32788
565039608;32789
565056282;32790
565072956;32791
565089629;32792
565106303;32793
565122977;32794
565139651;32795
565156324;32796
565172998;32797
565189672;32798
565206346;32799
565223019;32800
565239693;32801
565256367;32802
565273041;32803
565289714;32804
565306388;32805
565323062;32806
565339735;32807
565356409;32808
565373083;32809
565389757;32810
565406430;32811
565423104;32812
565456451;32813
565473125;32814
565489799;32815
565506473;32816
565523146;32817
565539820;32818
565556494;32819
565573168;32820
565589841;32821
565606515;32822
565623189;32823
565639863;32824
565656536;32825
565673210;32826
565689884;32827
565706558;32828
565723231;32829
565739905;32830
565756579;32831
565773252;32832
565789926;32833
565806600;32834
565823274;32835
565839947;32836
565856621;32837
565873295;32838
565889969;32839
565906642;32840
565923316;32841
565956663;32842
565973337;32843
565990011;32844
566006685;32845
566023358;32846
566040032;32847
566056706;32848
566073380;32849
566090053;32850
566106727;32851
566123401;32852
566140074;32853
566156748;32854
566173422;32855
566190096;32856
566206769;32857
566223443;32858
566240117;32859
566256790;32860
566273464;32861
566290138;32862
566306812;32863
566323485;32864
566340159;32865
566356833;32866
566373507;32867
566390180;32868
566406854;32869
566423528;32870
566456875;32871
566473549;32872
566490223;32873
566506896;32874
566523570;32875
566540244;32876
566556918;32877
566573591;32878
566590265;32879
566606939;32880
566623612;32881
566640286;32882
566656960;32883
566673633;32884
566690307;32885
566706981;32886
566723655;32887
566740328;32888
566757002;32889
566773676;32890
566790350;32891
566807023;32892
566823697;32893
566840371;32894
566857045;32895
566873718;32896
566890392;32897
566907066;32898
566923739;32899
566957087;32900
566973761;32901
566990434;32902
567007108;32903
567023782;32904
567040455;32905
567057129;32906
567073803;32907
567090477;32908
567107150;32909
567123824;32910
567140498;32911
567157171;32912
567173845;32913
567190519;32914
567207193;32915
567223866;32916
567240540;32917
567257214;32918
567273888;32919
567290561;32920
567307235;32921
567323909;32922
567340582;32923
567357256;32924
567373930;32925
567390604;32926
567407277;32927
567423951;32928
567457298;32929
567473972;32930
567490646;32931
567507320;32932
567523993;32933
567540667;32934
567557341;32935
567574014;32936
567590688;32937
567607362;32938
567624036;32939
567640709;32940
567657383;32941
567674057;32942
567690730;32943
567707404;32944
567724078;32945
567740752;32946
567757425;32947
567774099;32948
567790773;32949
567807446;32950
567824120;32951
567840794;32952
567857468;32953
567874141;32954
567890815;32955
567907489;32956
567924162;32957
567957510;32958
567974184;32959
567990857;32960
568007531;32961
568024205;32962
568040879;32963
568057552;32964
568074226;32965
568090900;32966
568107573;32967
568124247;32968
568140921;32969
568157595;32970
568174268;32971
568190942;32972
568207616;32973
568224289;32974
568240963;32975
568257637;32976
568274311;32977
568290984;32978
568307658;32979
568324332;32980
568341005;32981
568357679;32982
568374353;32983
568391026;32984
568407700;32985
568424374;32986
568457721;32987
568474395;32988
568491069;32989
568507742;32990
568524416;32991
568541090;32992
568557764;32993
568574437;32994
568591111;32995
568607785;32996
568624458;32997
568641132;32998
568657806;32999
568674480;33000
568691153;33001
568707827;33002
568724501;33003
568741174;33004
568757848;33005
568774522;33006
568791196;33007
568807869;33008
568824543;33009
568841217;33010
568857890;33011
568874564;33012
568891238;33013
568907912;33014
568924585;33015
568957933;33016
568974607;33017
568991280;33018
569007954;33019
569024628;33020
569041301;33021
569057975;33022
569074649;33023
569091322;33024
569107996;33025
569124670;33026
569141344;33027
569158017;33028
569174691;33029
569191365;33030
569208038;33031
569224712;33032
569241386;33033
569258060;33034
569274733;33035
569291407;33036
569308081;33037
569324754;33038
569341428;33039
569358102;33040
569374776;33041
569391449;33042
569408123;33043
569424797;33044
569458144;33045
569474818;33046
569491491;33047
569508165;33048
569524839;33049
569541513;33050
569558186;33051
569574860;33052
569591534;33053
569608208;33054
569624881;33055
569641555;33056
569658229;33057
569674902;33058
569691576;33059
569708250;33060
569724923;33061
569741597;33062
569758271;33063
569774945;33064
569791618;33065
569808292;33066
569824966;33067
569841639;33068
569858313;33069
569874987;33070
569891660;33071
569908334;33072
569925008;33073
569958355;33074
569975029;33075
569991703;33076
570008377;33077
570025050;33078
570041724;33079
570058398;33080
570075071;33081
570091745;33082
570108419;33083
570125092;33084
570141766;33085
570158440;33086
570175113;33087
570191787;33088
570208461;33089
570225135;33090
570241808;33091
570258482;33092
570275156;33093
570291829;33094
570308503;33095
570325177;33096
570341851;33097
570358524;33098
570375198;33099
570391872;33100
570408545;33101
570425219;33102
570458566;33103
570475240;33104
570491914;33105
570508588;33106
570525261;33107
570541935;33108
570558609;33109
570575282;33110
570591956;33111
570608630;33112
570625304;33113
570641977;33114
570658651;33115
570675325;33116
570691998;33117
570708672;33118
570725346;33119
570742019;33120
570758693;33121
570775367;33122
570792041;33123
570808714;33124
570825388;33125
570842062;33126
570858735;33127
570875409;33128
570892083;33129
570908757;33130
570925430;33131
570958778;33132
570975451;33133
570992125;33134
571008799;33135
571025472;33136
571042146;33137
571058820;33138
571075494;33139
571092167;33140
571108841;33141
571125515;33142
571142188;33143
571158862;33144
571175536;33145
571192209;33146
571208883;33147
571225557;33148
571242230;33149
571258904;33150
571275578;33151
571292252;33152
571308925;33153
571325599;33154
571342273;33155
571358946;33156
571375620;33157
571392294;33158
571408968;33159
571425641;33160
571458989;33161
571475662;33162
571492336;33163
571509010;33164
571525683;33165
571542357;33166
571559031;33167
571575704;33168
571592378;33169
571609052;33170
571625726;33171
571642399;33172
571659073;33173
571675747;33174
571692420;33175
571709094;33176
571725768;33177
571742441;33178
571759115;33179
571775789;33180
571792463;33181
571809136;33182
571825810;33183
571842484;33184
571859157;33185
571875831;33186
571892505;33187
571909178;33188
571925852;33189
571959200;33190
571975873;33191
571992547;33192
572009221;33193
572025894;33194
572042568;33195
572059242;33196
572075915;33197
572092589;33198
572109263;33199
572125937;33200
572142610;33201
572159284;33202
572175958;33203
572192631;33204
572209305;33205
572225979;33206
572242652;33207
572259326;33208
572276000;33209
572292674;33210
572309347;33211
572326021;33212
572342695;33213
572359368;33214
572376042;33215
572392716;33216
572409389;33217
572426063;33218
572459410;33219
572476084;33220
572492758;33221
572509432;33222
572526105;33223
572542779;33224
572559453;33225
572576126;33226
572592800;33227
572609474;33228
572626147;33229
572642821;33230
572659495;33231
572676168;33232
572692842;33233
572709516;33234
572726190;33235
572742863;33236
572759537;33237
572776211;33238
572792884;33239
572809558;33240
572826232;33241
572842905;33242
572859579;33243
572876253;33244
572892926;33245
572909600;33246
572926274;33247
572959621;33248
572976295;33249
572992969;33250
573009642;33251
573026316;33252
573042990;33253
573059663;33254
573076337;33255
573093011;33256
573109685;33257
573126358;33258
573143032;33259
573159706;33260
573176379;33261
573193053;33262
573209727;33263
573226400;33264
573243074;33265
573259748;33266
573276421;33267
573293095;33268
573309769;33269
573326443;33270
573343116;33271
573359790;33272
573376464;33273
573393137;33274
573409811;33275
573426485;33276
573459832;33277
573476506;33278
573493179;33279
573509853;33280
573526527;33281
573543201;33282
573559874;33283
573576548;33284
573593222;33285
573609895;33286
573626569;33287
573643243;33288
573659916;33289
573676590;33290
573693264;33291
573709937;33292
573726611;33293
573743285;33294
573759958;33295
573776632;33296
573793306;33297
573809980;33298
573826653;33299
573843327;33300
573860001;33301
573876674;33302
573893348;33303
573910022;33304
573926695;33305
573960043;33306
573976716;33307
573993390;33308
574010064;33309
574026737;33310
574043411;33311
574060085;33312
574076759;33313
574093432;33314
574110106;33315
574126780;33316
574143453;33317
574160127;33318
574176801;33319
574193474;33320
574210148;33321
574226822;33322
574243495;33323
574260169;33324
574276843;33325
574293517;33326
574310190;33327
574326864;33328
574343538;33329
574360211;33330
574376885;33331
574393559;33332
574410232;33333
574426906;33334
574460253;33335
574476927;33336
574493601;33337
574510274;33338
574526948;33339
574543622;33340
574560296;33341
574576969;33342
574593643;33343
574610317;33344
574626990;33345
574643664;33346
574660338;33347
574677011;33348
574693685;33349
574710359;33350
574727032;33351
574743706;33352
574760380;33353
574777053;33354
574793727;33355
574810401;33356
574827075;33357
574843748;33358
574860422;33359
574877096;33360
574893769;33361
574910443;33362
574927117;33363
574943790;33364
574977138;33365
574993811;33366
575010485;33367
575027159;33368
575043832;33369
575060506;33370
575077180;33371
575093854;33372
575110527;33373
575127201;33374
575143875;33375
575160548;33376
575177222;33377
575193896;33378
575210569;33379
575227243;33380
575243917;33381
575260590;33382
575277264;33383
575293938;33384
575310611;33385
575327285;33386
575343959;33387
575360632;33388
575377306;33389
575393980;33390
575410654;33391
575427327;33392
575444001;33393
575477348;33394
575494022;33395
575510696;33396
575527369;33397
575544043;33398
575560717;33399
575577390;33400
575594064;33401
575610738;33402
575627411;33403
575644085;33404
575660759;33405
575677432;33406
575694106;33407
575710780;33408
575727454;33409
575744127;33410
575760801;33411
575777475;33412
575794148;33413
575810822;33414
575827496;33415
575844169;33416
575860843;33417
575877517;33418
575894190;33419
575910864;33420
575927538;33421
575944211;33422
575977559;33423
575994232;33424
576010906;33425
576027580;33426
576044254;33427
576060927;33428
576077601;33429
576094275;33430
576110948;33431
576127622;33432
576144296;33433
576160969;33434
576177643;33435
576194317;33436
576210990;33437
576227664;33438
576244338;33439
576261011;33440
576277685;33441
576294359;33442
576311032;33443
576327706;33444
576344380;33445
576361054;33446
576377727;33447
576394401;33448
576411075;33449
576427748;33450
576444422;33451
576477769;33452
576494443;33453
576511117;33454
576527790;33455
576544464;33456
576561138;33457
576577811;33458
576594485;33459
576611159;33460
576627832;33461
576644506;33462
576661180;33463
576677853;33464
576694527;33465
576711201;33466
576727874;33467
576744548;33468
576761222;33469
576777895;33470
576794569;33471
576811243;33472
576827917;33473
576844590;33474
576861264;33475
576877938;33476
576894611;33477
576911285;33478
576927959;33479
576944632;33480
576977980;33481
576994653;33482
577011327;33483
577028001;33484
577044674;33485
577061348;33486
577078022;33487
577094695;33488
577111369;33489
577128043;33490
577144716;33491
577161390;33492
577178064;33493
577194738;33494
577211411;33495
577228085;33496
577244759;33497
577261432;33498
577278106;33499
577294780;33500
577311453;33501
577328127;33502
577344801;33503
577361474;33504
577378148;33505
577394822;33506
577411495;33507
577428169;33508
577444843;33509
577478190;33510
577494864;33511
577511537;33512
577528211;33513
577544885;33514
577561558;33515
577578232;33516
577594906;33517
577611579;33518
577628253;33519
577644927;33520
577661601;33521
577678274;33522
577694948;33523
577711622;33524
577728295;33525
577744969;33526
577761643;33527
577778316;33528
577794990;33529
577811664;33530
577828337;33531
577845011;33532
577861685;33533
577878358;33534
577895032;33535
577911706;33536
577928379;33537
577945053;33538
577978400;33539
577995074;33540
578011748;33541
578028422;33542
578045095;33543
578061769;33544
578078443;33545
578095116;33546
578111790;33547
578128464;33548
578145137;33549
578161811;33550
578178485;33551
578195158;33552
578211832;33553
578228506;33554
578245179;33555
578261853;33556
578278527;33557
578295200;33558
578311874;33559
578328548;33560
578345221;33561
578361895;33562
578378569;33563
578395242;33564
578411916;33565
578428590;33566
578445263;33567
578478611;33568
578495284;33569
578511958;33570
578528632;33571
578545305;33572
578561979;33573
578578653;33574
578595326;33575
578612000;33576
578628674;33577
578645347;33578
578662021;33579
578678695;33580
578695368;33581
578712042;33582
578728716;33583
578745390;33584
578762063;33585
578778737;33586
578795411;33587
578812084;33588
578828758;33589
578845432;33590
578862105;33591
578878779;33592
578895453;33593
578912126;33594
578928800;33595
578945474;33596
578978821;33597
578995495;33598
579012168;33599
579028842;33600
579045516;33601
579062189;33602
579078863;33603
579095537;33604
579112210;33605
579128884;33606
579145558;33607
579162231;33608
579178905;33609
579195579;33610
579212252;33611
579228926;33612
579245600;33613
579262274;33614
579278947;33615
579295621;33616
579312295;33617
579328968;33618
579345642;33619
579362316;33620
579378989;33621
579395663;33622
579412337;33623
579429010;33624
579445684;33625
579479031;33626
579495705;33627
579512379;33628
579529052;33629
579545726;33630
579562400;33631
579579073;33632
579595747;33633
579612421;33634
579629094;33635
579645768;33636
579662442;33637
579679115;33638
579695789;33639
579712463;33640
579729136;33641
579745810;33642
579762484;33643
579779157;33644
579795831;33645
579812505;33646
579829178;33647
579845852;33648
579862526;33649
579879199;33650
579895873;33651
579912547;33652
579929220;33653
579945894;33654
579979241;33655
579995915;33656
580012589;33657
580029262;33658
580045936;33659
580062610;33660
580079284;33661
580095957;33662
580112631;33663
580129304;33664
580145978;33665
580162652;33666
580179326;33667
580195999;33668
580212673;33669
580229347;33670
580246020;33671
580262694;33672
580279368;33673
580296041;33674
580312715;33675
580329389;33676
580346062;33677
580362736;33678
580379410;33679
580396083;33680
580412757;33681
580429431;33682
580446104;33683
580479452;33684
580496125;33685
580512799;33686
580529473;33687
580546146;33688
580562820;33689
580579494;33690
580596167;33691
580612841;33692
580629515;33693
580646188;33694
580662862;33695
580679536;33696
580696209;33697
580712883;33698
580729557;33699
580746230;33700
580762904;33701
580779578;33702
580796252;33703
580812925;33704
580829599;33705
580846272;33706
580862946;33707
580879620;33708
580896294;33709
580912967;33710
580929641;33711
580946315;33712
580979662;33713
580996336;33714
581013009;33715
581029683;33716
581046357;33717
581063030;33718
581079704;33719
581096378;33720
581113051;33721
581129725;33722
581146399;33723
581163072;33724
581179746;33725
581196420;33726
581213093;33727
581229767;33728
581246441;33729
581263114;33730
581279788;33731
581296462;33732
581313135;33733
581329809;33734
581346483;33735
581363156;33736
581379830;33737
581396504;33738
581413177;33739
581429851;33740
581446525;33741
581479872;33742
581496546;33743
581513219;33744
581529893;33745
581546567;33746
581563240;33747
581579914;33748
581596588;33749
581613261;33750
581629935;33751
581646609;33752
581663282;33753
581679956;33754
581696630;33755
581713304;33756
581729977;33757
581746651;33758
581763325;33759
581779998;33760
581796672;33761
581813346;33762
581830019;33763
581846693;33764
581863367;33765
581880040;33766
581896714;33767
581913388;33768
581930061;33769
581946735;33770
581980082;33771
581996756;33772
582013430;33773
582030103;33774
582046777;33775
582063451;33776
582080124;33777
582096798;33778
582113472;33779
582130145;33780
582146819;33781
582163493;33782
582180166;33783
582196840;33784
582213514;33785
582230187;33786
582246861;33787
582263535;33788
582280208;33789
582296882;33790
582313556;33791
582330229;33792
582346903;33793
582363577;33794
582380250;33795
582396924;33796
582413598;33797
582430272;33798
582446945;33799
582480293;33800
582496966;33801
582513640;33802
582530314;33803
582546987;33804
582563661;33805
582580335;33806
582597008;33807
582613682;33808
582630356;33809
582647029;33810
582663703;33811
582680377;33812
582697050;33813
582713724;33814
582730398;33815
582747071;33816
582763745;33817
582780419;33818
582797092;33819
582813766;33820
582830440;33821
582847113;33822
582863787;33823
582880461;33824
582897134;33825
582913808;33826
582930482;33827
582947155;33828
582980503;33829
582997176;33830
583013850;33831
583030524;33832
583047197;33833
583063871;33834
583080545;33835
583097218;33836
583113892;33837
583130566;33838
583147240;33839
583163913;33840
583180587;33841
583197261;33842
583213934;33843
583230608;33844
583247282;33845
583263955;33846
583280629;33847
583297303;33848
583313976;33849
583330650;33850
583347324;33851
583363997;33852
583380671;33853
583397345;33854
583414018;33855
583430692;33856
583447366;33857
583480713;33858
583497387;33859
583514060;33860
583530734;33861
583547408;33862
583564081;33863
583580755;33864
583597429;33865
583614102;33866
583630776;33867
583647450;33868
583664123;33869
583680797;33870
583697471;33871
583714144;33872
583730818;33873
583747492;33874
583764165;33875
583780839;33876
583797513;33877
583814186;33878
583830860;33879
583847534;33880
583864207;33881
583880881;33882
583897555;33883
583914228;33884
583930902;33885
583947576;33886
583980923;33887
583997597;33888
584014270;33889
584030944;33890
584047618;33891
584064292;33892
584080965;33893
584097639;33894
584114313;33895
584130986;33896
584147660;33897
584164334;33898
584181007;33899
584197681;33900
584214355;33901
584231028;33902
584247702;33903
584264376;33904
584281049;33905
584297723;33906
584314397;33907
584331070;33908
584347744;33909
584364418;33910
584381091;33911
584397765;33912
584414439;33913
584431113;33914
584447786;33915
584481133;33916
584497807;33917
584514481;33918
584531154;33919
584547828;33920
584564502;33921
584581176;33922
584597849;33923
584614523;33924
584631197;33925
584647870;33926
584664544;33927
584681218;33928
584697891;33929
584714565;33930
584731239;33931
584747912;33932
584764586;33933
584781260;33934
584797933;33935
584814607;33936
584831281;33937
584847954;33938
584864628;33939
584881302;33940
584897975;33941
584914649;33942
584931323;33943
584947996;33944
584981344;33945
584998017;33946
585014691;33947
585031365;33948
585048038;33949
585064712;33950
585081386;33951
585098060;33952
585114733;33953
585131407;33954
585148080;33955
585164754;33956
585181428;33957
585198102;33958
585214775;33959
585231449;33960
585248123;33961
585264796;33962
585281470;33963
585298144;33964
585314817;33965
585331491;33966
585348165;33967
585364838;33968
585381512;33969
585398186;33970
585414859;33971
585431533;33972
585448207;33973
585481554;33974
585498228;33975
585514901;33976
585531575;33977
585548249;33978
585564922;33979
585581596;33980
585598270;33981
585614943;33982
585631617;33983
585648291;33984
585664964;33985
585681638;33986
585698312;33987
585714986;33988
585731659;33989
585748333;33990
585765006;33991
585781680;33992
585798354;33993
585815028;33994
585831701;33995
585848375;33996
585865049;33997
585881722;33998
585898396;33999
585915070;34000
585931743;34001
585948417;34002
585981764;34003
585998438;34004
586015112;34005
586031785;34006
586048459;34007
586065133;34008
586081806;34009
586098480;34010
586115154;34011
586131827;34012
586148501;34013
586165175;34014
586181848;34015
586198522;34016
586215196;34017
586231870;34018
586248543;34019
586265217;34020
586281891;34021
586298564;34022
586315238;34023
586331912;34024
586348585;34025
586365259;34026
586381933;34027
586398606;34028
586415280;34029
586431954;34030
586448627;34031
586481975;34032
586498648;34033
586515322;34034
586531996;34035
586548669;34036
586565343;34037
586582017;34038
586598690;34039
586615364;34040
586632038;34041
586648711;34042
586665385;34043
586682059;34044
586698733;34045
586715406;34046
586732080;34047
586748754;34048
586765427;34049
586782101;34050
586798775;34051
586815448;34052
586832122;34053
586848796;34054
586865469;34055
586882143;34056
586898817;34057
586915490;34058
586932164;34059
586948838;34060
586982185;34061
586998859;34062
587015532;34063
587032206;34064
587048880;34065
587065553;34066
587082227;34067
587098901;34068
587115574;34069
587132248;34070
587148922;34071
587165595;34072
587182269;34073
587198943;34074
587215617;34075
587232290;34076
587248964;34077
587265638;34078
587282311;34079
587298985;34080
587315659;34081
587332332;34082
587349006;34083
587365680;34084
587382353;34085
587399027;34086
587415701;34087
587432374;34088
587449048;34089
587482396;34090
587499069;34091
587515743;34092
587532417;34093
587549090;34094
587565764;34095
587582438;34096
587599111;34097
587615785;34098
587632459;34099
587649132;34100
587665806;34101
587682480;34102
587699153;34103
587715827;34104
587732501;34105
587749174;34106
587765848;34107
587782522;34108
587799195;34109
587815869;34110
587832543;34111
587849216;34112
587865890;34113
587882564;34114
587899238;34115
587915911;34116
587932585;34117
587949259;34118
587982606;34119
587999280;34120
588015953;34121
588032627;34122
588049301;34123
588065974;34124
588082648;34125
588099322;34126
588115995;34127
588132669;34128
588149343;34129
588166016;34130
588182690;34131
588199364;34132
588216037;34133
588232711;34134
588249385;34135
588266058;34136
588282732;34137
588299406;34138
588316080;34139
588332753;34140
588349427;34141
588366101;34142
588382774;34143
588399448;34144
588416122;34145
588432795;34146
588449469;34147
588482816;34148
588499490;34149
588516164;34150
588532837;34151
588549511;34152
588566185;34153
588582859;34154
588599532;34155
588616206;34156
588632879;34157
588649553;34158
588666227;34159
588682901;34160
588699574;34161
588716248;34162
588732922;34163
588749595;34164
588766269;34165
588782943;34166
588799616;34167
588816290;34168
588832964;34169
588849637;34170
588866311;34171
588882985;34172
588899658;34173
588916332;34174
588933006;34175
588949680;34176
588983027;34177
588999701;34178
589016374;34179
589033048;34180
589049722;34181
589066395;34182
589083069;34183
589099743;34184
589116416;34185
589133090;34186
589149764;34187
589166437;34188
589183111;34189
589199785;34190
589216458;34191
589233132;34192
589249806;34193
589266480;34194
589283153;34195
589299827;34196
589316501;34197
589333174;34198
589349848;34199
589366522;34200
589383195;34201
589399869;34202
589416543;34203
589433216;34204
589449890;34205
589483237;34206
589499911;34207
589516585;34208
589533258;34209
589549932;34210
589566606;34211
589583280;34212
589599953;34213
589616627;34214
589633301;34215
589649974;34216
589666648;34217
589683322;34218
589699995;34219
589716669;34220
589733343;34221
589750016;34222
589766690;34223
589783364;34224
589800038;34225
589816711;34226
589833385;34227
589850059;34228
589866732;34229
589883406;34230
589900080;34231
589916753;34232
589933427;34233
589950101;34234
589983448;34235
590000122;34236
590016795;34237
590033469;34238
590050143;34239
590066817;34240
590083490;34241
590100164;34242
590116838;34243
590133511;34244
590150185;34245
590166859;34246
590183532;34247
590200206;34248
590216880;34249
590233553;34250
590250227;34251
590266901;34252
590283574;34253
590300248;34254
590316922;34255
590333595;34256
590350269;34257
590366943;34258
590383617;34259
590400290;34260
590416964;34261
590433638;34262
590450311;34263
590483659;34264
590500332;34265
590517006;34266
590533680;34267
590550353;34268
590567027;34269
590583701;34270
590600374;34271
590617048;34272
590633722;34273
590650396;34274
590667069;34275
590683743;34276
590700417;34277
590717090;34278
590733764;34279
590750438;34280
590767111;34281
590783785;34282
590800459;34283
590817132;34284
590833806;34285
590850480;34286
590867153;34287
590883827;34288
590900501;34289
590917175;34290
590933848;34291
590950522;34292
590983869;34293
591000543;34294
591017217;34295
591033890;34296
591050564;34297
591067238;34298
591083911;34299
591100585;34300
591117259;34301
591133933;34302
591150606;34303
591167280;34304
591183954;34305
591200627;34306
591217301;34307
591233975;34308
591250648;34309
591267322;34310
591283996;34311
591300669;34312
591317343;34313
591334017;34314
591350690;34315
591367364;34316
591384038;34317
591400711;34318
591417385;34319
591434059;34320
591450733;34321
591484080;34322
591500754;34323
591517427;34324
591534101;34325
591550775;34326
591567448;34327
591584122;34328
591600796;34329
591617470;34330
591634143;34331
591650817;34332
591667491;34333
591684164;34334
591700838;34335
591717512;34336
591734185;34337
591750859;34338
591767533;34339
591784206;34340
591800880;34341
591817554;34342
591834227;34343
591850901;34344
591867575;34345
591884249;34346
591900922;34347
591917596;34348
591934270;34349
591950943;34350
591984291;34351
592000964;34352
592017638;34353
592034312;34354
592050985;34355
592067659;34356
592084333;34357
592101007;34358
592117680;34359
592134354;34360
592151028;34361
592167701;34362
592184375;34363
592201049;34364
592217722;34365
592234396;34366
592251070;34367
592267743;34368
592284417;34369
592301091;34370
592317765;34371
592334438;34372
592351112;34373
592367786;34374
592384459;34375
592401133;34376
592417807;34377
592434480;34378
592451154;34379
592484501;34380
592501175;34381
592517849;34382
592534523;34383
592551196;34384
592567870;34385
592584544;34386
592601217;34387
592617891;34388
592634565;34389
592651238;34390
592667912;34391
592684586;34392
592701259;34393
592717933;34394
592734607;34395
592751281;34396
592767954;34397
592784628;34398
592801302;34399
592817975;34400
592834649;34401
592851323;34402
592867996;34403
592884670;34404
592901344;34405
592918017;34406
592934691;34407
592951365;34408
592984712;34409
593001386;34410
593018060;34411
593034733;34412
593051407;34413
593068081;34414
593084754;34415
593101428;34416
593118102;34417
593134775;34418
593151449;34419
593168123;34420
593184796;34421
593201470;34422
593218144;34423
593234818;34424
593251491;34425
593268165;34426
593284839;34427
593301512;34428
593318186;34429
593334860;34430
593351533;34431
593368207;34432
593384881;34433
593401555;34434
593418228;34435
593434902;34436
593451576;34437
593484923;34438
593501597;34439
593518270;34440
593534944;34441
593551618;34442
593568291;34443
593584965;34444
593601639;34445
593618312;34446
593634986;34447
593651660;34448
593668334;34449
593685007;34450
593701681;34451
593718355;34452
593735028;34453
593751702;34454
593768376;34455
593785049;34456
593801723;34457
593818397;34458
593835071;34459
593851744;34460
593868418;34461
593885092;34462
593901765;34463
593918439;34464
593935113;34465
593951786;34466
593985134;34467
594001807;34468
594018481;34469
594035155;34470
594051829;34471
594068502;34472
594085176;34473
594101850;34474
594118523;34475
594135197;34476
594151871;34477
594168544;34478
594185218;34479
594201892;34480
594218565;34481
594235239;34482
594251913;34483
594268587;34484
594285260;34485
594301934;34486
594318608;34487
594335281;34488
594351955;34489
594368629;34490
594385303;34491
594401976;34492
594418650;34493
594435324;34494
594451997;34495
594485345;34496
594502018;34497
594518692;34498
594535366;34499
594552039;34500
594568713;34501
594585387;34502
594602061;34503
594618734;34504
594635408;34505
594652082;34506
594668755;34507
594685429;34508
594702103;34509
594718776;34510
594735450;34511
594752124;34512
594768797;34513
594785471;34514
594802145;34515
594818818;34516
594835492;34517
594852166;34518
594868840;34519
594885513;34520
594902187;34521
594918861;34522
594935534;34523
594952208;34524
594985556;34525
595002229;34526
595018903;34527
595035577;34528
595052250;34529
595068924;34530
595085598;34531
595102271;34532
595118945;34533
595135619;34534
595152293;34535
595168966;34536
595185640;34537
595202314;34538
595218987;34539
595235661;34540
595252335;34541
595269008;34542
595285682;34543
595302356;34544
595319029;34545
595335703;34546
595352377;34547
595369051;34548
595385724;34549
595402398;34550
595419072;34551
595435745;34552
595452419;34553
595485766;34554
595502440;34555
595519114;34556
595535788;34557
595552461;34558
595569135;34559
595585809;34560
595602482;34561
595619156;34562
595635830;34563
595652504;34564
595669177;34565
595685851;34566
595702525;34567
595719198;34568
595735872;34569
595752546;34570
595769219;34571
595785893;34572
595802567;34573
595819241;34574
595835914;34575
595852588;34576
595869262;34577
595885935;34578
595902609;34579
595919283;34580
595935956;34581
595952630;34582
595985977;34583
596002651;34584
596019325;34585
596035999;34586
596052672;34587
596069346;34588
596086020;34589
596102693;34590
596119367;34591
596136041;34592
596152714;34593
596169388;34594
596186062;34595
596202736;34596
596219409;34597
596236083;34598
596252757;34599
596269430;34600
596286104;34601
596302778;34602
596319452;34603
596336125;34604
596352799;34605
596369473;34606
596386146;34607
596402820;34608
596419494;34609
596436167;34610
596452841;34611
596486189;34612
596502862;34613
596519536;34614
596536210;34615
596552883;34616
596569557;34617
596586231;34618
596602904;34619
596619578;34620
596636252;34621
596652926;34622
596669599;34623
596686273;34624
596702947;34625
596719620;34626
596736294;34627
596752968;34628
596769641;34629
596786315;34630
596802989;34631
596819663;34632
596836336;34633
596853010;34634
596869684;34635
596886357;34636
596903031;34637
596919705;34638
596936378;34639
596953052;34640
596986400;34641
597003073;34642
597019747;34643
597036421;34644
597053094;34645
597069768;34646
597086442;34647
597103115;34648
597119789;34649
597136463;34650
597153137;34651
597169810;34652
597186484;34653
597203158;34654
597219831;34655
597236505;34656
597253179;34657
597269853;34658
597286526;34659
597303200;34660
597319874;34661
597336547;34662
597353221;34663
597369895;34664
597386568;34665
597403242;34666
597419916;34667
597436590;34668
597453263;34669
597486611;34670
597503284;34671
597519958;34672
597536632;34673
597553306;34674
597569979;34675
597586653;34676
597603327;34677
597620000;34678
597636674;34679
597653348;34680
597670021;34681
597686695;34682
597703369;34683
597720043;34684
597736716;34685
597753390;34686
597770064;34687
597786737;34688
597803411;34689
597820085;34690
597836758;34691
597853432;34692
597870106;34693
597886780;34694
597903453;34695
597920127;34696
597936801;34697
597953474;34698
597986822;34699
598003496;34700
598020169;34701
598036843;34702
598053517;34703
598070190;34704
598086864;34705
598103538;34706
598120211;34707
598136885;34708
598153559;34709
598170233;34710
598186906;34711
598203580;34712
598220254;34713
598236927;34714
598253601;34715
598270275;34716
598286948;34717
598303622;34718
598320296;34719
598336970;34720
598353643;34721
598370317;34722
598386991;34723
598403664;34724
598420338;34725
598437012;34726
598453685;34727
598487033;34728
598503707;34729
598520380;34730
598537054;34731
598553728;34732
598570402;34733
598587075;34734
598603749;34735
598620423;34736
598637096;34737
598653770;34738
598670444;34739
598687117;34740
598703791;34741
598720465;34742
598737138;34743
598753812;34744
598770486;34745
598787160;34746
598803833;34747
598820507;34748
598837181;34749
598853855;34750
598870528;34751
598887202;34752
598903876;34753
598920549;34754
598937223;34755
598953897;34756
598987244;34757
599003918;34758
599020591;34759
599037265;34760
599053939;34761
599070613;34762
599087286;34763
599103960;34764
599120634;34765
599137307;34766
599153981;34767
599170655;34768
599187329;34769
599204002;34770
599220676;34771
599237350;34772
599254023;34773
599270697;34774
599287371;34775
599304045;34776
599320718;34777
599337392;34778
599354066;34779
599370739;34780
599387413;34781
599404087;34782
599420760;34783
599437434;34784
599454108;34785
599487455;34786
599504129;34787
599520803;34788
599537476;34789
599554150;34790
599570824;34791
599587498;34792
599604171;34793
599620845;34794
599637519;34795
599654192;34796
599670866;34797
599687540;34798
599704214;34799
599720887;34800
599737561;34801
599754235;34802
599770908;34803
599787582;34804
599804256;34805
599820930;34806
599837603;34807
599854277;34808
599870951;34809
599887624;34810
599904298;34811
599920972;34812
599937645;34813
599954319;34814
599987667;34815
600004340;34816
600021014;34817
600037688;34818
600054361;34819
600071035;34820
600087709;34821
600104382;34822
600121056;34823
600137730;34824
600154404;34825
600171077;34826
600187751;34827
600204425;34828
600221098;34829
600237772;34830
600254446;34831
600271120;34832
600287793;34833
600304467;34834
600321141;34835
600337814;34836
600354488;34837
600371162;34838
600387836;34839
600404509;34840
600421183;34841
600437857;34842
600454530;34843
600487878;34844
600504552;34845
600521225;34846
600537899;34847
600554573;34848
600571246;34849
600587920;34850
600604594;34851
600621267;34852
600637941;34853
600654615;34854
600671289;34855
600687962;34856
600704636;34857
600721310;34858
600737983;34859
600754657;34860
600771331;34861
600788005;34862
600804678;34863
600821352;34864
600838026;34865
600854699;34866
600871373;34867
600888047;34868
600904721;34869
600921394;34870
600938068;34871
600954742;34872
600988089;34873
601004763;34874
601021436;34875
601038110;34876
601054784;34877
601071458;34878
601088131;34879
601104805;34880
601121479;34881
601138152;34882
601154826;34883
601171500;34884
601188174;34885
601204847;34886
601221521;34887
601238195;34888
601254868;34889
601271542;34890
601288216;34891
601304890;34892
601321563;34893
601338237;34894
601354911;34895
601371584;34896
601388258;34897
601404932;34898
601421605;34899
601438279;34900
601454953;34901
601488300;34902
601504974;34903
601521648;34904
601538321;34905
601554995;34906
601571669;34907
601588343;34908
601605016;34909
601621690;34910
601638364;34911
601655037;34912
601671711;34913
601688385;34914
601705059;34915
601721732;34916
601738406;34917
601755080;34918
601771753;34919
601788427;34920
601805101;34921
601821774;34922
601838448;34923
601855122;34924
601871796;34925
601888469;34926
601905143;34927
601921817;34928
601938491;34929
601955164;34930
601988512;34931
602005185;34932
602021859;34933
602038533;34934
602055206;34935
602071880;34936
602088554;34937
602105228;34938
602121901;34939
602138575;34940
602155249;34941
602171922;34942
602188596;34943
602205270;34944
602221944;34945
602238617;34946
602255291;34947
602271965;34948
602288638;34949
602305312;34950
602321986;34951
602338659;34952
602355333;34953
602372007;34954
602388681;34955
602405354;34956
602422028;34957
602438702;34958
602455375;34959
602488723;34960
602505397;34961
602522070;34962
602538744;34963
602555418;34964
602572092;34965
602588765;34966
602605439;34967
602622113;34968
602638786;34969
602655460;34970
602672134;34971
602688807;34972
602705481;34973
602722155;34974
602738829;34975
602755502;34976
602772176;34977
602788850;34978
602805523;34979
602822197;34980
602838871;34981
602855545;34982
602872218;34983
602888892;34984
602905566;34985
602922239;34986
602938913;34987
602955587;34988
602988934;34989
603005608;34990
603022282;34991
603038955;34992
603055629;34993
603072303;34994
603088976;34995
603105650;34996
603122324;34997
603138998;34998
603155671;34999
603172345;35000
603189019;35001
603205692;35002
603222366;35003
603239040;35004
603255714;35005
603272387;35006
603289061;35007
603305735;35008
603322408;35009
603339082;35010
603355756;35011
603372430;35012
603389103;35013
603405777;35014
603422451;35015
603439124;35016
603455798;35017
603489146;35018
603505819;35019
603522493;35020
603539167;35021
603555840;35022
603572514;35023
603589188;35024
603605862;35025
603622535;35026
603639209;35027
603655883;35028
603672556;35029
603689230;35030
603705904;35031
603722578;35032
603739251;35033
603755925;35034
603772599;35035
603789272;35036
603805946;35037
603822620;35038
603839294;35039
603855967;35040
603872641;35041
603889315;35042
603905988;35043
603922662;35044
603939336;35045
603956009;35046
603989357;35047
604006031;35048
604022704;35049
604039378;35050
604056052;35051
604072725;35052
604089399;35053
604106073;35054
604122747;35055
604139420;35056
604156094;35057
604172768;35058
604189441;35059
604206115;35060
604222789;35061
604239463;35062
604256136;35063
604272810;35064
604289484;35065
604306157;35066
604322831;35067
604339505;35068
604356179;35069
604372852;35070
604389526;35071
604406200;35072
604422873;35073
604439547;35074
604456221;35075
604489568;35076
604506242;35077
604522916;35078
604539589;35079
604556263;35080
604572937;35081
604589611;35082
604606284;35083
604622958;35084
604639632;35085
604656305;35086
604672979;35087
604689653;35088
604706327;35089
604723000;35090
604739674;35091
604756348;35092
604773021;35093
604789695;35094
604806369;35095
604823042;35096
604839716;35097
604856390;35098
604873064;35099
604889737;35100
604906411;35101
604923085;35102
604939759;35103
604956432;35104
604989780;35105
605006453;35106
605023127;35107
605039801;35108
605056474;35109
605073148;35110
605089822;35111
605106496;35112
605123169;35113
605139843;35114
605156517;35115
605173190;35116
605189864;35117
605206538;35118
605223212;35119
605239885;35120
605256559;35121
605273233;35122
605289906;35123
605306580;35124
605323254;35125
605339928;35126
605356601;35127
605373275;35128
605389949;35129
605406622;35130
605423296;35131
605439970;35132
605456643;35133
605489991;35134
605506665;35135
605523338;35136
605540012;35137
605556686;35138
605573360;35139
605590033;35140
605606707;35141
605623381;35142
605640054;35143
605656728;35144
605673402;35145
605690076;35146
605706749;35147
605723423;35148
605740097;35149
605756770;35150
605773444;35151
605790118;35152
605806791;35153
605823465;35154
605840139;35155
605856813;35156
605873486;35157
605890160;35158
605906834;35159
605923507;35160
605940181;35161
605956855;35162
605990202;35163
606006876;35164
606023550;35165
606040223;35166
606056897;35167
606073571;35168
606090245;35169
606106918;35170
606123592;35171
606140266;35172
606156939;35173
606173613;35174
606190287;35175
606206960;35176
606223634;35177
606240308;35178
606256982;35179
606273655;35180
606290329;35181
606307003;35182
606323677;35183
606340350;35184
606357024;35185
606373698;35186
606390371;35187
606407045;35188
606423719;35189
606440393;35190
606457066;35191
606490414;35192
606507087;35193
606523761;35194
606540435;35195
606557109;35196
606573782;35197
606590456;35198
606607130;35199
606623803;35200
606640477;35201
606657151;35202
606673824;35203
606690498;35204
606707172;35205
606723846;35206
606740519;35207
606757193;35208
606773867;35209
606790540;35210
606807214;35211
606823888;35212
606840562;35213
606857235;35214
606873909;35215
606890583;35216
606907256;35217
606923930;35218
606940604;35219
606957278;35220
606990625;35221
607007299;35222
607023972;35223
607040646;35224
607057320;35225
607073994;35226
607090667;35227
607107341;35228
607124015;35229
607140688;35230
607157362;35231
607174036;35232
607190710;35233
607207383;35234
607224057;35235
607240731;35236
607257404;35237
607274078;35238
607290752;35239
607307426;35240
607324099;35241
607340773;35242
607357447;35243
607374120;35244
607390794;35245
607407468;35246
607424141;35247
607440815;35248
607457489;35249
607490836;35250
607507510;35251
607524184;35252
607540857;35253
607557531;35254
607574205;35255
607590879;35256
607607552;35257
607624226;35258
607640900;35259
607657573;35260
607674247;35261
607690921;35262
607707594;35263
607724268;35264
607740942;35265
607757616;35266
607774289;35267
607790963;35268
607807637;35269
607824311;35270
607840984;35271
607857658;35272
607874332;35273
607891005;35274
607907679;35275
607924353;35276
607941027;35277
607957700;35278
607991048;35279
608007721;35280
608024395;35281
608041069;35282
608057742;35283
608074416;35284
608091090;35285
608107764;35286
608124437;35287
608141111;35288
608157785;35289
608174458;35290
608191132;35291
608207806;35292
608224480;35293
608241153;35294
608257827;35295
608274501;35296
608291174;35297
608307848;35298
608324522;35299
608341195;35300
608357869;35301
608374543;35302
608391217;35303
608407890;35304
608424564;35305
608441238;35306
608457912;35307
608491259;35308
608507933;35309
608524606;35310
608541280;35311
608557954;35312
608574627;35313
608591301;35314
608607975;35315
608624649;35316
608641322;35317
608657996;35318
608674670;35319
608691343;35320
608708017;35321
608724691;35322
608741365;35323
608758038;35324
608774712;35325
608791386;35326
608808059;35327
608824733;35328
608841407;35329
608858081;35330
608874754;35331
608891428;35332
608908102;35333
608924775;35334
608941449;35335
608958123;35336
608991470;35337
609008144;35338
609024818;35339
609041491;35340
609058165;35341
609074839;35342
609091512;35343
609108186;35344
609124860;35345
609141534;35346
609158207;35347
609174881;35348
609191555;35349
609208229;35350
609224902;35351
609241576;35352
609258250;35353
609274923;35354
609291597;35355
609308271;35356
609324944;35357
609341618;35358
609358292;35359
609374966;35360
609391639;35361
609408313;35362
609424987;35363
609441660;35364
609458334;35365
609491682;35366
609508355;35367
609525029;35368
609541703;35369
609558376;35370
609575050;35371
609591724;35372
609608398;35373
609625071;35374
609641745;35375
609658419;35376
609675092;35377
609691766;35378
609708440;35379
609725114;35380
609741787;35381
609758461;35382
609775135;35383
609791808;35384
609808482;35385
609825156;35386
609841829;35387
609858503;35388
609875177;35389
609891851;35390
609908524;35391
609925198;35392
609941872;35393
609958545;35394
609991893;35395
610008567;35396
610025240;35397
610041914;35398
610058588;35399
610075261;35400
610091935;35401
610108609;35402
610125283;35403
610141956;35404
610158630;35405
610175304;35406
610191977;35407
610208651;35408
610225325;35409
610241998;35410
610258672;35411
610275346;35412
610292020;35413
610308693;35414
610325367;35415
610342041;35416
610358714;35417
610375388;35418
610392062;35419
610408736;35420
610425409;35421
610442083;35422
610458757;35423
610492104;35424
610508778;35425
610525451;35426
610542125;35427
610558799;35428
610575473;35429
610592146;35430
610608820;35431
610625494;35432
610642167;35433
610658841;35434
610675515;35435
610692189;35436
610708862;35437
610725536;35438
610742210;35439
610758883;35440
610775557;35441
610792231;35442
610808905;35443
610825578;35444
610842252;35445
610858926;35446
610875599;35447
610892273;35448
610908947;35449
610925620;35450
610942294;35451
610958968;35452
610992315;35453
611008989;35454
611025663;35455
611042336;35456
611059010;35457
611075684;35458
611092358;35459
611109031;35460
611125705;35461
611142379;35462
611159052;35463
611175726;35464
611192400;35465
611209074;35466
611225747;35467
611242421;35468
611259095;35469
611275768;35470
611292442;35471
611309116;35472
611325789;35473
611342463;35474
611359137;35475
611375811;35476
611392484;35477
611409158;35478
611425832;35479
611442505;35480
611459179;35481
611492527;35482
611509200;35483
611525874;35484
611542548;35485
611559221;35486
611575895;35487
611592569;35488
611609243;35489
611625916;35490
611642590;35491
611659264;35492
611675937;35493
611692611;35494
611709285;35495
611725958;35496
611742632;35497
611759306;35498
611775980;35499
611792653;35500
611809327;35501
611826001;35502
611842674;35503
611859348;35504
611876022;35505
611892696;35506
611909369;35507
611926043;35508
611942717;35509
611959390;35510
611992738;35511
612009412;35512
612026085;35513
612042759;35514
612059433;35515
612076106;35516
612092780;35517
612109454;35518
612126127;35519
612142801;35520
612159475;35521
612176149;35522
612192822;35523
612209496;35524
612226170;35525
612242843;35526
612259517;35527
612276191;35528
612292865;35529
612309538;35530
612326212;35531
612342886;35532
612359559;35533
612376233;35534
612392907;35535
612409580;35536
612426254;35537
612442928;35538
612459601;35539
612492949;35540
612509623;35541
612526296;35542
612542970;35543
612559644;35544
612576317;35545
612592991;35546
612609665;35547
612626339;35548
612643012;35549
612659686;35550
612676360;35551
612693033;35552
612709707;35553
612726381;35554
612743054;35555
612759728;35556
612776402;35557
612793076;35558
612809749;35559
612826423;35560
612843097;35561
612859770;35562
612876444;35563
612893118;35564
612909792;35565
612926465;35566
612943139;35567
612959813;35568
612993160;35569
613009834;35570
613026507;35571
613043181;35572
613059855;35573
613076529;35574
613093202;35575
613109876;35576
613126550;35577
613143223;35578
613159897;35579
613176571;35580
613193245;35581
613209918;35582
613226592;35583
613243266;35584
613259939;35585
613276613;35586
613293287;35587
613309960;35588
613326634;35589
613343308;35590
613359982;35591
613376655;35592
613393329;35593
613410003;35594
613426676;35595
613443350;35596
613460024;35597
613493371;35598
613510045;35599
613526719;35600
613543392;35601
613560066;35602
613576740;35603
613593413;35604
613610087;35605
613626761;35606
613643434;35607
613660108;35608
613676782;35609
613693456;35610
613710129;35611
613726803;35612
613743477;35613
613760150;35614
613776824;35615
613793498;35616
613810171;35617
613826845;35618
613843519;35619
613860193;35620
613876866;35621
613893540;35622
613910214;35623
613926887;35624
613943561;35625
613960235;35626
613993582;35627
614010256;35628
614026930;35629
614043603;35630
614060277;35631
614076951;35632
614093624;35633
614110298;35634
614126972;35635
614143645;35636
614160319;35637
614176993;35638
614193667;35639
614210340;35640
614227014;35641
614243688;35642
614260361;35643
614277035;35644
614293709;35645
614310383;35646
614327056;35647
614343730;35648
614360404;35649
614377077;35650
614393751;35651
614410425;35652
614427098;35653
614443772;35654
614460446;35655
614493793;35656
614510467;35657
614527141;35658
614543814;35659
614560488;35660
614577162;35661
614593835;35662
614610509;35663
614627183;35664
614643857;35665
614660530;35666
614677204;35667
614693878;35668
614710551;35669
614727225;35670
614743899;35671
614760572;35672
614777246;35673
614793920;35674
614810594;35675
614827267;35676
614843941;35677
614860615;35678
614877288;35679
614893962;35680
614910636;35681
614927309;35682
614943983;35683
614960657;35684
614994004;35685
615010678;35686
615027352;35687
615044025;35688
615060699;35689
615077373;35690
615094046;35691
615110720;35692
615127394;35693
615144068;35694
615160741;35695
615177415;35696
615194089;35697
615210762;35698
615227436;35699
615244110;35700
615260783;35701
615277457;35702
615294131;35703
615310805;35704
615327478;35705
615344152;35706
615360826;35707
615377499;35708
615394173;35709
615410847;35710
615427520;35711
615444194;35712
615460868;35713
615494215;35714
615510889;35715
615527563;35716
615544236;35717
615560910;35718
615577584;35719
615594257;35720
615610931;35721
615627605;35722
615644278;35723
615660952;35724
615677626;35725
615694300;35726
615710973;35727
615727647;35728
615744321;35729
615760994;35730
615777668;35731
615794342;35732
615811016;35733
615827689;35734
615844363;35735
615861037;35736
615877710;35737
615894384;35738
615911058;35739
615927731;35740
615944405;35741
615961079;35742
615994426;35743
616011100;35744
616027774;35745
616044447;35746
616061121;35747
616077795;35748
616094468;35749
616111142;35750
616127816;35751
616144490;35752
616161163;35753
616177837;35754
616194511;35755
616211184;35756
616227858;35757
616244532;35758
616261205;35759
616277879;35760
616294553;35761
616311226;35762
616327900;35763
616344574;35764
616361248;35765
616377921;35766
616394595;35767
616411269;35768
616427942;35769
616444616;35770
616461290;35771
616494637;35772
616511311;35773
616527985;35774
616544658;35775
616561332;35776
616578006;35777
616594679;35778
616611353;35779
616628027;35780
616644700;35781
616661374;35782
616678048;35783
616694722;35784
616711395;35785
616728069;35786
616744743;35787
616761416;35788
616778090;35789
616794764;35790
616811437;35791
616828111;35792
616844785;35793
616861458;35794
616878132;35795
616894806;35796
616911480;35797
616928153;35798
616944827;35799
616961501;35800
616994848;35801
617011522;35802
617028195;35803
617044869;35804
617061543;35805
617078217;35806
617094890;35807
617111564;35808
617128238;35809
617144911;35810
617161585;35811
617178259;35812
617194932;35813
617211606;35814
617228280;35815
617244954;35816
617261627;35817
617278301;35818
617294975;35819
617311648;35820
617328322;35821
617344996;35822
617361669;35823
617378343;35824
617395017;35825
617411690;35826
617428364;35827
617445038;35828
617461711;35829
617495059;35830
617511733;35831
617528406;35832
617545080;35833
617561754;35834
617578427;35835
617595101;35836
617611775;35837
617628448;35838
617645122;35839
617661796;35840
617678470;35841
617695143;35842
617711817;35843
617728491;35844
617745164;35845
617761838;35846
617778512;35847
617795185;35848
617811859;35849
617828533;35850
617845207;35851
617861880;35852
617878554;35853
617895228;35854
617911901;35855
617928575;35856
617945249;35857
617961922;35858
617995270;35859
618011943;35860
618028617;35861
618045291;35862
618061965;35863
618078638;35864
618095312;35865
618111986;35866
618128659;35867
618145333;35868
618162007;35869
618178680;35870
618195354;35871
618212028;35872
618228701;35873
618245375;35874
618262049;35875
618278723;35876
618295396;35877
618312070;35878
618328744;35879
618345417;35880
618362091;35881
618378765;35882
618395438;35883
618412112;35884
618428786;35885
618445459;35886
618462133;35887
618495480;35888
618512154;35889
618528828;35890
618545502;35891
618562175;35892
618578849;35893
618595523;35894
618612196;35895
618628870;35896
618645544;35897
618662217;35898
618678891;35899
618695565;35900
618712238;35901
618728912;35902
618745586;35903
618762260;35904
618778933;35905
618795607;35906
618812281;35907
618828954;35908
618845628;35909
618862302;35910
618878975;35911
618895649;35912
618912323;35913
618928997;35914
618945670;35915
618962344;35916
618995691;35917
619012365;35918
619029039;35919
619045712;35920
619062386;35921
619079060;35922
619095733;35923
619112407;35924
619129081;35925
619145754;35926
619162428;35927
619179102;35928
619195776;35929
619212449;35930
619229123;35931
619245797;35932
619262470;35933
619279144;35934
619295818;35935
619312491;35936
619329165;35937
619345839;35938
619362512;35939
619379186;35940
619395860;35941
619412534;35942
619429207;35943
619445881;35944
619462555;35945
619495902;35946
619512576;35947
619529249;35948
619545923;35949
619562597;35950
619579270;35951
619595944;35952
619612618;35953
619629292;35954
619645965;35955
619662639;35956
619679313;35957
619695986;35958
619712660;35959
619729334;35960
619746007;35961
619762681;35962
619779355;35963
619796028;35964
619812702;35965
619829376;35966
619846050;35967
619862723;35968
619879397;35969
619896071;35970
619912744;35971
619929418;35972
619946092;35973
619962765;35974
619996113;35975
620012786;35976
620029460;35977
620046134;35978
620062807;35979
620079481;35980
620096155;35981
620112829;35982
620129502;35983
620146176;35984
620162850;35985
620179523;35986
620196197;35987
620212871;35988
620229544;35989
620246218;35990
620262892;35991
620279565;35992
620296239;35993
620312913;35994
620329587;35995
620346260;35996
620362934;35997
620379608;35998
620396281;35999
620412955;36000
620429629;36001
620446302;36002
620462976;36003
620496323;36004
620512997;36005
620529671;36006
620546344;36007
620563018;36008
620579692;36009
620596365;36010
620613039;36011
620629713;36012
620646387;36013
620663060;36014
620679734;36015
620696408;36016
620713081;36017
620729755;36018
620746429;36019
620763102;36020
620779776;36021
620796450;36022
620813123;36023
620829797;36024
620846471;36025
620863144;36026
620879818;36027
620896492;36028
620913166;36029
620929839;36030
620946513;36031
620963187;36032
620996534;36033
621013208;36034
621029881;36035
621046555;36036
621063229;36037
621079902;36038
621096576;36039
621113250;36040
621129924;36041
621146597;36042
621163271;36043
621179945;36044
621196618;36045
621213292;36046
621229966;36047
621246639;36048
621263313;36049
621279987;36050
621296660;36051
621313334;36052
621330008;36053
621346681;36054
621363355;36055
621380029;36056
621396703;36057
621413376;36058
621430050;36059
621446724;36060
621463397;36061
621496745;36062
621513418;36063
621530092;36064
621546766;36065
621563439;36066
621580113;36067
621596787;36068
621613460;36069
621630134;36070
621646808;36071
621663481;36072
621680155;36073
621696829;36074
621713503;36075
621730176;36076
621746850;36077
621763524;36078
621780197;36079
621796871;36080
621813545;36081
621830218;36082
621846892;36083
621863566;36084
621880239;36085
621896913;36086
621913587;36087
621930261;36088
621946934;36089
621963608;36090
621996955;36091
622013629;36092
622030302;36093
622046976;36094
622063650;36095
622080324;36096
622096997;36097
622113671;36098
622130345;36099
622147018;36100
622163692;36101
622180366;36102
622197039;36103
622213713;36104
622230387;36105
622247060;36106
622263734;36107
622280408;36108
622297081;36109
622313755;36110
622330429;36111
622347103;36112
622363776;36113
622380450;36114
622397124;36115
622413797;36116
622430471;36117
622447145;36118
622463818;36119
622497166;36120
622513839;36121
622530513;36122
622547187;36123
622563860;36124
622580534;36125
622597208;36126
622613882;36127
622630555;36128
622647229;36129
622663903;36130
622680576;36131
622697250;36132
622713924;36133
622730597;36134
622747271;36135
622763945;36136
622780618;36137
622797292;36138
622813966;36139
622830639;36140
622847313;36141
622863987;36142
622880660;36143
622897334;36144
622914008;36145
622930681;36146
622947355;36147
622964029;36148
622997376;36149
623014050;36150
623030724;36151
623047397;36152
623064071;36153
623080745;36154
623097418;36155
623114092;36156
623130766;36157
623147439;36158
623164113;36159
623180787;36160
623197460;36161
623214134;36162
623230808;36163
623247481;36164
623264155;36165
623280829;36166
623297503;36167
623314176;36168
623330850;36169
623347524;36170
623364197;36171
623380871;36172
623397545;36173
623414218;36174
623430892;36175
623447566;36176
623464239;36177
623497587;36178
623514260;36179
623530934;36180
623547608;36181
623564281;36182
623580955;36183
623597629;36184
623614302;36185
623630976;36186
623647650;36187
623664323;36188
623680997;36189
623697671;36190
623714345;36191
623731018;36192
623747692;36193
623764366;36194
623781039;36195
623797713;36196
623814387;36197
623831060;36198
623847734;36199
623864408;36200
623881081;36201
623897755;36202
623914429;36203
623931102;36204
623947776;36205
623964450;36206
623997797;36207
624014471;36208
624031144;36209
624047818;36210
624064492;36211
624081166;36212
624097839;36213
624114513;36214
624131187;36215
624147860;36216
624164534;36217
624181208;36218
624197881;36219
624214555;36220
624231229;36221
624247902;36222
624264576;36223
624281250;36224
624297923;36225
624314597;36226
624331271;36227
624347944;36228
624364618;36229
624381292;36230
624397966;36231
624414639;36232
624431313;36233
624447987;36234
624464660;36235
624498008;36236
624514681;36237
624531355;36238
624548029;36239
624564702;36240
624581376;36241
624598050;36242
624614723;36243
624631397;36244
624648071;36245
624664744;36246
624681418;36247
624698092;36248
624714765;36249
624731439;36250
624748113;36251
624764786;36252
624781460;36253
624798134;36254
624814807;36255
624831481;36256
624848155;36257
624864829;36258
624881502;36259
624898176;36260
624914850;36261
624931523;36262
624948197;36263
624964871;36264
624998218;36265
625014892;36266
625031565;36267
625048239;36268
625064913;36269
625081586;36270
625098260;36271
625114934;36272
625131607;36273
625148281;36274
625164955;36275
625181628;36276
625198302;36277
625214976;36278
625231649;36279
625248323;36280
625264997;36281
625281671;36282
625298344;36283
625315018;36284
625331692;36285
625348365;36286
625365039;36287
625381712;36288
625398386;36289
625415060;36290
625431734;36291
625448407;36292
625465081;36293
625498428;36294
625515102;36295
625531776;36296
625548449;36297
625565123;36298
625581797;36299
625598470;36300
625615144;36301
625631818;36302
625648491;36303
625665165;36304
625681839;36305
625698512;36306
625715186;36307
625731860;36308
625748533;36309
625765207;36310
625781881;36311
625798554;36312
625815228;36313
625831902;36314
625848576;36315
625865249;36316
625881923;36317
625898597;36318
625915270;36319
625931944;36320
625948618;36321
625965291;36322
625998639;36323
626015312;36324
626031986;36325
626048660;36326
626065333;36327
626082007;36328
626098681;36329
626115354;36330
626132028;36331
626148702;36332
626165375;36333
626182049;36334
626198723;36335
626215396;36336
626232070;36337
626248744;36338
626265417;36339
626282091;36340
626298765;36341
626315439;36342
626332112;36343
626348786;36344
626365460;36345
626382133;36346
626398807;36347
626415481;36348
626432154;36349
626448828;36350
626465502;36351
626498849;36352
626515523;36353
626532196;36354
626548870;36355
626565544;36356
626582217;36357
626598891;36358
626615565;36359
626632238;36360
626648912;36361
626665586;36362
626682259;36363
626698933;36364
626715607;36365
626732280;36366
626748954;36367
626765628;36368
626782301;36369
626798975;36370
626815649;36371
626832322;36372
626848996;36373
626865670;36374
626882343;36375
626899017;36376
626915691;36377
626932364;36378
626949038;36379
626965712;36380
626999059;36381
627015733;36382
627032407;36383
627049080;36384
627065754;36385
627082428;36386
627099101;36387
627115775;36388
627132449;36389
627149122;36390
627165796;36391
627182470;36392
627199143;36393
627215817;36394
627232491;36395
627249164;36396
627265838;36397
627282512;36398
627299185;36399
627315859;36400
627332533;36401
627349206;36402
627365880;36403
627382554;36404
627399227;36405
627415901;36406
627432575;36407
627449248;36408
627465922;36409
627499269;36410
627515943;36411
627532617;36412
627549291;36413
627565964;36414
627582638;36415
627599311;36416
627615985;36417
627632659;36418
627649333;36419
627666006;36420
627682680;36421
627699354;36422
627716027;36423
627732701;36424
627749375;36425
627766048;36426
627782722;36427
627799396;36428
627816069;36429
627832743;36430
627849417;36431
627866090;36432
627882764;36433
627899438;36434
627916111;36435
627932785;36436
627949459;36437
627966132;36438
627999480;36439
628016153;36440
628032827;36441
628049501;36442
628066174;36443
628082848;36444
628099522;36445
628116195;36446
628132869;36447
628149543;36448
628166216;36449
628182890;36450
628199564;36451
628216237;36452
628232911;36453
628249585;36454
628266258;36455
628282932;36456
628299606;36457
628316279;36458
628332953;36459
628349627;36460
628366301;36461
628382974;36462
628399648;36463
628416321;36464
628432995;36465
628449669;36466
628466342;36467
628499690;36468
628516363;36469
628533037;36470
628549711;36471
628566385;36472
628583058;36473
628599732;36474
628616405;36475
628633079;36476
628649753;36477
628666427;36478
628683100;36479
628699774;36480
628716448;36481
628733121;36482
628749795;36483
628766469;36484
628783142;36485
628799816;36486
628816490;36487
628833163;36488
628849837;36489
628866511;36490
628883184;36491
628899858;36492
628916532;36493
628933205;36494
628949879;36495
628966553;36496
628999900;36497
629016574;36498
629033247;36499
629049921;36500
629066595;36501
629083268;36502
629099942;36503
629116616;36504
629133289;36505
629149963;36506
629166637;36507
629183310;36508
629199984;36509
629216658;36510
629233331;36511
629250005;36512
629266679;36513
629283352;36514
629300026;36515
629316700;36516
629333373;36517
629350047;36518
629366721;36519
629383394;36520
629400068;36521
629416742;36522
629433415;36523
629450089;36524
629466763;36525
629500110;36526
629516784;36527
629533457;36528
629550131;36529
629566805;36530
629583479;36531
629600152;36532
629616826;36533
629633500;36534
629650173;36535
629666847;36536
629683521;36537
629700194;36538
629716868;36539
629733542;36540
629750215;36541
629766889;36542
629783563;36543
629800236;36544
629816910;36545
629833584;36546
629850257;36547
629866931;36548
629883605;36549
629900278;36550
629916952;36551
629933626;36552
629950299;36553
629966973;36554
630000320;36555
630016994;36556
630033668;36557
630050341;36558
630067015;36559
630083689;36560
630100362;36561
630117036;36562
630133710;36563
630150383;36564
630167057;36565
630183731;36566
630200404;36567
630217078;36568
630233752;36569
630250425;36570
630267099;36571
630283773;36572
630300446;36573
630317120;36574
630333794;36575
630350467;36576
630367141;36577
630383815;36578
630400488;36579
630417162;36580
630433836;36581
630450509;36582
630467183;36583
630500530;36584
630517204;36585
630533878;36586
630550551;36587
630567225;36588
630583899;36589
630600572;36590
630617246;36591
630633920;36592
630650593;36593
630667267;36594
630683941;36595
630700614;36596
630717288;36597
630733962;36598
630750635;36599
630767309;36600
630783983;36601
630800656;36602
630817330;36603
630834004;36604
630850677;36605
630867351;36606
630884025;36607
630900698;36608
630917372;36609
630934046;36610
630950719;36611
630967393;36612
631000740;36613
631017414;36614
631034088;36615
631050761;36616
631067435;36617
631084109;36618
631100782;36619
631117456;36620
631134130;36621
631150804;36622
631167477;36623
631184151;36624
631200824;36625
631217498;36626
631234172;36627
631250845;36628
631267519;36629
631284193;36630
631300867;36631
631317540;36632
631334214;36633
631350888;36634
631367561;36635
631384235;36636
631400908;36637
631417582;36638
631434256;36639
631450929;36640
631467603;36641
631500951;36642
631517624;36643
631534298;36644
631550972;36645
631567645;36646
631584319;36647
631600993;36648
631617666;36649
631634340;36650
631651013;36651
631667687;36652
631684361;36653
631701034;36654
631717708;36655
631734382;36656
631751055;36657
631767729;36658
631784403;36659
631801076;36660
631817750;36661
631834424;36662
631851097;36663
631867771;36664
631884445;36665
631901119;36666
631917792;36667
631934466;36668
631951140;36669
631967813;36670
632001160;36671
632017834;36672
632034508;36673
632051181;36674
632067855;36675
632084529;36676
632101202;36677
632117876;36678
632134550;36679
632151223;36680
632167897;36681
632184571;36682
632201244;36683
632217918;36684
632234592;36685
632251265;36686
632267939;36687
632284613;36688
632301286;36689
632317960;36690
632334634;36691
632351307;36692
632367981;36693
632384655;36694
632401328;36695
632418002;36696
632434676;36697
632451349;36698
632468023;36699
632501370;36700
632518044;36701
632534718;36702
632551391;36703
632568065;36704
632584739;36705
632601412;36706
632618086;36707
632634760;36708
632651433;36709
632668107;36710
632684781;36711
632701454;36712
632718128;36713
632734802;36714
632751475;36715
632768149;36716
632784823;36717
632801496;36718
632818170;36719
632834844;36720
632851517;36721
-1;-1
-1;-1
-1;-1
-1;-1
-1;-1
-1;-1
-1;-1
-1;-1
-1;-1
-1;-1
-1;-1
-1;-1
-1;-1
-1;-1
-1;-1
-1;-1
-1;-1
-1;-1
-1;-1
-1;-1
-1;-1
-1;-1
-1;-1
-1;-1
-1;-1
-1;-1
-1;-1
-1;-1
-1;-1
-1;-1
-1;-1
-1;-1
-1;-1
-1;-1
-1;-1
-1;-1
-1;-1
-1;-1
-1;-1
-1;-1
-1;-1
-1;-1
-1;-1
-1;-1
-1;-1
-1;-1
-1;-1
-1;-1
-1;-1
-1;-1
-1;-1
-1;-1
-1;-1
-1;-1
-1;-1
-1;-1
-1;-1
-1;-1
-1;-1
-1;-1
-1;-1
-1;-1
-1;-1
-1;-1
-1;-1
-1;-1
-1;-1
-1;-1
-1;-1
-1;-1
-1;-1
-1;-1
-1;-1
-1;-1
-1;-1
-1;-1
-1;-1
-1;-1
-1;-1
-1;-1
-1;-1
-1;-1
-1;-1
-1;-1
-1;-1
-1;-1
-1;-1
-1;-1
-1;-1
-1;-1
-1;-1
-1;-1
-1;-1
-1;-1
-1;-1
-1;-1
-1;-1
-1;-1
-1;-1
-1;-1
-1;-1
-1;-1
-1;-1
-1;-1
-1;-1
-1;-1
-1;-1
-1;-1
-1;-1
-1;-1
-1;-1
-1;-1
-1;-1
-1;-1
-1;-1
-1;-1
-1;-1
-1;-1
-1;-1
-1;-1
-1;-1
-1;-1
-1;-1
-1;-1
-1;-1
-1;-1
-1;-1
-1;-1
-1;-1
-1;-1
-1;-1
-1;-1
-1;-1
-1;-1
-1;-1
-1;-1
-1;-1
-1;-1
-1;-1
-1;-1
-1;-1
-1;-1
-1;-1
-1;-1
-1;-1
-1;-1
