559921190;32493
559937863;32494
559954537;32495
559971211;32496
559987885;32497
560004559;32498
560021232;32499
560037906;32500
560054580;32501
560071254;32502
560087927;32503
560104601;32504
560121275;32505
560137949;32506
560154623;32507
560171296;32508
560187970;32509
560204644;32510
560221318;32511
560237991;32512
560254665;32513
560271339;32514
560288013;32515
560304687;32516
560321360;32517
560338034;32518
560354708;32519
560371382;32520
560404729;32521
560421403;32522
560438077;32523
560454750;32524
560471424;32525
560488098;32526
560504772;32527
560521446;32528
560538119;32529
560554793;32530
560571467;32531
560588141;32532
560604814;32533
560621488;32534
560638162;32535
560654836;32536
560671509;32537
560688183;32538
560704857;32539
560721531;32540
560738204;32541
560754878;32542
560771552;32543
560788226;32544
560804900;32545
560821573;32546
560838247;32547
560854921;32548
560871595;32549
560904942;32550
560921616;32551
560938290;32552
560954963;32553
560971637;32554
560988311;32555
561004985;32556
561021658;32557
561038332;32558
561055006;32559
561071680;32560
561088354;32561
561105027;32562
561121701;32563
561138375;32564
561155049;32565
561171722;32566
561188396;32567
561205070;32568
561221744;32569
561238418;32570
561255091;32571
561271765;32572
561288439;32573
561305113;32574
561321786;32575
561338460;32576
561355134;32577
561371808;32578
561405155;32579
561421829;32580
561438503;32581
561455176;32582
561471850;32583
561488524;32584
561505198;32585
561521871;32586
561538545;32587
561555219;32588
561571893;32589
561588567;32590
561605240;32591
561621914;32592
561638588;32593
561655262;32594
561671935;32595
561688609;32596
561705283;32597
561721957;32598
561738630;32599
561755304;32600
561771978;32601
561788652;32602
561805326;32603
561821999;32604
561838673;32605
561855347;32606
561872021;32607
561905368;32608
561922042;32609
561938716;32610
561955389;32611
561972063;32612
561988737;32613
562005411;32614
562022084;32615
562038758;32616
562055432;32617
562072106;32618
562088780;32619
562105453;32620
562122127;32621
562138801;32622
562155475;32623
562172148;32624
562188822;32625
562205496;32626
562222170;32627
562238843;32628
562255517;32629
562272191;32630
562288865;32631
562305538;32632
562322212;32633
562338886;32634
562355560;32635
562372233;32636
562405581;32637
562422255;32638
562438929;32639
562455602;32640
562472276;32641
562488950;32642
562505623;32643
562522297;32644
562538971;32645
562555645;32646
562572319;32647
562588992;32648
562605666;32649
562622340;32650
562639014;32651
562655687;32652
562672361;32653
562689035;32654
562705709;32655
562722382;32656
562739056;32657
562755730;32658
562772404;32659
562789077;32660
562805751;32661
562822425;32662
562839099;32663
562855773;32664
562872446;32665
562905794;32666
562922468;32667
562939141;32668
562955815;32669
562972489;32670
562989163;32671
563005836;32672
563022510;32673
563039184;32674
563055858;32675
563072531;32676
563089205;32677
563105879;32678
563122553;32679
563139226;32680
563155900;32681
563172574;32682
563189248;32683
563205921;32684
563222595;32685
563239269;32686
563255943;32687
563272616;32688
563289290;32689
563305964;32690
563322638;32691
563339312;32692
563355985;32693
563372659;32694
563406006;32695
563422680;32696
563439354;32697
563456028;32698
563472702;32699
563489375;32700
563506049;32701
563522723;32702
563539397;32703
563556070;32704
563572744;32705
563589418;32706
563606092;32707
563622765;32708
563639439;32709
563656113;32710
563672787;32711
563689460;32712
563706134;32713
563722808;32714
563739482;32715
563756155;32716
563772829;32717
563789503;32718
563806177;32719
563822850;32720
563839524;32721
563856198;32722
563872872;32723
563906219;32724
563922893;32725
563939567;32726
563956240;32727
563972914;32728
563989588;32729
564006262;32730
564022935;32731
564039609;32732
564056283;32733
564072957;32734
564089630;32735
564106304;32736
564122978;32737
564139652;32738
564156325;32739
564172999;32740
564189673;32741
564206347;32742
564223020;32743
564239694;32744
564256368;32745
564273042;32746
564289715;32747
564306389;32748
564323063;32749
564339737;32750
564356410;32751
564373084;32752
564406432;32753
564423105;32754
564439779;32755
564456453;32756
564473127;32757
564489800;32758
564506474;32759
564523148;32760
564539822;32761
564556495;32762
564573169;32763
564589843;32764
564606517;32765
564623190;32766
564639864;32767
564656538;32768
564673212;32769
564689885;32770
564706559;32771
564723233;32772
564739907;32773
564756580;32774
564773254;32775
564789928;32776
564806602;32777
564823275;32778
564839949;32779
564856623;32780
564873297;32781
564906644;32782
564923318;32783
564939992;32784
564956665;32785
564973339;32786
564990013;32787
565006687;32788
565023360;32789
565040034;32790
565056708;32791
565073382;32792
565090055;32793
565106729;32794
565123403;32795
565140077;32796
565156750;32797
565173424;32798
565190098;32799
565206772;32800
565223445;32801
565240119;32802
565256793;32803
565273467;32804
565290140;32805
565306814;32806
565323488;32807
565340162;32808
565356835;32809
565373509;32810
565406857;32811
565423530;32812
565440204;32813
565456878;32814
565473552;32815
565490225;32816
565506899;32817
565523573;32818
565540246;32819
565556920;32820
565573594;32821
565590268;32822
565606941;32823
565623615;32824
565640289;32825
565656963;32826
565673636;32827
565690310;32828
565706984;32829
565723658;32830
565740331;32831
565757005;32832
565773679;32833
565790353;32834
565807026;32835
565823700;32836
565840374;32837
565857048;32838
565873721;32839
565907069;32840
565923743;32841
565940416;32842
565957090;32843
565973764;32844
565990438;32845
566007111;32846
566023785;32847
566040459;32848
566057132;32849
566073806;32850
566090480;32851
566107154;32852
566123828;32853
566140501;32854
566157175;32855
566173849;32856
566190522;32857
566207196;32858
566223870;32859
566240544;32860
566257217;32861
566273891;32862
566290565;32863
566307239;32864
566323912;32865
566340586;32866
566357260;32867
566373934;32868
566407281;32869
566423955;32870
566440628;32871
566457302;32872
566473976;32873
566490650;32874
566507323;32875
566523997;32876
566540671;32877
566557345;32878
566574018;32879
566590692;32880
566607366;32881
566624040;32882
566640713;32883
566657387;32884
566674061;32885
566690735;32886
566707408;32887
566724082;32888
566740756;32889
566757430;32890
566774103;32891
566790777;32892
566807451;32893
566824124;32894
566840798;32895
566857472;32896
566874146;32897
566907493;32898
566924167;32899
566940841;32900
566957514;32901
566974188;32902
566990862;32903
567007536;32904
567024209;32905
567040883;32906
567057557;32907
567074231;32908
567090904;32909
567107578;32910
567124252;32911
567140926;32912
567157599;32913
567174273;32914
567190947;32915
567207620;32916
567224294;32917
567240968;32918
567257642;32919
567274315;32920
567290989;32921
567307663;32922
567324337;32923
567341010;32924
567357684;32925
567374358;32926
567407705;32927
567424379;32928
567441053;32929
567457726;32930
567474400;32931
567491074;32932
567507748;32933
567524421;32934
567541095;32935
567557769;32936
567574443;32937
567591116;32938
567607790;32939
567624464;32940
567641138;32941
567657811;32942
567674485;32943
567691159;32944
567707833;32945
567724506;32946
567741180;32947
567757854;32948
567774527;32949
567791201;32950
567807875;32951
567824549;32952
567841222;32953
567857896;32954
567874570;32955
567907917;32956
567924591;32957
567941265;32958
567957938;32959
567974612;32960
567991286;32961
568007960;32962
568024633;32963
568041307;32964
568057981;32965
568074655;32966
568091328;32967
568108002;32968
568124676;32969
568141349;32970
568158023;32971
568174697;32972
568191371;32973
568208044;32974
568224718;32975
568241392;32976
568258066;32977
568274739;32978
568291413;32979
568308087;32980
568324761;32981
568341434;32982
568358108;32983
568374782;32984
568408129;32985
568424803;32986
568441477;32987
568458150;32988
568474824;32989
568491498;32990
568508171;32991
568524845;32992
568541519;32993
568558193;32994
568574866;32995
568591540;32996
568608214;32997
568624888;32998
568641561;32999
568658235;33000
568674909;33001
568691583;33002
568708256;33003
568724930;33004
568741604;33005
568758277;33006
568774951;33007
568791625;33008
568808299;33009
568824972;33010
568841646;33011
568858320;33012
568874994;33013
568908341;33014
568925015;33015
568941688;33016
568958362;33017
568975036;33018
568991710;33019
569008383;33020
569025057;33021
569041731;33022
569058405;33023
569075078;33024
569091752;33025
569108426;33026
569125099;33027
569141773;33028
569158447;33029
569175121;33030
569191794;33031
569208468;33032
569225142;33033
569241816;33034
569258489;33035
569275163;33036
569291837;33037
569308510;33038
569325184;33039
569341858;33040
569358532;33041
569375205;33042
569408553;33043
569425226;33044
569441900;33045
569458574;33046
569475248;33047
569491921;33048
569508595;33049
569525269;33050
569541943;33051
569558616;33052
569575290;33053
569591964;33054
569608637;33055
569625311;33056
569641985;33057
569658659;33058
569675332;33059
569692006;33060
569708680;33061
569725353;33062
569742027;33063
569758701;33064
569775375;33065
569792048;33066
569808722;33067
569825396;33068
569842070;33069
569858743;33070
569875417;33071
569908765;33072
569925438;33073
569942112;33074
569958786;33075
569975459;33076
569992133;33077
570008807;33078
570025481;33079
570042154;33080
570058828;33081
570075502;33082
570092175;33083
570108849;33084
570125523;33085
570142197;33086
570158870;33087
570175544;33088
570192218;33089
570208891;33090
570225565;33091
570242239;33092
570258913;33093
570275586;33094
570292260;33095
570308934;33096
570325608;33097
570342281;33098
570358955;33099
570375629;33100
570392302;33101
570425650;33102
570442323;33103
570458997;33104
570475671;33105
570492345;33106
570509018;33107
570525692;33108
570542366;33109
570559040;33110
570575713;33111
570592387;33112
570609061;33113
570625734;33114
570642408;33115
570659082;33116
570675756;33117
570692429;33118
570709103;33119
570725777;33120
570742451;33121
570759124;33122
570775798;33123
570792472;33124
570809145;33125
570825819;33126
570842493;33127
570859166;33128
570875840;33129
570892514;33130
570925861;33131
570942535;33132
570959209;33133
570975883;33134
570992556;33135
571009230;33136
571025904;33137
571042577;33138
571059251;33139
571075925;33140
571092599;33141
571109272;33142
571125946;33143
571142620;33144
571159293;33145
571175967;33146
571192641;33147
571209315;33148
571225988;33149
571242662;33150
571259336;33151
571276009;33152
571292683;33153
571309357;33154
571326031;33155
571342704;33156
571359378;33157
571376052;33158
571392725;33159
571426073;33160
571442747;33161
571459420;33162
571476094;33163
571492768;33164
571509441;33165
571526115;33166
571542789;33167
571559463;33168
571576136;33169
571592810;33170
571609484;33171
571626157;33172
571642831;33173
571659505;33174
571676179;33175
571692852;33176
571709526;33177
571726200;33178
571742873;33179
571759547;33180
571776221;33181
571792895;33182
571809568;33183
571826242;33184
571842916;33185
571859589;33186
571876263;33187
571892937;33188
571926284;33189
571942958;33190
571959632;33191
571976305;33192
571992979;33193
572009653;33194
572026327;33195
572043000;33196
572059674;33197
572076348;33198
572093021;33199
572109695;33200
572126369;33201
572143043;33202
572159716;33203
572176390;33204
572193064;33205
572209737;33206
572226411;33207
572243085;33208
572259758;33209
572276432;33210
572293106;33211
572309780;33212
572326453;33213
572343127;33214
572359801;33215
572376475;33216
572393148;33217
572426496;33218
572443169;33219
572459843;33220
572476517;33221
572493191;33222
572509864;33223
572526538;33224
572543212;33225
572559885;33226
572576559;33227
572593233;33228
572609906;33229
572626580;33230
572643254;33231
572659928;33232
572676601;33233
572693275;33234
572709949;33235
572726622;33236
572743296;33237
572759970;33238
572776644;33239
572793317;33240
572809991;33241
572826665;33242
572843338;33243
572860012;33244
572876686;33245
572893360;33246
572926707;33247
572943381;33248
572960054;33249
572976728;33250
572993402;33251
573010075;33252
573026749;33253
573043423;33254
573060097;33255
573076770;33256
573093444;33257
573110118;33258
573126791;33259
573143465;33260
573160139;33261
573176813;33262
573193486;33263
573210160;33264
573226834;33265
573243507;33266
573260181;33267
573276855;33268
573293528;33269
573310202;33270
573326876;33271
573343550;33272
573360223;33273
573376897;33274
573393571;33275
573426918;33276
573443592;33277
573460265;33278
573476939;33279
573493613;33280
573510287;33281
573526960;33282
573543634;33283
573560308;33284
573576981;33285
573593655;33286
573610329;33287
573627003;33288
573643676;33289
573660350;33290
573677024;33291
573693697;33292
573710371;33293
573727045;33294
573743719;33295
573760392;33296
573777066;33297
573793740;33298
573810413;33299
573827087;33300
573843761;33301
573860434;33302
573877108;33303
573893782;33304
573927129;33305
573943803;33306
573960477;33307
573977150;33308
573993824;33309
574010498;33310
574027172;33311
574043845;33312
574060519;33313
574077193;33314
574093866;33315
574110540;33316
574127214;33317
574143888;33318
574160561;33319
574177235;33320
574193909;33321
574210582;33322
574227256;33323
574243930;33324
574260603;33325
574277277;33326
574293951;33327
574310624;33328
574327298;33329
574343972;33330
574360646;33331
574377319;33332
574393993;33333
574427340;33334
574444014;33335
574460688;33336
574477361;33337
574494035;33338
574510709;33339
574527383;33340
574544056;33341
574560730;33342
574577404;33343
574594077;33344
574610751;33345
574627425;33346
574644099;33347
574660772;33348
574677446;33349
574694120;33350
574710793;33351
574727467;33352
574744141;33353
574760814;33354
574777488;33355
574794162;33356
574810835;33357
574827509;33358
574844183;33359
574860857;33360
574877530;33361
574894204;33362
574927552;33363
574944225;33364
574960899;33365
574977573;33366
574994246;33367
575010920;33368
575027594;33369
575044267;33370
575060941;33371
575077615;33372
575094289;33373
575110962;33374
575127636;33375
575144310;33376
575160983;33377
575177657;33378
575194331;33379
575211004;33380
575227678;33381
575244352;33382
575261026;33383
575277699;33384
575294373;33385
575311047;33386
575327720;33387
575344394;33388
575361068;33389
575377741;33390
575394415;33391
575427762;33392
575444436;33393
575461110;33394
575477784;33395
575494457;33396
575511131;33397
575527805;33398
575544478;33399
575561152;33400
575577826;33401
575594500;33402
575611173;33403
575627847;33404
575644521;33405
575661194;33406
575677868;33407
575694542;33408
575711215;33409
575727889;33410
575744563;33411
575761236;33412
575777910;33413
575794584;33414
575811258;33415
575827931;33416
575844605;33417
575861279;33418
575877952;33419
575894626;33420
575927973;33421
575944647;33422
575961321;33423
575977995;33424
575994668;33425
576011342;33426
576028016;33427
576044689;33428
576061363;33429
576078037;33430
576094710;33431
576111384;33432
576128058;33433
576144732;33434
576161405;33435
576178079;33436
576194753;33437
576211426;33438
576228100;33439
576244774;33440
576261447;33441
576278121;33442
576294795;33443
576311469;33444
576328142;33445
576344816;33446
576361490;33447
576378163;33448
576394837;33449
576428184;33450
576444858;33451
576461532;33452
576478205;33453
576494879;33454
576511553;33455
576528227;33456
576544900;33457
576561574;33458
576578248;33459
576594921;33460
576611595;33461
576628269;33462
576644942;33463
576661616;33464
576678290;33465
576694964;33466
576711637;33467
576728311;33468
576744985;33469
576761658;33470
576778332;33471
576795006;33472
576811679;33473
576828353;33474
576845027;33475
576861700;33476
576878374;33477
576895048;33478
576928395;33479
576945069;33480
576961743;33481
576978416;33482
576995090;33483
577011764;33484
577028437;33485
577045111;33486
577061785;33487
577078458;33488
577095132;33489
577111806;33490
577128480;33491
577145153;33492
577161827;33493
577178501;33494
577195174;33495
577211848;33496
577228522;33497
577245195;33498
577261869;33499
577278543;33500
577295217;33501
577311890;33502
577328564;33503
577345238;33504
577361911;33505
577378585;33506
577395259;33507
577428606;33508
577445280;33509
577461954;33510
577478627;33511
577495301;33512
577511975;33513
577528648;33514
577545322;33515
577561996;33516
577578669;33517
577595343;33518
577612017;33519
577628690;33520
577645364;33521
577662038;33522
577678712;33523
577695385;33524
577712059;33525
577728733;33526
577745406;33527
577762080;33528
577778754;33529
577795427;33530
577812101;33531
577828775;33532
577845448;33533
577862122;33534
577878796;33535
577895470;33536
577928817;33537
577945491;33538
577962164;33539
577978838;33540
577995512;33541
578012185;33542
578028859;33543
578045533;33544
578062207;33545
578078880;33546
578095554;33547
578112228;33548
578128901;33549
578145575;33550
578162249;33551
578178922;33552
578195596;33553
578212270;33554
578228943;33555
578245617;33556
578262291;33557
578278965;33558
578295638;33559
578312312;33560
578328986;33561
578345659;33562
578362333;33563
578379007;33564
578395680;33565
578429028;33566
578445701;33567
578462375;33568
578479049;33569
578495722;33570
578512396;33571
578529070;33572
578545744;33573
578562417;33574
578579091;33575
578595765;33576
578612438;33577
578629112;33578
578645786;33579
578662459;33580
578679133;33581
578695807;33582
578712480;33583
578729154;33584
578745828;33585
578762501;33586
578779175;33587
578795849;33588
578812523;33589
578829196;33590
578845870;33591
578862544;33592
578879217;33593
578895891;33594
578929238;33595
578945912;33596
578962586;33597
578979260;33598
578995933;33599
579012607;33600
579029280;33601
579045954;33602
579062628;33603
579079302;33604
579095975;33605
579112649;33606
579129323;33607
579145996;33608
579162670;33609
579179344;33610
579196017;33611
579212691;33612
579229365;33613
579246038;33614
579262712;33615
579279386;33616
579296060;33617
579312733;33618
579329407;33619
579346081;33620
579362754;33621
579379428;33622
579396102;33623
579429449;33624
579446123;33625
579462797;33626
579479470;33627
579496144;33628
579512818;33629
579529491;33630
579546165;33631
579562839;33632
579579512;33633
579596186;33634
579612860;33635
579629533;33636
579646207;33637
579662881;33638
579679554;33639
579696228;33640
579712902;33641
579729575;33642
579746249;33643
579762923;33644
579779597;33645
579796270;33646
579812944;33647
579829618;33648
579846291;33649
579862965;33650
579879639;33651
579896312;33652
579929660;33653
579946333;33654
579963007;33655
579979681;33656
579996355;33657
580013028;33658
580029702;33659
580046376;33660
580063049;33661
580079723;33662
580096397;33663
580113070;33664
580129744;33665
580146418;33666
580163091;33667
580179765;33668
580196439;33669
580213112;33670
580229786;33671
580246460;33672
580263133;33673
580279807;33674
580296481;33675
580313155;33676
580329828;33677
580346502;33678
580363176;33679
580379849;33680
580396523;33681
580429871;33682
580446544;33683
580463218;33684
580479891;33685
580496565;33686
580513239;33687
580529913;33688
580546586;33689
580563260;33690
580579934;33691
580596607;33692
580613281;33693
580629955;33694
580646628;33695
580663302;33696
580679976;33697
580696649;33698
580713323;33699
580729997;33700
580746670;33701
580763344;33702
580780018;33703
580796692;33704
580813365;33705
580830039;33706
580846713;33707
580863386;33708
580880060;33709
580896734;33710
580930081;33711
580946755;33712
580963428;33713
580980102;33714
580996776;33715
581013450;33716
581030123;33717
581046797;33718
581063471;33719
581080144;33720
581096818;33721
581113492;33722
581130165;33723
581146839;33724
581163513;33725
581180186;33726
581196860;33727
581213534;33728
581230207;33729
581246881;33730
581263555;33731
581280229;33732
581296902;33733
581313576;33734
581330250;33735
581346923;33736
581363597;33737
581380271;33738
581396944;33739
581430292;33740
581446965;33741
581463639;33742
581480313;33743
581496986;33744
581513660;33745
581530334;33746
581547008;33747
581563681;33748
581580355;33749
581597029;33750
581613702;33751
581630376;33752
581647050;33753
581663723;33754
581680397;33755
581697071;33756
581713744;33757
581730418;33758
581747092;33759
581763766;33760
581780439;33761
581797113;33762
581813787;33763
581830460;33764
581847134;33765
581863808;33766
581880481;33767
581897155;33768
581930502;33769
581947176;33770
581963850;33771
581980523;33772
581997197;33773
582013871;33774
582030545;33775
582047218;33776
582063892;33777
582080566;33778
582097239;33779
582113913;33780
582130587;33781
582147260;33782
582163934;33783
582180608;33784
582197281;33785
582213955;33786
582230629;33787
582247302;33788
582263976;33789
582280650;33790
582297324;33791
582313997;33792
582330671;33793
582347345;33794
582364018;33795
582380692;33796
582397366;33797
582430713;33798
582447387;33799
582464060;33800
582480734;33801
582497408;33802
582514082;33803
582530755;33804
582547429;33805
582564103;33806
582580776;33807
582597450;33808
582614124;33809
582630797;33810
582647471;33811
582664145;33812
582680818;33813
582697492;33814
582714166;33815
582730839;33816
582747513;33817
582764187;33818
582780861;33819
582797534;33820
582814208;33821
582830882;33822
582847555;33823
582864229;33824
582880903;33825
582897576;33826
582930924;33827
582947597;33828
582964271;33829
582980945;33830
582997618;33831
583014292;33832
583030966;33833
583047640;33834
583064313;33835
583080987;33836
583097661;33837
583114334;33838
583131008;33839
583147682;33840
583164355;33841
583181029;33842
583197703;33843
583214376;33844
583231050;33845
583247724;33846
583264397;33847
583281071;33848
583297745;33849
583314419;33850
583331092;33851
583347766;33852
583364440;33853
583381113;33854
583397787;33855
583431134;33856
583447808;33857
583464482;33858
583481156;33859
583497829;33860
583514503;33861
583531177;33862
583547850;33863
583564524;33864
583581198;33865
583597871;33866
583614545;33867
583631219;33868
583647892;33869
583664566;33870
583681240;33871
583697914;33872
583714587;33873
583731261;33874
583747934;33875
583764608;33876
583781282;33877
583797956;33878
583814629;33879
583831303;33880
583847977;33881
583864650;33882
583881324;33883
583897998;33884
583931345;33885
583948019;33886
583964692;33887
583981366;33888
583998040;33889
584014714;33890
584031387;33891
584048061;33892
584064735;33893
584081408;33894
584098082;33895
584114756;33896
584131429;33897
584148103;33898
584164777;33899
584181450;33900
584198124;33901
584214798;33902
584231472;33903
584248145;33904
584264819;33905
584281493;33906
584298166;33907
584314840;33908
584331514;33909
584348187;33910
584364861;33911
584381535;33912
584398209;33913
584431556;33914
584448230;33915
584464903;33916
584481577;33917
584498251;33918
584514924;33919
584531598;33920
584548272;33921
584564945;33922
584581619;33923
584598293;33924
584614966;33925
584631640;33926
584648314;33927
584664988;33928
584681661;33929
584698335;33930
584715009;33931
584731682;33932
584748356;33933
584765030;33934
584781703;33935
584798377;33936
584815051;33937
584831724;33938
584848398;33939
584865072;33940
584881746;33941
584898419;33942
584931767;33943
584948440;33944
584965114;33945
584981788;33946
584998461;33947
585015135;33948
585031809;33949
585048482;33950
585065156;33951
585081830;33952
585098503;33953
585115177;33954
585131851;33955
585148525;33956
585165198;33957
585181872;33958
585198546;33959
585215219;33960
585231893;33961
585248567;33962
585265240;33963
585281914;33964
585298588;33965
585315261;33966
585331935;33967
585348609;33968
585365283;33969
585381956;33970
585398630;33971
585431977;33972
585448651;33973
585465325;33974
585481998;33975
585498672;33976
585515346;33977
585532019;33978
585548693;33979
585565367;33980
585582041;33981
585598714;33982
585615388;33983
585632062;33984
585648735;33985
585665409;33986
585682083;33987
585698756;33988
585715430;33989
585732104;33990
585748777;33991
585765451;33992
585782125;33993
585798798;33994
585815472;33995
585832146;33996
585848820;33997
585865493;33998
585882167;33999
585898841;34000
585932188;34001
585948862;34002
585965535;34003
585982209;34004
585998883;34005
586015556;34006
586032230;34007
586048904;34008
586065578;34009
586082251;34010
586098925;34011
586115599;34012
586132272;34013
586148946;34014
586165620;34015
586182293;34016
586198967;34017
586215641;34018
586232314;34019
586248988;34020
586265662;34021
586282336;34022
586299009;34023
586315683;34024
586332357;34025
586349030;34026
586365704;34027
586382378;34028
586399051;34029
586432399;34030
586449073;34031
586465746;34032
586482420;34033
586499094;34034
586515767;34035
586532441;34036
586549115;34037
586565788;34038
586582462;34039
586599136;34040
586615809;34041
586632483;34042
586649157;34043
586665831;34044
586682504;34045
586699178;34046
586715852;34047
586732525;34048
586749199;34049
586765873;34050
586782546;34051
586799220;34052
586815894;34053
586832567;34054
586849241;34055
586865915;34056
586882589;34057
586899262;34058
586932610;34059
586949283;34060
586965957;34061
586982631;34062
586999304;34063
587015978;34064
587032652;34065
587049326;34066
587065999;34067
587082673;34068
587099347;34069
587116020;34070
587132694;34071
587149368;34072
587166041;34073
587182715;34074
587199389;34075
587216062;34076
587232736;34077
587249410;34078
587266084;34079
587282757;34080
587299431;34081
587316105;34082
587332778;34083
587349452;34084
587366126;34085
587382799;34086
587399473;34087
587432820;34088
587449494;34089
587466168;34090
587482842;34091
587499515;34092
587516189;34093
587532863;34094
587549536;34095
587566210;34096
587582884;34097
587599557;34098
587616231;34099
587632905;34100
587649579;34101
587666252;34102
587682926;34103
587699600;34104
587716273;34105
587732947;34106
587749621;34107
587766294;34108
587782968;34109
587799642;34110
587816315;34111
587832989;34112
587849663;34113
587866337;34114
587883010;34115
587899684;34116
587933031;34117
587949705;34118
587966379;34119
587983052;34120
587999726;34121
588016400;34122
588033073;34123
588049747;34124
588066421;34125
588083095;34126
588099768;34127
588116442;34128
588133116;34129
588149789;34130
588166463;34131
588183137;34132
588199811;34133
588216484;34134
588233158;34135
588249832;34136
588266505;34137
588283179;34138
588299853;34139
588316526;34140
588333200;34141
588349874;34142
588366547;34143
588383221;34144
588399895;34145
588433242;34146
588449916;34147
588466590;34148
588483263;34149
588499937;34150
588516611;34151
588533284;34152
588549958;34153
588566632;34154
588583305;34155
588599979;34156
588616653;34157
588633327;34158
588650000;34159
588666674;34160
588683348;34161
588700021;34162
588716695;34163
588733369;34164
588750043;34165
588766716;34166
588783390;34167
588800064;34168
588816737;34169
588833411;34170
588850085;34171
588866758;34172
588883432;34173
588900106;34174
588933453;34175
588950127;34176
588966801;34177
588983474;34178
589000148;34179
589016822;34180
589033495;34181
589050169;34182
589066843;34183
589083516;34184
589100190;34185
589116864;34186
589133538;34187
589150211;34188
589166885;34189
589183559;34190
589200232;34191
589216906;34192
589233580;34193
589250253;34194
589266927;34195
589283601;34196
589300275;34197
589316948;34198
589333622;34199
589350296;34200
589366969;34201
589383643;34202
589400317;34203
589433664;34204
589450338;34205
589467012;34206
589483685;34207
589500359;34208
589517033;34209
589533706;34210
589550380;34211
589567054;34212
589583727;34213
589600401;34214
589617075;34215
589633749;34216
589650422;34217
589667096;34218
589683770;34219
589700443;34220
589717117;34221
589733791;34222
589750465;34223
589767138;34224
589783812;34225
589800486;34226
589817159;34227
589833833;34228
589850507;34229
589867180;34230
589883854;34231
589900528;34232
589933875;34233
589950549;34234
589967223;34235
589983896;34236
590000570;34237
590017244;34238
590033918;34239
590050591;34240
590067265;34241
590083939;34242
590100612;34243
590117286;34244
590133960;34245
590150633;34246
590167307;34247
590183981;34248
590200654;34249
590217328;34250
590234002;34251
590250676;34252
590267349;34253
590284023;34254
590300697;34255
590317370;34256
590334044;34257
590350718;34258
590367391;34259
590384065;34260
590400739;34261
590434086;34262
590450760;34263
590467434;34264
590484107;34265
590500781;34266
590517455;34267
590534128;34268
590550802;34269
590567476;34270
590584150;34271
590600823;34272
590617497;34273
590634171;34274
590650844;34275
590667518;34276
590684192;34277
590700866;34278
590717539;34279
590734213;34280
590750887;34281
590767560;34282
590784234;34283
590800908;34284
590817581;34285
590834255;34286
590850929;34287
590867603;34288
590884276;34289
590900950;34290
590934297;34291
590950971;34292
590967645;34293
590984318;34294
591000992;34295
591017666;34296
591034340;34297
591051013;34298
591067687;34299
591084361;34300
591101035;34301
591117708;34302
591134382;34303
591151056;34304
591167729;34305
591184403;34306
591201077;34307
591217750;34308
591234424;34309
591251098;34310
591267771;34311
591284445;34312
591301119;34313
591317793;34314
591334466;34315
591351140;34316
591367814;34317
591384487;34318
591401161;34319
591434509;34320
591451182;34321
591467856;34322
591484530;34323
591501203;34324
591517877;34325
591534551;34326
591551224;34327
591567898;34328
591584572;34329
591601246;34330
591617919;34331
591634593;34332
591651267;34333
591667940;34334
591684614;34335
591701288;34336
591717961;34337
591734635;34338
591751309;34339
591767983;34340
591784656;34341
591801330;34342
591818004;34343
591834677;34344
591851351;34345
591868025;34346
591884699;34347
591901372;34348
591934720;34349
591951393;34350
591968067;34351
591984741;34352
592001415;34353
592018088;34354
592034762;34355
592051436;34356
592068109;34357
592084783;34358
592101457;34359
592118130;34360
592134804;34361
592151478;34362
592168152;34363
592184825;34364
592201499;34365
592218173;34366
592234846;34367
592251520;34368
592268194;34369
592284867;34370
592301541;34371
592318215;34372
592334889;34373
592351562;34374
592368236;34375
592384910;34376
592401583;34377
592434931;34378
592451605;34379
592468278;34380
592484952;34381
592501626;34382
592518299;34383
592534973;34384
592551647;34385
592568320;34386
592584994;34387
592601668;34388
592618342;34389
592635015;34390
592651689;34391
592668363;34392
592685036;34393
592701710;34394
592718384;34395
592735057;34396
592751731;34397
592768405;34398
592785079;34399
592801752;34400
592818426;34401
592835100;34402
592851773;34403
592868447;34404
592885121;34405
592901795;34406
592935142;34407
592951816;34408
592968489;34409
592985163;34410
593001837;34411
593018511;34412
593035184;34413
593051858;34414
593068532;34415
593085205;34416
593101879;34417
593118553;34418
593135226;34419
593151900;34420
593168574;34421
593185248;34422
593201921;34423
593218595;34424
593235269;34425
593251942;34426
593268616;34427
593285290;34428
593301964;34429
593318637;34430
593335311;34431
593351985;34432
593368658;34433
593385332;34434
593402006;34435
593435353;34436
593452027;34437
593468701;34438
593485374;34439
593502048;34440
593518722;34441
593535395;34442
593552069;34443
593568743;34444
593585417;34445
593602090;34446
593618764;34447
593635438;34448
593652111;34449
593668785;34450
593685459;34451
593702132;34452
593718806;34453
593735480;34454
593752154;34455
593768827;34456
593785501;34457
593802175;34458
593818848;34459
593835522;34460
593852196;34461
593868870;34462
593885543;34463
593902217;34464
593935564;34465
593952238;34466
593968912;34467
593985586;34468
594002259;34469
594018933;34470
594035607;34471
594052280;34472
594068954;34473
594085628;34474
594102302;34475
594118975;34476
594135649;34477
594152323;34478
594168996;34479
594185670;34480
594202344;34481
594219018;34482
594235691;34483
594252365;34484
594269039;34485
594285712;34486
594302386;34487
594319060;34488
594335734;34489
594352407;34490
594369081;34491
594385755;34492
594402428;34493
594435776;34494
594452449;34495
594469123;34496
594485797;34497
594502471;34498
594519144;34499
594535818;34500
594552492;34501
594569165;34502
594585839;34503
594602513;34504
594619187;34505
594635860;34506
594652534;34507
594669208;34508
594685881;34509
594702555;34510
594719229;34511
594735903;34512
594752576;34513
594769250;34514
594785924;34515
594802597;34516
594819271;34517
594835945;34518
594852619;34519
594869292;34520
594885966;34521
594902640;34522
594935987;34523
594952661;34524
594969335;34525
594986008;34526
595002682;34527
595019356;34528
595036029;34529
595052703;34530
595069377;34531
595086051;34532
595102724;34533
595119398;34534
595136072;34535
595152745;34536
595169419;34537
595186093;34538
595202766;34539
595219440;34540
595236114;34541
595252788;34542
595269461;34543
595286135;34544
595302809;34545
595319482;34546
595336156;34547
595352830;34548
595369504;34549
595386177;34550
595402851;34551
595436198;34552
595452872;34553
595469546;34554
595486220;34555
595502893;34556
595519567;34557
595536241;34558
595552915;34559
595569588;34560
595586262;34561
595602936;34562
595619609;34563
595636283;34564
595652957;34565
595669630;34566
595686304;34567
595702978;34568
595719652;34569
595736325;34570
595752999;34571
595769673;34572
595786347;34573
595803020;34574
595819694;34575
595836368;34576
595853041;34577
595869715;34578
595886389;34579
595903063;34580
595936410;34581
595953084;34582
595969757;34583
595986431;34584
596003105;34585
596019778;34586
596036452;34587
596053126;34588
596069800;34589
596086473;34590
596103147;34591
596119821;34592
596136495;34593
596153168;34594
596169842;34595
596186516;34596
596203189;34597
596219863;34598
596236537;34599
596253211;34600
596269884;34601
596286558;34602
596303232;34603
596319905;34604
596336579;34605
596353253;34606
596369927;34607
596386600;34608
596403274;34609
596419948;34610
596453295;34611
596469969;34612
596486643;34613
596503316;34614
596519990;34615
596536664;34616
596553337;34617
596570011;34618
596586685;34619
596603359;34620
596620032;34621
596636706;34622
596653380;34623
596670053;34624
596686727;34625
596703401;34626
596720075;34627
596736748;34628
596753422;34629
596770096;34630
596786769;34631
596803443;34632
596820117;34633
596836791;34634
596853464;34635
596870138;34636
596886812;34637
596903485;34638
596920159;34639
596953507;34640
596970180;34641
596986854;34642
597003528;34643
597020201;34644
597036875;34645
597053549;34646
597070223;34647
597086896;34648
597103570;34649
597120244;34650
597136918;34651
597153591;34652
597170265;34653
597186939;34654
597203612;34655
597220286;34656
597236960;34657
597253634;34658
597270307;34659
597286981;34660
597303655;34661
597320328;34662
597337002;34663
597353676;34664
597370350;34665
597387023;34666
597403697;34667
597420371;34668
597453718;34669
597470392;34670
597487066;34671
597503739;34672
597520413;34673
597537087;34674
597553760;34675
597570434;34676
597587108;34677
597603782;34678
597620455;34679
597637129;34680
597653803;34681
597670477;34682
597687150;34683
597703824;34684
597720498;34685
597737171;34686
597753845;34687
597770519;34688
597787193;34689
597803866;34690
597820540;34691
597837214;34692
597853887;34693
597870561;34694
597887235;34695
597903909;34696
597920582;34697
597953930;34698
597970603;34699
597987277;34700
598003951;34701
598020625;34702
598037298;34703
598053972;34704
598070646;34705
598087319;34706
598103993;34707
598120667;34708
598137341;34709
598154014;34710
598170688;34711
598187362;34712
598204036;34713
598220709;34714
598237383;34715
598254057;34716
598270730;34717
598287404;34718
598304078;34719
598320752;34720
598337425;34721
598354099;34722
598370773;34723
598387446;34724
598404120;34725
598420794;34726
598454141;34727
598470815;34728
598487489;34729
598504163;34730
598520836;34731
598537510;34732
598554184;34733
598570857;34734
598587531;34735
598604205;34736
598620878;34737
598637552;34738
598654226;34739
598670900;34740
598687573;34741
598704247;34742
598720921;34743
598737595;34744
598754268;34745
598770942;34746
598787616;34747
598804289;34748
598820963;34749
598837637;34750
598854311;34751
598870984;34752
598887658;34753
598904332;34754
598921005;34755
598954353;34756
598971027;34757
598987700;34758
599004374;34759
599021048;34760
599037722;34761
599054395;34762
599071069;34763
599087743;34764
599104416;34765
599121090;34766
599137764;34767
599154438;34768
599171111;34769
599187785;34770
599204459;34771
599221132;34772
599237806;34773
599254480;34774
599271154;34775
599287827;34776
599304501;34777
599321175;34778
599337848;34779
599354522;34780
599371196;34781
599387870;34782
599404543;34783
599421217;34784
599454565;34785
599471238;34786
599487912;34787
599504586;34788
599521259;34789
599537933;34790
599554607;34791
599571281;34792
599587954;34793
599604628;34794
599621302;34795
599637976;34796
599654649;34797
599671323;34798
599687997;34799
599704670;34800
599721344;34801
599738018;34802
599754692;34803
599771365;34804
599788039;34805
599804713;34806
599821386;34807
599838060;34808
599854734;34809
599871408;34810
599888081;34811
599904755;34812
599921429;34813
599954776;34814
599971450;34815
599988124;34816
600004797;34817
600021471;34818
600038145;34819
600054819;34820
600071492;34821
600088166;34822
600104840;34823
600121514;34824
600138187;34825
600154861;34826
600171535;34827
600188208;34828
600204882;34829
600221556;34830
600238230;34831
600254903;34832
600271577;34833
600288251;34834
600304924;34835
600321598;34836
600338272;34837
600354946;34838
600371619;34839
600388293;34840
600404967;34841
600421641;34842
600454988;34843
600471662;34844
600488335;34845
600505009;34846
600521683;34847
600538356;34848
600555030;34849
600571704;34850
600588378;34851
600605051;34852
600621725;34853
600638399;34854
600655073;34855
600671746;34856
600688420;34857
600705094;34858
600721768;34859
600738441;34860
600755115;34861
600771789;34862
600788462;34863
600805136;34864
600821810;34865
600838484;34866
600855157;34867
600871831;34868
600888505;34869
600905178;34870
600921852;34871
600955200;34872
600971873;34873
600988547;34874
601005221;34875
601021895;34876
601038568;34877
601055242;34878
601071916;34879
601088589;34880
601105263;34881
601121937;34882
601138611;34883
601155284;34884
601171958;34885
601188632;34886
601205306;34887
601221979;34888
601238653;34889
601255327;34890
601272000;34891
601288674;34892
601305348;34893
601322021;34894
601338695;34895
601355369;34896
601372043;34897
601388716;34898
601405390;34899
601422064;34900
601455411;34901
601472085;34902
601488759;34903
601505433;34904
601522106;34905
601538780;34906
601555454;34907
601572127;34908
601588801;34909
601605475;34910
601622149;34911
601638822;34912
601655496;34913
601672170;34914
601688844;34915
601705517;34916
601722191;34917
601738865;34918
601755538;34919
601772212;34920
601788886;34921
601805560;34922
601822233;34923
601838907;34924
601855581;34925
601872254;34926
601888928;34927
601905602;34928
601922276;34929
601955623;34930
601972297;34931
601988971;34932
602005644;34933
602022318;34934
602038992;34935
602055665;34936
602072339;34937
602089013;34938
602105687;34939
602122360;34940
602139034;34941
602155708;34942
602172381;34943
602189055;34944
602205729;34945
602222403;34946
602239076;34947
602255750;34948
602272424;34949
602289098;34950
602305771;34951
602322445;34952
602339119;34953
602355792;34954
602372466;34955
602389140;34956
602405814;34957
602422487;34958
602455835;34959
602472509;34960
602489182;34961
602505856;34962
602522530;34963
602539204;34964
602555877;34965
602572551;34966
602589225;34967
602605898;34968
602622572;34969
602639246;34970
602655920;34971
602672593;34972
602689267;34973
602705941;34974
602722614;34975
602739288;34976
602755962;34977
602772636;34978
602789309;34979
602805983;34980
602822657;34981
602839331;34982
602856004;34983
602872678;34984
602889352;34985
602906025;34986
602922699;34987
602956047;34988
602972720;34989
602989394;34990
603006068;34991
603022741;34992
603039415;34993
603056089;34994
603072763;34995
603089436;34996
603106110;34997
603122784;34998
603139458;34999
603156131;35000
603172805;35001
603189479;35002
603206153;35003
603222826;35004
603239500;35005
603256174;35006
603272847;35007
603289521;35008
603306195;35009
603322869;35010
603339542;35011
603356216;35012
603372890;35013
603389563;35014
603406237;35015
603422911;35016
603456258;35017
603472932;35018
603489606;35019
603506280;35020
603522953;35021
603539627;35022
603556301;35023
603572975;35024
603589648;35025
603606322;35026
603622996;35027
603639669;35028
603656343;35029
603673017;35030
603689691;35031
603706364;35032
603723038;35033
603739712;35034
603756385;35035
603773059;35036
603789733;35037
603806407;35038
603823080;35039
603839754;35040
603856428;35041
603873102;35042
603889775;35043
603906449;35044
603923123;35045
603956470;35046
603973144;35047
603989818;35048
604006491;35049
604023165;35050
604039839;35051
604056513;35052
604073186;35053
604089860;35054
604106534;35055
604123207;35056
604139881;35057
604156555;35058
604173229;35059
604189902;35060
604206576;35061
604223250;35062
604239923;35063
604256597;35064
604273271;35065
604289945;35066
604306618;35067
604323292;35068
604339966;35069
604356640;35070
604373313;35071
604389987;35072
604406661;35073
604423335;35074
604456682;35075
604473356;35076
604490029;35077
604506703;35078
604523377;35079
604540051;35080
604556724;35081
604573398;35082
604590072;35083
604606745;35084
604623419;35085
604640093;35086
604656767;35087
604673440;35088
604690114;35089
604706788;35090
604723462;35091
604740135;35092
604756809;35093
604773483;35094
604790156;35095
604806830;35096
604823504;35097
604840178;35098
604856851;35099
604873525;35100
604890199;35101
604906873;35102
604923546;35103
604956894;35104
604973567;35105
604990241;35106
605006915;35107
605023589;35108
605040262;35109
605056936;35110
605073610;35111
605090284;35112
605106957;35113
605123631;35114
605140305;35115
605156978;35116
605173652;35117
605190326;35118
605207000;35119
605223673;35120
605240347;35121
605257021;35122
605273694;35123
605290368;35124
605307042;35125
605323716;35126
605340389;35127
605357063;35128
605373737;35129
605390411;35130
605407084;35131
605423758;35132
605457105;35133
605473779;35134
605490453;35135
605507127;35136
605523800;35137
605540474;35138
605557148;35139
605573822;35140
605590495;35141
605607169;35142
605623843;35143
605640517;35144
605657190;35145
605673864;35146
605690538;35147
605707211;35148
605723885;35149
605740559;35150
605757233;35151
605773906;35152
605790580;35153
605807254;35154
605823927;35155
605840601;35156
605857275;35157
605873949;35158
605890622;35159
605907296;35160
605923970;35161
605957317;35162
605973991;35163
605990665;35164
606007338;35165
606024012;35166
606040686;35167
606057360;35168
606074033;35169
606090707;35170
606107381;35171
606124055;35172
606140728;35173
606157402;35174
606174076;35175
606190750;35176
606207423;35177
606224097;35178
606240771;35179
606257444;35180
606274118;35181
606290792;35182
606307466;35183
606324139;35184
606340813;35185
606357487;35186
606374160;35187
606390834;35188
606407508;35189
606424182;35190
606457529;35191
606474203;35192
606490877;35193
606507550;35194
606524224;35195
606540898;35196
606557572;35197
606574245;35198
606590919;35199
606607593;35200
606624266;35201
606640940;35202
606657614;35203
606674288;35204
606690961;35205
606707635;35206
606724309;35207
606740982;35208
606757656;35209
606774330;35210
606791004;35211
606807677;35212
606824351;35213
606841025;35214
606857699;35215
606874372;35216
606891046;35217
606907720;35218
606924394;35219
606957741;35220
606974415;35221
606991088;35222
607007762;35223
607024436;35224
607041110;35225
607057783;35226
607074457;35227
607091131;35228
607107804;35229
607124478;35230
607141152;35231
607157826;35232
607174499;35233
607191173;35234
607207847;35235
607224520;35236
607241194;35237
607257868;35238
607274542;35239
607291215;35240
607307889;35241
607324563;35242
607341237;35243
607357910;35244
607374584;35245
607391258;35246
607407932;35247
607424605;35248
607457953;35249
607474626;35250
607491300;35251
607507974;35252
607524648;35253
607541321;35254
607557995;35255
607574669;35256
607591343;35257
607608016;35258
607624690;35259
607641364;35260
607658037;35261
607674711;35262
607691385;35263
607708059;35264
607724732;35265
607741406;35266
607758080;35267
607774753;35268
607791427;35269
607808101;35270
607824775;35271
607841448;35272
607858122;35273
607874796;35274
607891469;35275
607908143;35276
607924817;35277
607958164;35278
607974838;35279
607991512;35280
608008186;35281
608024859;35282
608041533;35283
608058207;35284
608074880;35285
608091554;35286
608108228;35287
608124902;35288
608141575;35289
608158249;35290
608174923;35291
608191597;35292
608208270;35293
608224944;35294
608241618;35295
608258292;35296
608274965;35297
608291639;35298
608308313;35299
608324986;35300
608341660;35301
608358334;35302
608375008;35303
608391681;35304
608408355;35305
608425029;35306
608458376;35307
608475050;35308
608491724;35309
608508397;35310
608525071;35311
608541745;35312
608558419;35313
608575092;35314
608591766;35315
608608440;35316
608625113;35317
608641787;35318
608658461;35319
608675135;35320
608691808;35321
608708482;35322
608725156;35323
608741830;35324
608758503;35325
608775177;35326
608791851;35327
608808524;35328
608825198;35329
608841872;35330
608858546;35331
608875219;35332
608891893;35333
608908567;35334
608925241;35335
608958588;35336
608975262;35337
608991935;35338
609008609;35339
609025283;35340
609041957;35341
609058630;35342
609075304;35343
609091978;35344
609108652;35345
609125325;35346
609141999;35347
609158673;35348
609175346;35349
609192020;35350
609208694;35351
609225368;35352
609242041;35353
609258715;35354
609275389;35355
609292063;35356
609308736;35357
609325410;35358
609342084;35359
609358757;35360
609375431;35361
609392105;35362
609408779;35363
609425452;35364
609458800;35365
609475473;35366
609492147;35367
609508821;35368
609525495;35369
609542168;35370
609558842;35371
609575516;35372
609592190;35373
609608863;35374
609625537;35375
609642211;35376
609658884;35377
609675558;35378
609692232;35379
609708906;35380
609725579;35381
609742253;35382
609758927;35383
609775601;35384
609792274;35385
609808948;35386
609825622;35387
609842295;35388
609858969;35389
609875643;35390
609892317;35391
609908990;35392
609925664;35393
609959011;35394
609975685;35395
609992359;35396
610009033;35397
610025706;35398
610042380;35399
610059054;35400
610075728;35401
610092401;35402
610109075;35403
610125749;35404
610142422;35405
610159096;35406
610175770;35407
610192444;35408
610209117;35409
610225791;35410
610242465;35411
610259138;35412
610275812;35413
610292486;35414
610309160;35415
610325833;35416
610342507;35417
610359181;35418
610375855;35419
610392528;35420
610409202;35421
610425876;35422
610459223;35423
610475897;35424
610492571;35425
610509244;35426
610525918;35427
610542592;35428
610559266;35429
610575939;35430
610592613;35431
610609287;35432
610625960;35433
610642634;35434
610659308;35435
610675982;35436
610692655;35437
610709329;35438
610726003;35439
610742676;35440
610759350;35441
610776024;35442
610792698;35443
610809371;35444
610826045;35445
610842719;35446
610859393;35447
610876066;35448
610892740;35449
610909414;35450
610926087;35451
610959435;35452
610976109;35453
610992782;35454
611009456;35455
611026130;35456
611042804;35457
611059477;35458
611076151;35459
611092825;35460
611109498;35461
611126172;35462
611142846;35463
611159520;35464
611176193;35465
611192867;35466
611209541;35467
611226215;35468
611242888;35469
611259562;35470
611276236;35471
611292909;35472
611309583;35473
611326257;35474
611342931;35475
611359604;35476
611376278;35477
611392952;35478
611409625;35479
611426299;35480
611459647;35481
611476320;35482
611492994;35483
611509668;35484
611526341;35485
611543015;35486
611559689;35487
611576363;35488
611593036;35489
611609710;35490
611626384;35491
611643057;35492
611659731;35493
611676405;35494
611693079;35495
611709752;35496
611726426;35497
611743100;35498
611759774;35499
611776447;35500
611793121;35501
611809795;35502
611826469;35503
611843142;35504
611859816;35505
611876490;35506
611893163;35507
611909837;35508
611926511;35509
611959858;35510
611976532;35511
611993206;35512
612009879;35513
612026553;35514
612043227;35515
612059901;35516
612076574;35517
612093248;35518
612109922;35519
612126595;35520
612143269;35521
612159943;35522
612176617;35523
612193290;35524
612209964;35525
612226638;35526
612243312;35527
612259985;35528
612276659;35529
612293333;35530
612310006;35531
612326680;35532
612343354;35533
612360028;35534
612376701;35535
612393375;35536
612410049;35537
612426723;35538
612460070;35539
612476744;35540
612493417;35541
612510091;35542
612526765;35543
612543438;35544
612560112;35545
612576786;35546
612593460;35547
612610133;35548
612626807;35549
612643481;35550
612660154;35551
612676828;35552
612693502;35553
612710176;35554
612726849;35555
612743523;35556
612760197;35557
612776871;35558
612793544;35559
612810218;35560
612826892;35561
612843565;35562
612860239;35563
612876913;35564
612893587;35565
612910260;35566
612926934;35567
612960281;35568
612976955;35569
612993629;35570
613010303;35571
613026976;35572
613043650;35573
613060324;35574
613076997;35575
613093671;35576
613110345;35577
613127019;35578
613143692;35579
613160366;35580
613177040;35581
613193714;35582
613210387;35583
613227061;35584
613243735;35585
613260408;35586
613277082;35587
613293756;35588
613310430;35589
613327103;35590
613343777;35591
613360451;35592
613377124;35593
613393798;35594
613410472;35595
613427146;35596
613460493;35597
613477167;35598
613493840;35599
613510514;35600
613527188;35601
613543862;35602
613560535;35603
613577209;35604
613593883;35605
613610557;35606
613627230;35607
613643904;35608
613660578;35609
613677251;35610
613693925;35611
613710599;35612
613727272;35613
613743946;35614
613760620;35615
613777294;35616
613793967;35617
613810641;35618
613827315;35619
613843989;35620
613860662;35621
613877336;35622
613894010;35623
613910683;35624
613927357;35625
613960705;35626
613977378;35627
613994052;35628
614010726;35629
614027399;35630
614044073;35631
614060747;35632
614077421;35633
614094094;35634
614110768;35635
614127442;35636
614144115;35637
614160789;35638
614177463;35639
614194137;35640
614210810;35641
614227484;35642
614244158;35643
614260831;35644
614277505;35645
614294179;35646
614310853;35647
614327526;35648
614344200;35649
614360874;35650
614377547;35651
614394221;35652
614410895;35653
614427569;35654
614460916;35655
614477590;35656
614494263;35657
614510937;35658
614527611;35659
614544285;35660
614560958;35661
614577632;35662
614594306;35663
614610979;35664
614627653;35665
614644327;35666
614661001;35667
614677674;35668
614694348;35669
614711022;35670
614727696;35671
614744369;35672
614761043;35673
614777717;35674
614794390;35675
614811064;35676
614827738;35677
614844411;35678
614861085;35679
614877759;35680
614894433;35681
614911106;35682
614927780;35683
614961127;35684
614977801;35685
614994475;35686
615011149;35687
615027822;35688
615044496;35689
615061170;35690
615077844;35691
615094517;35692
615111191;35693
615127865;35694
615144538;35695
615161212;35696
615177886;35697
615194560;35698
615211233;35699
615227907;35700
615244581;35701
615261254;35702
615277928;35703
615294602;35704
615311276;35705
615327949;35706
615344623;35707
615361297;35708
615377970;35709
615394644;35710
615411318;35711
615427992;35712
615461339;35713
615478013;35714
615494686;35715
615511360;35716
615528034;35717
615544708;35718
615561381;35719
615578055;35720
615594729;35721
615611402;35722
615628076;35723
615644750;35724
615661423;35725
615678097;35726
615694771;35727
615711445;35728
615728118;35729
615744792;35730
615761466;35731
615778139;35732
615794813;35733
615811487;35734
615828161;35735
615844834;35736
615861508;35737
615878182;35738
615894855;35739
615911529;35740
615928203;35741
615961550;35742
615978224;35743
615994898;35744
616011572;35745
616028245;35746
616044919;35747
616061593;35748
616078266;35749
616094940;35750
616111614;35751
616128288;35752
616144961;35753
616161635;35754
616178309;35755
616194982;35756
616211656;35757
616228330;35758
616245004;35759
616261677;35760
616278351;35761
616295025;35762
616311698;35763
616328372;35764
616345046;35765
616361719;35766
616378393;35767
616395067;35768
616411741;35769
616428414;35770
616461762;35771
616478436;35772
616495109;35773
616511783;35774
616528457;35775
616545130;35776
616561804;35777
616578478;35778
616595151;35779
616611825;35780
616628499;35781
616645173;35782
616661846;35783
616678520;35784
616695194;35785
616711867;35786
616728541;35787
616745215;35788
616761889;35789
616778562;35790
616795236;35791
616811910;35792
616828583;35793
616845257;35794
616861931;35795
616878605;35796
616895278;35797
616911952;35798
616928626;35799
616961973;35800
616978647;35801
616995320;35802
617011994;35803
617028668;35804
617045342;35805
617062015;35806
617078689;35807
617095363;35808
617112036;35809
617128710;35810
617145384;35811
617162058;35812
617178731;35813
617195405;35814
617212079;35815
617228753;35816
617245426;35817
617262100;35818
617278774;35819
617295447;35820
617312121;35821
617328795;35822
617345468;35823
617362142;35824
617378816;35825
617395490;35826
617412163;35827
617428837;35828
617462184;35829
617478858;35830
617495532;35831
617512206;35832
617528879;35833
617545553;35834
617562227;35835
617578900;35836
617595574;35837
617612248;35838
617628922;35839
617645595;35840
617662269;35841
617678943;35842
617695616;35843
617712290;35844
617728964;35845
617745638;35846
617762311;35847
617778985;35848
617795659;35849
617812332;35850
617829006;35851
617845680;35852
617862353;35853
617879027;35854
617895701;35855
617912375;35856
617929048;35857
617962396;35858
617979069;35859
617995743;35860
618012417;35861
618029091;35862
618045764;35863
618062438;35864
618079112;35865
618095785;35866
618112459;35867
618129133;35868
618145806;35869
618162480;35870
618179154;35871
618195828;35872
618212501;35873
618229175;35874
618245849;35875
618262523;35876
618279196;35877
618295870;35878
618312544;35879
618329217;35880
618345891;35881
618362565;35882
618379238;35883
618395912;35884
618412586;35885
618429260;35886
618462607;35887
618479281;35888
618495954;35889
618512628;35890
618529302;35891
618545976;35892
618562649;35893
618579323;35894
618595997;35895
618612670;35896
618629344;35897
618646018;35898
618662692;35899
618679365;35900
618696039;35901
618712713;35902
618729386;35903
618746060;35904
618762734;35905
618779407;35906
618796081;35907
618812755;35908
618829429;35909
618846102;35910
618862776;35911
618879450;35912
618896123;35913
618912797;35914
618929471;35915
618962818;35916
618979492;35917
618996166;35918
619012839;35919
619029513;35920
619046187;35921
619062860;35922
619079534;35923
619096208;35924
619112882;35925
619129555;35926
619146229;35927
619162903;35928
619179576;35929
619196250;35930
619212924;35931
619229598;35932
619246271;35933
619262945;35934
619279619;35935
619296292;35936
619312966;35937
619329640;35938
619346314;35939
619362987;35940
619379661;35941
619396335;35942
619413008;35943
619429682;35944
619463029;35945
619479703;35946
619496377;35947
619513051;35948
619529724;35949
619546398;35950
619563072;35951
619579745;35952
619596419;35953
619613093;35954
619629766;35955
619646440;35956
619663114;35957
619679788;35958
619696461;35959
619713135;35960
619729809;35961
619746482;35962
619763156;35963
619779830;35964
619796504;35965
619813177;35966
619829851;35967
619846525;35968
619863198;35969
619879872;35970
619896546;35971
619913220;35972
619929893;35973
619963241;35974
619979914;35975
619996588;35976
620013262;35977
620029935;35978
620046609;35979
620063283;35980
620079957;35981
620096630;35982
620113304;35983
620129978;35984
620146651;35985
620163325;35986
620179999;35987
620196672;35988
620213346;35989
620230020;35990
620246694;35991
620263367;35992
620280041;35993
620296715;35994
620313388;35995
620330062;35996
620346736;35997
620363409;35998
620380083;35999
620396757;36000
620413431;36001
620430104;36002
620463452;36003
620480125;36004
620496799;36005
620513473;36006
620530147;36007
620546820;36008
620563494;36009
620580168;36010
620596841;36011
620613515;36012
620630189;36013
620646862;36014
620663536;36015
620680210;36016
620696883;36017
620713557;36018
620730231;36019
620746905;36020
620763578;36021
620780252;36022
620796926;36023
620813599;36024
620830273;36025
620846947;36026
620863621;36027
620880294;36028
620896968;36029
620913642;36030
620930315;36031
620963663;36032
620980336;36033
620997010;36034
621013684;36035
621030358;36036
621047031;36037
621063705;36038
621080379;36039
621097052;36040
621113726;36041
621130400;36042
621147074;36043
621163747;36044
621180421;36045
621197095;36046
621213768;36047
621230442;36048
621247116;36049
621263789;36050
621280463;36051
621297137;36052
621313811;36053
621330484;36054
621347158;36055
621363832;36056
621380505;36057
621397179;36058
621413853;36059
621430527;36060
621463874;36061
621480548;36062
621497221;36063
621513895;36064
621530569;36065
621547242;36066
621563916;36067
621580590;36068
621597263;36069
621613937;36070
621630611;36071
621647285;36072
621663958;36073
621680632;36074
621697306;36075
621713979;36076
621730653;36077
621747327;36078
621764001;36079
621780674;36080
621797348;36081
621814022;36082
621830695;36083
621847369;36084
621864043;36085
621880716;36086
621897390;36087
621914064;36088
621930737;36089
621964085;36090
621980759;36091
621997432;36092
622014106;36093
622030780;36094
622047453;36095
622064127;36096
622080801;36097
622097474;36098
622114148;36099
622130822;36100
622147496;36101
622164169;36102
622180843;36103
622197517;36104
622214190;36105
622230864;36106
622247538;36107
622264211;36108
622280885;36109
622297559;36110
622314233;36111
622330906;36112
622347580;36113
622364254;36114
622380927;36115
622397601;36116
622414275;36117
622430949;36118
622464296;36119
622480970;36120
622497643;36121
622514317;36122
622530991;36123
622547664;36124
622564338;36125
622581012;36126
622597685;36127
622614359;36128
622631033;36129
622647707;36130
622664380;36131
622681054;36132
622697728;36133
622714401;36134
622731075;36135
622747749;36136
622764423;36137
622781096;36138
622797770;36139
622814444;36140
622831117;36141
622847791;36142
622864465;36143
622881138;36144
622897812;36145
622914486;36146
622931159;36147
622964507;36148
622981181;36149
622997854;36150
623014528;36151
623031202;36152
623047875;36153
623064549;36154
623081223;36155
623097896;36156
623114570;36157
623131244;36158
623147918;36159
623164591;36160
623181265;36161
623197939;36162
623214612;36163
623231286;36164
623247960;36165
623264633;36166
623281307;36167
623297981;36168
623314655;36169
623331328;36170
623348002;36171
623364676;36172
623381349;36173
623398023;36174
623414697;36175
623431370;36176
623464718;36177
623481392;36178
623498065;36179
623514739;36180
623531413;36181
623548086;36182
623564760;36183
623581434;36184
623598107;36185
623614781;36186
623631455;36187
623648128;36188
623664802;36189
623681476;36190
623698150;36191
623714823;36192
623731497;36193
623748171;36194
623764844;36195
623781518;36196
623798192;36197
623814865;36198
623831539;36199
623848213;36200
623864887;36201
623881560;36202
623898234;36203
623914908;36204
623931581;36205
623964929;36206
623981602;36207
623998276;36208
624014950;36209
624031623;36210
624048297;36211
624064971;36212
624081645;36213
624098318;36214
624114992;36215
624131666;36216
624148339;36217
624165013;36218
624181687;36219
624198360;36220
624215034;36221
624231708;36222
624248382;36223
624265055;36224
624281729;36225
624298403;36226
624315076;36227
624331750;36228
624348424;36229
624365097;36230
624381771;36231
624398445;36232
624415119;36233
624431792;36234
624465140;36235
624481813;36236
624498487;36237
624515161;36238
624531834;36239
624548508;36240
624565182;36241
624581855;36242
624598529;36243
624615203;36244
624631877;36245
624648550;36246
624665224;36247
624681898;36248
624698571;36249
624715245;36250
624731919;36251
624748592;36252
624765266;36253
624781940;36254
624798614;36255
624815287;36256
624831961;36257
624848635;36258
624865308;36259
624881982;36260
624898656;36261
624915329;36262
624932003;36263
624965350;36264
624982024;36265
624998698;36266
625015372;36267
625032045;36268
625048719;36269
625065393;36270
625082066;36271
625098740;36272
625115414;36273
625132087;36274
625148761;36275
625165435;36276
625182108;36277
625198782;36278
625215456;36279
625232130;36280
625248803;36281
625265477;36282
625282151;36283
625298824;36284
625315498;36285
625332172;36286
625348845;36287
625365519;36288
625382193;36289
625398866;36290
625415540;36291
625432214;36292
625465561;36293
625482235;36294
625498909;36295
625515582;36296
625532256;36297
625548930;36298
625565603;36299
625582277;36300
625598951;36301
625615625;36302
625632298;36303
625648972;36304
625665646;36305
625682319;36306
625698993;36307
625715667;36308
625732340;36309
625749014;36310
625765688;36311
625782361;36312
625799035;36313
625815709;36314
625832382;36315
625849056;36316
625865730;36317
625882404;36318
625899077;36319
625915751;36320
625932425;36321
625965772;36322
625982446;36323
625999119;36324
626015793;36325
626032467;36326
626049141;36327
626065814;36328
626082488;36329
626099162;36330
626115835;36331
626132509;36332
626149183;36333
626165856;36334
626182530;36335
626199204;36336
626215877;36337
626232551;36338
626249225;36339
626265898;36340
626282572;36341
626299246;36342
626315920;36343
626332593;36344
626349267;36345
626365941;36346
626382614;36347
626399288;36348
626415962;36349
626432635;36350
626465983;36351
626482657;36352
626499330;36353
626516004;36354
626532678;36355
626549351;36356
626566025;36357
626582699;36358
626599372;36359
626616046;36360
626632720;36361
626649393;36362
626666067;36363
626682741;36364
626699414;36365
626716088;36366
626732762;36367
626749435;36368
626766109;36369
626782783;36370
626799457;36371
626816130;36372
626832804;36373
626849478;36374
626866151;36375
626882825;36376
626899499;36377
626916173;36378
626932846;36379
626966193;36380
626982867;36381
626999541;36382
627016215;36383
627032888;36384
627049562;36385
627066236;36386
627082909;36387
627099583;36388
627116257;36389
627132930;36390
627149604;36391
627166278;36392
627182951;36393
627199625;36394
627216299;36395
627232973;36396
627249646;36397
627266320;36398
627282994;36399
627299667;36400
627316341;36401
627333015;36402
627349688;36403
627366362;36404
627383036;36405
627399709;36406
627416383;36407
627433057;36408
627466404;36409
627483078;36410
627499752;36411
627516425;36412
627533099;36413
627549773;36414
627566446;36415
627583120;36416
627599794;36417
627616467;36418
627633141;36419
627649815;36420
627666489;36421
627683162;36422
627699836;36423
627716510;36424
627733183;36425
627749857;36426
627766531;36427
627783204;36428
627799878;36429
627816552;36430
627833225;36431
627849899;36432
627866573;36433
627883246;36434
627899920;36435
627916594;36436
627933268;36437
627966615;36438
627983289;36439
627999962;36440
628016636;36441
628033310;36442
628049983;36443
628066657;36444
628083331;36445
628100004;36446
628116678;36447
628133352;36448
628150025;36449
628166699;36450
628183373;36451
628200047;36452
628216720;36453
628233394;36454
628250068;36455
628266741;36456
628283415;36457
628300089;36458
628316762;36459
628333436;36460
628350110;36461
628366783;36462
628383457;36463
628400131;36464
628416804;36465
628433478;36466
628466825;36467
628483499;36468
628500173;36469
628516847;36470
628533520;36471
628550194;36472
628566868;36473
628583541;36474
628600215;36475
628616889;36476
628633562;36477
628650236;36478
628666910;36479
628683583;36480
628700257;36481
628716931;36482
628733605;36483
628750278;36484
628766952;36485
628783626;36486
628800299;36487
628816973;36488
628833647;36489
628850320;36490
628866994;36491
628883668;36492
628900341;36493
628917015;36494
628933689;36495
628967036;36496
628983710;36497
629000384;36498
629017057;36499
629033731;36500
629050405;36501
629067078;36502
629083752;36503
629100426;36504
629117099;36505
629133773;36506
629150447;36507
629167120;36508
629183794;36509
629200468;36510
629217141;36511
629233815;36512
629250489;36513
629267163;36514
629283836;36515
629300510;36516
629317184;36517
629333857;36518
629350531;36519
629367205;36520
629383878;36521
629400552;36522
629417226;36523
629433899;36524
629467247;36525
629483921;36526
629500594;36527
629517268;36528
629533942;36529
629550615;36530
629567289;36531
629583963;36532
629600636;36533
629617310;36534
629633984;36535
629650657;36536
629667331;36537
629684005;36538
629700678;36539
629717352;36540
629734026;36541
629750699;36542
629767373;36543
629784047;36544
629800720;36545
629817394;36546
629834068;36547
629850741;36548
629867415;36549
629884089;36550
629900763;36551
629917436;36552
629934110;36553
629967457;36554
629984131;36555
630000805;36556
630017478;36557
630034152;36558
630050826;36559
630067499;36560
630084173;36561
630100847;36562
630117521;36563
630134194;36564
630150868;36565
630167542;36566
630184215;36567
630200889;36568
630217563;36569
630234236;36570
630250910;36571
630267584;36572
630284257;36573
630300931;36574
630317605;36575
630334278;36576
630350952;36577
630367626;36578
630384300;36579
630400973;36580
630417647;36581
630434320;36582
630467668;36583
630484342;36584
630501015;36585
630517689;36586
630534363;36587
630551036;36588
630567710;36589
630584384;36590
630601057;36591
630617731;36592
630634405;36593
630651078;36594
630667752;36595
630684426;36596
630701099;36597
630717773;36598
630734447;36599
630751121;36600
630767794;36601
630784468;36602
630801142;36603
630817815;36604
630834489;36605
630851163;36606
630867836;36607
630884510;36608
630901184;36609
630917857;36610
630934531;36611
630967878;36612
630984552;36613
631001226;36614
631017899;36615
631034573;36616
631051247;36617
631067921;36618
631084594;36619
631101268;36620
631117942;36621
631134615;36622
631151289;36623
631167963;36624
631184636;36625
631201310;36626
631217984;36627
631234657;36628
631251331;36629
631268005;36630
631284678;36631
631301352;36632
631318026;36633
631334699;36634
631351373;36635
631368047;36636
631384721;36637
631401394;36638
631418068;36639
631434742;36640
631468089;36641
631484763;36642
631501436;36643
631518110;36644
631534784;36645
631551457;36646
631568131;36647
631584805;36648
631601478;36649
631618152;36650
631634826;36651
631651499;36652
631668173;36653
631684847;36654
631701520;36655
631718194;36656
631734868;36657
631751541;36658
631768215;36659
631784889;36660
631801563;36661
631818236;36662
631834910;36663
631851584;36664
631868257;36665
631884931;36666
631901605;36667
631918278;36668
631934952;36669
631968299;36670
631984973;36671
632001647;36672
632018320;36673
632034994;36674
632051668;36675
632068341;36676
632085015;36677
632101689;36678
632118363;36679
632135036;36680
632151710;36681
632168384;36682
632185057;36683
632201731;36684
632218405;36685
632235078;36686
632251752;36687
632268426;36688
632285099;36689
632301773;36690
632318447;36691
632335120;36692
632351794;36693
632368468;36694
632385141;36695
632401815;36696
632418489;36697
632435162;36698
632468510;36699
632485184;36700
632501857;36701
632518531;36702
632535205;36703
632551878;36704
632568552;36705
632585226;36706
632601899;36707
632618573;36708
632635247;36709
632651920;36710
632668594;36711
632685268;36712
632701941;36713
632718615;36714
632735289;36715
632751962;36716
632768636;36717
632785310;36718
632801983;36719
632818657;36720
632835331;36721
632852004;36722
-1;-1
-1;-1
-1;-1
-1;-1
-1;-1
-1;-1
-1;-1
-1;-1
-1;-1
-1;-1
-1;-1
-1;-1
-1;-1
-1;-1
-1;-1
-1;-1
-1;-1
-1;-1
-1;-1
-1;-1
-1;-1
-1;-1
-1;-1
-1;-1
-1;-1
-1;-1
-1;-1
-1;-1
-1;-1
-1;-1
-1;-1
-1;-1
-1;-1
-1;-1
-1;-1
-1;-1
-1;-1
-1;-1
-1;-1
-1;-1
-1;-1
-1;-1
-1;-1
-1;-1
-1;-1
-1;-1
-1;-1
-1;-1
-1;-1
-1;-1
-1;-1
-1;-1
-1;-1
-1;-1
-1;-1
-1;-1
-1;-1
-1;-1
-1;-1
-1;-1
-1;-1
-1;-1
-1;-1
-1;-1
-1;-1
-1;-1
-1;-1
-1;-1
-1;-1
-1;-1
-1;-1
-1;-1
-1;-1
-1;-1
-1;-1
-1;-1
-1;-1
-1;-1
-1;-1
-1;-1
-1;-1
-1;-1
-1;-1
-1;-1
-1;-1
-1;-1
-1;-1
-1;-1
-1;-1
-1;-1
-1;-1
-1;-1
-1;-1
-1;-1
-1;-1
-1;-1
-1;-1
-1;-1
-1;-1
-1;-1
-1;-1
-1;-1
-1;-1
-1;-1
-1;-1
-1;-1
-1;-1
-1;-1
-1;-1
-1;-1
-1;-1
-1;-1
-1;-1
-1;-1
-1;-1
-1;-1
-1;-1
-1;-1
-1;-1
-1;-1
-1;-1
-1;-1
-1;-1
-1;-1
-1;-1
-1;-1
-1;-1
-1;-1
-1;-1
-1;-1
-1;-1
-1;-1
-1;-1
-1;-1
-1;-1
-1;-1
-1;-1
-1;-1
-1;-1
-1;-1
-1;-1
-1;-1
-1;-1
-1;-1
-1;-1
-1;-1
