559921267;32492
559937941;32493
559971288;32494
559987962;32495
560004636;32496
560021310;32497
560037983;32498
560054657;32499
560071331;32500
560088005;32501
560104679;32502
560121352;32503
560138026;32504
560154700;32505
560171374;32506
560188047;32507
560204721;32508
560221395;32509
560238069;32510
560254743;32511
560271416;32512
560288090;32513
560304764;32514
560321437;32515
560338111;32516
560354785;32517
560371459;32518
560388133;32519
560404806;32520
560421480;32521
560438154;32522
560471501;32523
560488175;32524
560504849;32525
560521523;32526
560538196;32527
560554870;32528
560571544;32529
560588218;32530
560604891;32531
560621565;32532
560638239;32533
560654913;32534
560671587;32535
560688260;32536
560704934;32537
560721608;32538
560738281;32539
560754955;32540
560771629;32541
560788303;32542
560804977;32543
560821650;32544
560838324;32545
560854998;32546
560871672;32547
560888345;32548
560905019;32549
560921693;32550
560938367;32551
560971714;32552
560988388;32553
561005062;32554
561021736;32555
561038409;32556
561055083;32557
561071757;32558
561088431;32559
561105104;32560
561121778;32561
561138452;32562
561155126;32563
561171799;32564
561188473;32565
561205147;32566
561221821;32567
561238494;32568
561255168;32569
561271842;32570
561288516;32571
561305189;32572
561321863;32573
561338537;32574
561355211;32575
561371884;32576
561388558;32577
561405232;32578
561421906;32579
561438580;32580
561471927;32581
561488601;32582
561505275;32583
561521948;32584
561538622;32585
561555296;32586
561571970;32587
561588643;32588
561605317;32589
561621991;32590
561638665;32591
561655338;32592
561672012;32593
561688686;32594
561705360;32595
561722033;32596
561738707;32597
561755381;32598
561772055;32599
561788728;32600
561805402;32601
561822076;32602
561838750;32603
561855423;32604
561872097;32605
561888771;32606
561905445;32607
561922118;32608
561938792;32609
561972140;32610
561988813;32611
562005487;32612
562022161;32613
562038835;32614
562055509;32615
562072182;32616
562088856;32617
562105530;32618
562122204;32619
562138877;32620
562155551;32621
562172225;32622
562188899;32623
562205572;32624
562222246;32625
562238920;32626
562255594;32627
562272267;32628
562288941;32629
562305615;32630
562322289;32631
562338962;32632
562355636;32633
562372310;32634
562388984;32635
562405657;32636
562422331;32637
562439005;32638
562472352;32639
562489026;32640
562505700;32641
562522374;32642
562539047;32643
562555721;32644
562572395;32645
562589069;32646
562605742;32647
562622416;32648
562639090;32649
562655764;32650
562672437;32651
562689111;32652
562705785;32653
562722459;32654
562739132;32655
562755806;32656
562772480;32657
562789154;32658
562805827;32659
562822501;32660
562839175;32661
562855849;32662
562872522;32663
562889196;32664
562905870;32665
562922544;32666
562939217;32667
562972565;32668
562989239;32669
563005912;32670
563022586;32671
563039260;32672
563055934;32673
563072607;32674
563089281;32675
563105955;32676
563122629;32677
563139302;32678
563155976;32679
563172650;32680
563189324;32681
563205997;32682
563222671;32683
563239345;32684
563256019;32685
563272692;32686
563289366;32687
563306040;32688
563322714;32689
563339387;32690
563356061;32691
563372735;32692
563389409;32693
563406082;32694
563422756;32695
563439430;32696
563472777;32697
563489451;32698
563506125;32699
563522799;32700
563539472;32701
563556146;32702
563572820;32703
563589494;32704
563606167;32705
563622841;32706
563639515;32707
563656189;32708
563672862;32709
563689536;32710
563706210;32711
563722884;32712
563739557;32713
563756231;32714
563772905;32715
563789579;32716
563806252;32717
563822926;32718
563839600;32719
563856274;32720
563872947;32721
563889621;32722
563906295;32723
563922969;32724
563939642;32725
563972990;32726
563989664;32727
564006337;32728
564023011;32729
564039685;32730
564056359;32731
564073032;32732
564089706;32733
564106380;32734
564123054;32735
564139727;32736
564156401;32737
564173075;32738
564189749;32739
564206422;32740
564223096;32741
564239770;32742
564256444;32743
564273117;32744
564289791;32745
564306465;32746
564323138;32747
564339812;32748
564356486;32749
564373160;32750
564389833;32751
564406507;32752
564423181;32753
564439855;32754
564473202;32755
564489876;32756
564506550;32757
564523223;32758
564539897;32759
564556571;32760
564573244;32761
564589918;32762
564606592;32763
564623266;32764
564639940;32765
564656613;32766
564673287;32767
564689961;32768
564706635;32769
564723308;32770
564739982;32771
564756656;32772
564773329;32773
564790003;32774
564806677;32775
564823351;32776
564840024;32777
564856698;32778
564873372;32779
564890046;32780
564906719;32781
564923393;32782
564940067;32783
564973414;32784
564990088;32785
565006762;32786
565023436;32787
565040109;32788
565056783;32789
565073457;32790
565090130;32791
565106804;32792
565123478;32793
565140152;32794
565156825;32795
565173499;32796
565190173;32797
565206847;32798
565223520;32799
565240194;32800
565256868;32801
565273542;32802
565290215;32803
565306889;32804
565323563;32805
565340237;32806
565356910;32807
565373584;32808
565390258;32809
565406932;32810
565423605;32811
565440279;32812
565473626;32813
565490300;32814
565506974;32815
565523648;32816
565540321;32817
565556995;32818
565573669;32819
565590343;32820
565607016;32821
565623690;32822
565640364;32823
565657038;32824
565673711;32825
565690385;32826
565707059;32827
565723732;32828
565740406;32829
565757080;32830
565773754;32831
565790427;32832
565807101;32833
565823775;32834
565840449;32835
565857122;32836
565873796;32837
565890470;32838
565907144;32839
565923817;32840
565940491;32841
565973839;32842
565990512;32843
566007186;32844
566023860;32845
566040534;32846
566057207;32847
566073881;32848
566090555;32849
566107228;32850
566123902;32851
566140576;32852
566157250;32853
566173923;32854
566190597;32855
566207271;32856
566223945;32857
566240618;32858
566257292;32859
566273966;32860
566290640;32861
566307313;32862
566323987;32863
566340661;32864
566357334;32865
566374008;32866
566390682;32867
566407356;32868
566424029;32869
566440703;32870
566474050;32871
566490724;32872
566507398;32873
566524072;32874
566540745;32875
566557419;32876
566574093;32877
566590767;32878
566607440;32879
566624114;32880
566640788;32881
566657462;32882
566674135;32883
566690809;32884
566707483;32885
566724157;32886
566740830;32887
566757504;32888
566774178;32889
566790851;32890
566807525;32891
566824199;32892
566840873;32893
566857546;32894
566874220;32895
566890894;32896
566907568;32897
566924241;32898
566940915;32899
566974262;32900
566990936;32901
567007610;32902
567024284;32903
567040957;32904
567057631;32905
567074305;32906
567090979;32907
567107652;32908
567124326;32909
567141000;32910
567157673;32911
567174347;32912
567191021;32913
567207695;32914
567224368;32915
567241042;32916
567257716;32917
567274390;32918
567291063;32919
567307737;32920
567324411;32921
567341084;32922
567357758;32923
567374432;32924
567391106;32925
567407779;32926
567424453;32927
567441127;32928
567474474;32929
567491148;32930
567507822;32931
567524495;32932
567541169;32933
567557843;32934
567574517;32935
567591190;32936
567607864;32937
567624538;32938
567641211;32939
567657885;32940
567674559;32941
567691233;32942
567707906;32943
567724580;32944
567741254;32945
567757928;32946
567774601;32947
567791275;32948
567807949;32949
567824622;32950
567841296;32951
567857970;32952
567874644;32953
567891317;32954
567907991;32955
567924665;32956
567941339;32957
567974686;32958
567991360;32959
568008034;32960
568024707;32961
568041381;32962
568058055;32963
568074728;32964
568091402;32965
568108076;32966
568124750;32967
568141423;32968
568158097;32969
568174771;32970
568191444;32971
568208118;32972
568224792;32973
568241466;32974
568258139;32975
568274813;32976
568291487;32977
568308160;32978
568324834;32979
568341508;32980
568358182;32981
568374855;32982
568391529;32983
568408203;32984
568424877;32985
568441550;32986
568474898;32987
568491571;32988
568508245;32989
568524919;32990
568541593;32991
568558266;32992
568574940;32993
568591614;32994
568608288;32995
568624961;32996
568641635;32997
568658309;32998
568674982;32999
568691656;33000
568708330;33001
568725004;33002
568741677;33003
568758351;33004
568775025;33005
568791698;33006
568808372;33007
568825046;33008
568841720;33009
568858393;33010
568875067;33011
568891741;33012
568908415;33013
568925088;33014
568941762;33015
568975109;33016
568991783;33017
569008457;33018
569025131;33019
569041804;33020
569058478;33021
569075152;33022
569091825;33023
569108499;33024
569125173;33025
569141847;33026
569158520;33027
569175194;33028
569191868;33029
569208541;33030
569225215;33031
569241889;33032
569258563;33033
569275236;33034
569291910;33035
569308584;33036
569325257;33037
569341931;33038
569358605;33039
569375278;33040
569391952;33041
569408626;33042
569425300;33043
569441973;33044
569475321;33045
569491995;33046
569508668;33047
569525342;33048
569542016;33049
569558689;33050
569575363;33051
569592037;33052
569608711;33053
569625384;33054
569642058;33055
569658732;33056
569675405;33057
569692079;33058
569708753;33059
569725427;33060
569742100;33061
569758774;33062
569775448;33063
569792121;33064
569808795;33065
569825469;33066
569842143;33067
569858816;33068
569875490;33069
569892164;33070
569908838;33071
569925511;33072
569942185;33073
569975532;33074
569992206;33075
570008880;33076
570025553;33077
570042227;33078
570058901;33079
570075575;33080
570092248;33081
570108922;33082
570125596;33083
570142270;33084
570158943;33085
570175617;33086
570192291;33087
570208964;33088
570225638;33089
570242312;33090
570258985;33091
570275659;33092
570292333;33093
570309007;33094
570325680;33095
570342354;33096
570359028;33097
570375701;33098
570392375;33099
570409049;33100
570425723;33101
570442396;33102
570475744;33103
570492417;33104
570509091;33105
570525765;33106
570542439;33107
570559112;33108
570575786;33109
570592460;33110
570609133;33111
570625807;33112
570642481;33113
570659155;33114
570675828;33115
570692502;33116
570709176;33117
570725849;33118
570742523;33119
570759197;33120
570775871;33121
570792544;33122
570809218;33123
570825892;33124
570842565;33125
570859239;33126
570875913;33127
570892586;33128
570909260;33129
570925934;33130
570942608;33131
570975955;33132
570992629;33133
571009303;33134
571025976;33135
571042650;33136
571059324;33137
571075997;33138
571092671;33139
571109345;33140
571126018;33141
571142692;33142
571159366;33143
571176040;33144
571192713;33145
571209387;33146
571226061;33147
571242734;33148
571259408;33149
571276082;33150
571292755;33151
571309429;33152
571326103;33153
571342777;33154
571359450;33155
571376124;33156
571392798;33157
571409472;33158
571426145;33159
571442819;33160
571476166;33161
571492840;33162
571509514;33163
571526187;33164
571542861;33165
571559535;33166
571576209;33167
571592882;33168
571609556;33169
571626230;33170
571642903;33171
571659577;33172
571676251;33173
571692925;33174
571709598;33175
571726272;33176
571742946;33177
571759619;33178
571776293;33179
571792967;33180
571809640;33181
571826314;33182
571842988;33183
571859662;33184
571876335;33185
571893009;33186
571909683;33187
571926356;33188
571943030;33189
571976377;33190
571993051;33191
572009725;33192
572026399;33193
572043072;33194
572059746;33195
572076420;33196
572093093;33197
572109767;33198
572126441;33199
572143115;33200
572159788;33201
572176462;33202
572193136;33203
572209809;33204
572226483;33205
572243157;33206
572259830;33207
572276504;33208
572293178;33209
572309852;33210
572326525;33211
572343199;33212
572359873;33213
572376546;33214
572393220;33215
572409894;33216
572426567;33217
572443241;33218
572476589;33219
572493262;33220
572509936;33221
572526610;33222
572543283;33223
572559957;33224
572576631;33225
572593304;33226
572609978;33227
572626652;33228
572643326;33229
572659999;33230
572676673;33231
572693347;33232
572710020;33233
572726694;33234
572743368;33235
572760042;33236
572776715;33237
572793389;33238
572810063;33239
572826736;33240
572843410;33241
572860084;33242
572876757;33243
572893431;33244
572910105;33245
572926779;33246
572943452;33247
572976800;33248
572993473;33249
573010147;33250
573026821;33251
573043495;33252
573060168;33253
573076842;33254
573093516;33255
573110189;33256
573126863;33257
573143537;33258
573160210;33259
573176884;33260
573193558;33261
573210231;33262
573226905;33263
573243579;33264
573260253;33265
573276926;33266
573293600;33267
573310274;33268
573326947;33269
573343621;33270
573360295;33271
573376968;33272
573393642;33273
573410316;33274
573426990;33275
573443663;33276
573477011;33277
573493684;33278
573510358;33279
573527032;33280
573543706;33281
573560379;33282
573577053;33283
573593727;33284
573610400;33285
573627074;33286
573643748;33287
573660421;33288
573677095;33289
573693769;33290
573710442;33291
573727116;33292
573743790;33293
573760464;33294
573777137;33295
573793811;33296
573810485;33297
573827158;33298
573843832;33299
573860506;33300
573877180;33301
573893853;33302
573910527;33303
573927201;33304
573943874;33305
573977222;33306
573993895;33307
574010569;33308
574027243;33309
574043916;33310
574060590;33311
574077264;33312
574093938;33313
574110611;33314
574127285;33315
574143959;33316
574160632;33317
574177306;33318
574193980;33319
574210653;33320
574227327;33321
574244001;33322
574260674;33323
574277348;33324
574294022;33325
574310696;33326
574327369;33327
574344043;33328
574360717;33329
574377390;33330
574394064;33331
574410738;33332
574427411;33333
574444085;33334
574477432;33335
574494106;33336
574510780;33337
574527454;33338
574544127;33339
574560801;33340
574577475;33341
574594148;33342
574610822;33343
574627496;33344
574644169;33345
574660843;33346
574677517;33347
574694191;33348
574710864;33349
574727538;33350
574744212;33351
574760885;33352
574777559;33353
574794233;33354
574810906;33355
574827580;33356
574844254;33357
574860927;33358
574877601;33359
574894275;33360
574910949;33361
574927622;33362
574944296;33363
574977643;33364
574994317;33365
575010991;33366
575027664;33367
575044338;33368
575061012;33369
575077685;33370
575094359;33371
575111033;33372
575127707;33373
575144380;33374
575161054;33375
575177728;33376
575194401;33377
575211075;33378
575227749;33379
575244423;33380
575261096;33381
575277770;33382
575294444;33383
575311117;33384
575327791;33385
575344465;33386
575361138;33387
575377812;33388
575394486;33389
575411159;33390
575427833;33391
575444507;33392
575477854;33393
575494528;33394
575511202;33395
575527875;33396
575544549;33397
575561223;33398
575577896;33399
575594570;33400
575611244;33401
575627917;33402
575644591;33403
575661265;33404
575677938;33405
575694612;33406
575711286;33407
575727960;33408
575744633;33409
575761307;33410
575777981;33411
575794654;33412
575811328;33413
575828002;33414
575844675;33415
575861349;33416
575878023;33417
575894697;33418
575911370;33419
575928044;33420
575944718;33421
575978065;33422
575994739;33423
576011412;33424
576028086;33425
576044760;33426
576061433;33427
576078107;33428
576094781;33429
576111455;33430
576128128;33431
576144802;33432
576161475;33433
576178149;33434
576194823;33435
576211497;33436
576228170;33437
576244844;33438
576261518;33439
576278191;33440
576294865;33441
576311539;33442
576328212;33443
576344886;33444
576361560;33445
576378234;33446
576394907;33447
576411581;33448
576428255;33449
576444928;33450
576478276;33451
576494949;33452
576511623;33453
576528297;33454
576544970;33455
576561644;33456
576578318;33457
576594991;33458
576611665;33459
576628339;33460
576645013;33461
576661686;33462
576678360;33463
576695034;33464
576711707;33465
576728381;33466
576745055;33467
576761728;33468
576778402;33469
576795076;33470
576811749;33471
576828423;33472
576845097;33473
576861770;33474
576878444;33475
576895118;33476
576911792;33477
576928465;33478
576945139;33479
576978486;33480
576995160;33481
577011834;33482
577028507;33483
577045181;33484
577061855;33485
577078528;33486
577095202;33487
577111876;33488
577128549;33489
577145223;33490
577161897;33491
577178571;33492
577195244;33493
577211918;33494
577228592;33495
577245265;33496
577261939;33497
577278613;33498
577295286;33499
577311960;33500
577328634;33501
577345307;33502
577361981;33503
577378655;33504
577395328;33505
577412002;33506
577428676;33507
577445350;33508
577478697;33509
577495371;33510
577512044;33511
577528718;33512
577545392;33513
577562065;33514
577578739;33515
577595413;33516
577612086;33517
577628760;33518
577645434;33519
577662108;33520
577678781;33521
577695455;33522
577712129;33523
577728802;33524
577745476;33525
577762150;33526
577778823;33527
577795497;33528
577812171;33529
577828844;33530
577845518;33531
577862192;33532
577878865;33533
577895539;33534
577912213;33535
577928886;33536
577945560;33537
577978908;33538
577995581;33539
578012255;33540
578028929;33541
578045602;33542
578062276;33543
578078950;33544
578095623;33545
578112297;33546
578128971;33547
578145644;33548
578162318;33549
578178992;33550
578195666;33551
578212339;33552
578229013;33553
578245686;33554
578262360;33555
578279034;33556
578295708;33557
578312381;33558
578329055;33559
578345729;33560
578362402;33561
578379076;33562
578395750;33563
578412423;33564
578429097;33565
578445771;33566
578479118;33567
578495792;33568
578512466;33569
578529139;33570
578545813;33571
578562487;33572
578579160;33573
578595834;33574
578612508;33575
578629181;33576
578645855;33577
578662529;33578
578679202;33579
578695876;33580
578712550;33581
578729223;33582
578745897;33583
578762571;33584
578779244;33585
578795918;33586
578812592;33587
578829265;33588
578845939;33589
578862613;33590
578879286;33591
578895960;33592
578912634;33593
578929308;33594
578945981;33595
578979329;33596
578996002;33597
579012676;33598
579029350;33599
579046023;33600
579062697;33601
579079371;33602
579096044;33603
579112718;33604
579129392;33605
579146065;33606
579162739;33607
579179413;33608
579196086;33609
579212760;33610
579229434;33611
579246108;33612
579262781;33613
579279455;33614
579296129;33615
579312802;33616
579329476;33617
579346150;33618
579362823;33619
579379497;33620
579396171;33621
579412844;33622
579429518;33623
579446192;33624
579479539;33625
579496213;33626
579512886;33627
579529560;33628
579546234;33629
579562907;33630
579579581;33631
579596255;33632
579612929;33633
579629602;33634
579646276;33635
579662950;33636
579679623;33637
579696297;33638
579712971;33639
579729644;33640
579746318;33641
579762992;33642
579779665;33643
579796339;33644
579813013;33645
579829686;33646
579846360;33647
579863034;33648
579879707;33649
579896381;33650
579913055;33651
579929728;33652
579946402;33653
579979750;33654
579996423;33655
580013097;33656
580029771;33657
580046444;33658
580063118;33659
580079792;33660
580096465;33661
580113139;33662
580129813;33663
580146486;33664
580163160;33665
580179834;33666
580196507;33667
580213181;33668
580229855;33669
580246528;33670
580263202;33671
580279876;33672
580296550;33673
580313223;33674
580329897;33675
580346571;33676
580363244;33677
580379918;33678
580396592;33679
580413265;33680
580429939;33681
580446613;33682
580479960;33683
580496634;33684
580513307;33685
580529981;33686
580546655;33687
580563328;33688
580580002;33689
580596676;33690
580613349;33691
580630023;33692
580646697;33693
580663370;33694
580680044;33695
580696718;33696
580713392;33697
580730065;33698
580746739;33699
580763413;33700
580780086;33701
580796760;33702
580813434;33703
580830107;33704
580846781;33705
580863455;33706
580880128;33707
580896802;33708
580913476;33709
580930149;33710
580946823;33711
580980170;33712
580996844;33713
581013518;33714
581030191;33715
581046865;33716
581063539;33717
581080212;33718
581096886;33719
581113560;33720
581130234;33721
581146907;33722
581163581;33723
581180255;33724
581196928;33725
581213602;33726
581230276;33727
581246949;33728
581263623;33729
581280297;33730
581296970;33731
581313644;33732
581330318;33733
581346991;33734
581363665;33735
581380339;33736
581397012;33737
581413686;33738
581430360;33739
581447034;33740
581480381;33741
581497055;33742
581513728;33743
581530402;33744
581547076;33745
581563749;33746
581580423;33747
581597097;33748
581613770;33749
581630444;33750
581647118;33751
581663791;33752
581680465;33753
581697139;33754
581713812;33755
581730486;33756
581747160;33757
581763834;33758
581780507;33759
581797181;33760
581813854;33761
581830528;33762
581847202;33763
581863876;33764
581880549;33765
581897223;33766
581913897;33767
581930570;33768
581947244;33769
581980591;33770
581997265;33771
582013939;33772
582030612;33773
582047286;33774
582063960;33775
582080633;33776
582097307;33777
582113981;33778
582130655;33779
582147328;33780
582164002;33781
582180676;33782
582197349;33783
582214023;33784
582230697;33785
582247370;33786
582264044;33787
582280718;33788
582297391;33789
582314065;33790
582330739;33791
582347412;33792
582364086;33793
582380760;33794
582397433;33795
582414107;33796
582430781;33797
582447454;33798
582480802;33799
582497475;33800
582514149;33801
582530823;33802
582547497;33803
582564170;33804
582580844;33805
582597518;33806
582614191;33807
582630865;33808
582647539;33809
582664212;33810
582680886;33811
582697560;33812
582714233;33813
582730907;33814
582747581;33815
582764254;33816
582780928;33817
582797602;33818
582814276;33819
582830949;33820
582847623;33821
582864297;33822
582880970;33823
582897644;33824
582914318;33825
582930991;33826
582947665;33827
582981012;33828
582997686;33829
583014360;33830
583031033;33831
583047707;33832
583064381;33833
583081054;33834
583097728;33835
583114402;33836
583131075;33837
583147749;33838
583164423;33839
583181097;33840
583197770;33841
583214444;33842
583231118;33843
583247791;33844
583264465;33845
583281139;33846
583297812;33847
583314486;33848
583331160;33849
583347833;33850
583364507;33851
583381181;33852
583397854;33853
583414528;33854
583431202;33855
583447875;33856
583481223;33857
583497896;33858
583514570;33859
583531244;33860
583547917;33861
583564591;33862
583581265;33863
583597939;33864
583614612;33865
583631286;33866
583647960;33867
583664633;33868
583681307;33869
583697981;33870
583714654;33871
583731328;33872
583748002;33873
583764675;33874
583781349;33875
583798023;33876
583814696;33877
583831370;33878
583848044;33879
583864717;33880
583881391;33881
583898065;33882
583914739;33883
583931412;33884
583948086;33885
583981433;33886
583998107;33887
584014781;33888
584031454;33889
584048128;33890
584064802;33891
584081475;33892
584098149;33893
584114823;33894
584131496;33895
584148170;33896
584164844;33897
584181517;33898
584198191;33899
584214865;33900
584231538;33901
584248212;33902
584264886;33903
584281560;33904
584298233;33905
584314907;33906
584331581;33907
584348254;33908
584364928;33909
584381602;33910
584398275;33911
584414949;33912
584431623;33913
584448296;33914
584481644;33915
584498318;33916
584514991;33917
584531665;33918
584548339;33919
584565012;33920
584581686;33921
584598360;33922
584615033;33923
584631707;33924
584648381;33925
584665054;33926
584681728;33927
584698402;33928
584715075;33929
584731749;33930
584748423;33931
584765096;33932
584781770;33933
584798444;33934
584815117;33935
584831791;33936
584848465;33937
584865139;33938
584881812;33939
584898486;33940
584915160;33941
584931833;33942
584948507;33943
584981854;33944
584998528;33945
585015202;33946
585031875;33947
585048549;33948
585065223;33949
585081896;33950
585098570;33951
585115244;33952
585131917;33953
585148591;33954
585165265;33955
585181939;33956
585198612;33957
585215286;33958
585231960;33959
585248633;33960
585265307;33961
585281981;33962
585298654;33963
585315328;33964
585332002;33965
585348675;33966
585365349;33967
585382023;33968
585398696;33969
585415370;33970
585432044;33971
585448718;33972
585482065;33973
585498739;33974
585515412;33975
585532086;33976
585548760;33977
585565433;33978
585582107;33979
585598781;33980
585615454;33981
585632128;33982
585648802;33983
585665475;33984
585682149;33985
585698823;33986
585715496;33987
585732170;33988
585748844;33989
585765518;33990
585782191;33991
585798865;33992
585815539;33993
585832212;33994
585848886;33995
585865560;33996
585882233;33997
585898907;33998
585915581;33999
585932254;34000
585948928;34001
585982275;34002
585998949;34003
586015623;34004
586032296;34005
586048970;34006
586065644;34007
586082317;34008
586098991;34009
586115665;34010
586132339;34011
586149012;34012
586165686;34013
586182360;34014
586199033;34015
586215707;34016
586232381;34017
586249054;34018
586265728;34019
586282402;34020
586299075;34021
586315749;34022
586332423;34023
586349096;34024
586365770;34025
586382444;34026
586399118;34027
586415791;34028
586432465;34029
586449139;34030
586482486;34031
586499160;34032
586515833;34033
586532507;34034
586549181;34035
586565854;34036
586582528;34037
586599202;34038
586615875;34039
586632549;34040
586649223;34041
586665897;34042
586682570;34043
586699244;34044
586715918;34045
586732591;34046
586749265;34047
586765939;34048
586782612;34049
586799286;34050
586815960;34051
586832633;34052
586849307;34053
586865981;34054
586882655;34055
586899328;34056
586916002;34057
586932675;34058
586949349;34059
586982697;34060
586999370;34061
587016044;34062
587032718;34063
587049391;34064
587066065;34065
587082739;34066
587099412;34067
587116086;34068
587132760;34069
587149433;34070
587166107;34071
587182781;34072
587199455;34073
587216128;34074
587232802;34075
587249476;34076
587266149;34077
587282823;34078
587299497;34079
587316170;34080
587332844;34081
587349518;34082
587366191;34083
587382865;34084
587399539;34085
587416213;34086
587432886;34087
587449560;34088
587482907;34089
587499581;34090
587516255;34091
587532928;34092
587549602;34093
587566276;34094
587582949;34095
587599623;34096
587616297;34097
587632970;34098
587649644;34099
587666318;34100
587682992;34101
587699665;34102
587716339;34103
587733013;34104
587749686;34105
587766360;34106
587783034;34107
587799707;34108
587816381;34109
587833055;34110
587849728;34111
587866402;34112
587883076;34113
587899749;34114
587916423;34115
587933097;34116
587949771;34117
587983118;34118
587999792;34119
588016465;34120
588033139;34121
588049813;34122
588066486;34123
588083160;34124
588099834;34125
588116508;34126
588133181;34127
588149855;34128
588166529;34129
588183202;34130
588199876;34131
588216550;34132
588233223;34133
588249897;34134
588266571;34135
588283244;34136
588299918;34137
588316592;34138
588333265;34139
588349939;34140
588366613;34141
588383287;34142
588399960;34143
588416634;34144
588433308;34145
588449981;34146
588483329;34147
588500002;34148
588516676;34149
588533350;34150
588550023;34151
588566697;34152
588583371;34153
588600045;34154
588616718;34155
588633392;34156
588650066;34157
588666739;34158
588683413;34159
588700087;34160
588716760;34161
588733434;34162
588750108;34163
588766782;34164
588783455;34165
588800129;34166
588816803;34167
588833476;34168
588850150;34169
588866824;34170
588883497;34171
588900171;34172
588916845;34173
588933518;34174
588950192;34175
588983540;34176
589000213;34177
589016887;34178
589033561;34179
589050234;34180
589066908;34181
589083582;34182
589100255;34183
589116929;34184
589133603;34185
589150276;34186
589166950;34187
589183624;34188
589200297;34189
589216971;34190
589233645;34191
589250319;34192
589266992;34193
589283666;34194
589300340;34195
589317013;34196
589333687;34197
589350361;34198
589367034;34199
589383708;34200
589400382;34201
589417056;34202
589433729;34203
589450403;34204
589483750;34205
589500424;34206
589517098;34207
589533771;34208
589550445;34209
589567119;34210
589583793;34211
589600466;34212
589617140;34213
589633814;34214
589650487;34215
589667161;34216
589683835;34217
589700508;34218
589717182;34219
589733856;34220
589750529;34221
589767203;34222
589783877;34223
589800550;34224
589817224;34225
589833898;34226
589850572;34227
589867245;34228
589883919;34229
589900593;34230
589917266;34231
589933940;34232
589950614;34233
589983961;34234
590000635;34235
590017309;34236
590033982;34237
590050656;34238
590067330;34239
590084003;34240
590100677;34241
590117351;34242
590134024;34243
590150698;34244
590167372;34245
590184046;34246
590200719;34247
590217393;34248
590234067;34249
590250740;34250
590267414;34251
590284088;34252
590300761;34253
590317435;34254
590334109;34255
590350782;34256
590367456;34257
590384130;34258
590400804;34259
590417477;34260
590434151;34261
590450825;34262
590484172;34263
590500846;34264
590517519;34265
590534193;34266
590550867;34267
590567540;34268
590584214;34269
590600888;34270
590617562;34271
590634235;34272
590650909;34273
590667583;34274
590684256;34275
590700930;34276
590717604;34277
590734278;34278
590750951;34279
590767625;34280
590784299;34281
590800972;34282
590817646;34283
590834320;34284
590850993;34285
590867667;34286
590884341;34287
590901014;34288
590917688;34289
590934362;34290
590951036;34291
590984383;34292
591001057;34293
591017730;34294
591034404;34295
591051078;34296
591067751;34297
591084425;34298
591101099;34299
591117773;34300
591134446;34301
591151120;34302
591167794;34303
591184467;34304
591201141;34305
591217815;34306
591234488;34307
591251162;34308
591267836;34309
591284509;34310
591301183;34311
591317857;34312
591334531;34313
591351204;34314
591367878;34315
591384552;34316
591401225;34317
591417899;34318
591434573;34319
591451247;34320
591484594;34321
591501268;34322
591517941;34323
591534615;34324
591551289;34325
591567962;34326
591584636;34327
591601310;34328
591617983;34329
591634657;34330
591651331;34331
591668005;34332
591684678;34333
591701352;34334
591718026;34335
591734699;34336
591751373;34337
591768047;34338
591784721;34339
591801394;34340
591818068;34341
591834742;34342
591851415;34343
591868089;34344
591884763;34345
591901436;34346
591918110;34347
591934784;34348
591951457;34349
591984805;34350
592001479;34351
592018152;34352
592034826;34353
592051500;34354
592068173;34355
592084847;34356
592101521;34357
592118194;34358
592134868;34359
592151542;34360
592168216;34361
592184889;34362
592201563;34363
592218237;34364
592234910;34365
592251584;34366
592268258;34367
592284931;34368
592301605;34369
592318279;34370
592334953;34371
592351626;34372
592368300;34373
592384974;34374
592401647;34375
592418321;34376
592434995;34377
592451669;34378
592485016;34379
592501689;34380
592518363;34381
592535037;34382
592551711;34383
592568384;34384
592585058;34385
592601732;34386
592618405;34387
592635079;34388
592651753;34389
592668427;34390
592685100;34391
592701774;34392
592718448;34393
592735121;34394
592751795;34395
592768469;34396
592785142;34397
592801816;34398
592818490;34399
592835163;34400
592851837;34401
592868511;34402
592885185;34403
592901858;34404
592918532;34405
592935206;34406
592951879;34407
592985227;34408
593001901;34409
593018574;34410
593035248;34411
593051922;34412
593068595;34413
593085269;34414
593101943;34415
593118616;34416
593135290;34417
593151964;34418
593168638;34419
593185311;34420
593201985;34421
593218659;34422
593235332;34423
593252006;34424
593268680;34425
593285353;34426
593302027;34427
593318701;34428
593335374;34429
593352048;34430
593368722;34431
593385396;34432
593402069;34433
593418743;34434
593435417;34435
593452091;34436
593485438;34437
593502112;34438
593518785;34439
593535459;34440
593552133;34441
593568806;34442
593585480;34443
593602154;34444
593618827;34445
593635501;34446
593652175;34447
593668849;34448
593685522;34449
593702196;34450
593718870;34451
593735543;34452
593752217;34453
593768891;34454
593785564;34455
593802238;34456
593818912;34457
593835586;34458
593852259;34459
593868933;34460
593885607;34461
593902280;34462
593918954;34463
593935628;34464
593952302;34465
593985649;34466
594002323;34467
594018996;34468
594035670;34469
594052344;34470
594069018;34471
594085691;34472
594102365;34473
594119039;34474
594135712;34475
594152386;34476
594169060;34477
594185733;34478
594202407;34479
594219081;34480
594235754;34481
594252428;34482
594269102;34483
594285776;34484
594302449;34485
594319123;34486
594335797;34487
594352470;34488
594369144;34489
594385818;34490
594402492;34491
594419165;34492
594435839;34493
594452513;34494
594485860;34495
594502534;34496
594519207;34497
594535881;34498
594552555;34499
594569229;34500
594585902;34501
594602576;34502
594619250;34503
594635923;34504
594652597;34505
594669271;34506
594685945;34507
594702618;34508
594719292;34509
594735966;34510
594752639;34511
594769313;34512
594785987;34513
594802661;34514
594819334;34515
594836008;34516
594852682;34517
594869355;34518
594886029;34519
594902703;34520
594919376;34521
594936050;34522
594952724;34523
594986071;34524
595002745;34525
595019419;34526
595036092;34527
595052766;34528
595069440;34529
595086113;34530
595102787;34531
595119461;34532
595136135;34533
595152808;34534
595169482;34535
595186156;34536
595202829;34537
595219503;34538
595236177;34539
595252851;34540
595269524;34541
595286198;34542
595302872;34543
595319545;34544
595336219;34545
595352893;34546
595369567;34547
595386240;34548
595402914;34549
595419588;34550
595436261;34551
595452935;34552
595486282;34553
595502956;34554
595519630;34555
595536304;34556
595552977;34557
595569651;34558
595586325;34559
595602998;34560
595619672;34561
595636346;34562
595653020;34563
595669693;34564
595686367;34565
595703041;34566
595719714;34567
595736388;34568
595753062;34569
595769735;34570
595786409;34571
595803083;34572
595819757;34573
595836430;34574
595853104;34575
595869778;34576
595886452;34577
595903125;34578
595919799;34579
595936473;34580
595953146;34581
595986494;34582
596003167;34583
596019841;34584
596036515;34585
596053189;34586
596069862;34587
596086536;34588
596103210;34589
596119883;34590
596136557;34591
596153231;34592
596169905;34593
596186578;34594
596203252;34595
596219926;34596
596236599;34597
596253273;34598
596269947;34599
596286620;34600
596303294;34601
596319968;34602
596336642;34603
596353315;34604
596369989;34605
596386663;34606
596403336;34607
596420010;34608
596436684;34609
596453358;34610
596486705;34611
596503379;34612
596520052;34613
596536726;34614
596553400;34615
596570074;34616
596586747;34617
596603421;34618
596620095;34619
596636768;34620
596653442;34621
596670116;34622
596686790;34623
596703463;34624
596720137;34625
596736811;34626
596753484;34627
596770158;34628
596786832;34629
596803506;34630
596820179;34631
596836853;34632
596853527;34633
596870200;34634
596886874;34635
596903548;34636
596920222;34637
596936895;34638
596953569;34639
596986916;34640
597003590;34641
597020264;34642
597036938;34643
597053611;34644
597070285;34645
597086959;34646
597103632;34647
597120306;34648
597136980;34649
597153654;34650
597170327;34651
597187001;34652
597203675;34653
597220348;34654
597237022;34655
597253696;34656
597270370;34657
597287043;34658
597303717;34659
597320391;34660
597337064;34661
597353738;34662
597370412;34663
597387085;34664
597403759;34665
597420433;34666
597437107;34667
597453780;34668
597487128;34669
597503801;34670
597520475;34671
597537149;34672
597553823;34673
597570496;34674
597587170;34675
597603844;34676
597620517;34677
597637191;34678
597653865;34679
597670539;34680
597687212;34681
597703886;34682
597720560;34683
597737233;34684
597753907;34685
597770581;34686
597787254;34687
597803928;34688
597820602;34689
597837276;34690
597853949;34691
597870623;34692
597887297;34693
597903971;34694
597920644;34695
597937318;34696
597953992;34697
597987339;34698
598004013;34699
598020686;34700
598037360;34701
598054034;34702
598070708;34703
598087381;34704
598104055;34705
598120729;34706
598137402;34707
598154076;34708
598170750;34709
598187424;34710
598204097;34711
598220771;34712
598237445;34713
598254119;34714
598270792;34715
598287466;34716
598304140;34717
598320813;34718
598337487;34719
598354161;34720
598370835;34721
598387508;34722
598404182;34723
598420856;34724
598437529;34725
598454203;34726
598487550;34727
598504224;34728
598520898;34729
598537572;34730
598554245;34731
598570919;34732
598587593;34733
598604267;34734
598620940;34735
598637614;34736
598654288;34737
598670961;34738
598687635;34739
598704309;34740
598720983;34741
598737656;34742
598754330;34743
598771004;34744
598787677;34745
598804351;34746
598821025;34747
598837699;34748
598854372;34749
598871046;34750
598887720;34751
598904393;34752
598921067;34753
598937741;34754
598954415;34755
598987762;34756
599004436;34757
599021109;34758
599037783;34759
599054457;34760
599071130;34761
599087804;34762
599104478;34763
599121152;34764
599137825;34765
599154499;34766
599171173;34767
599187847;34768
599204520;34769
599221194;34770
599237868;34771
599254541;34772
599271215;34773
599287889;34774
599304563;34775
599321236;34776
599337910;34777
599354584;34778
599371257;34779
599387931;34780
599404605;34781
599421279;34782
599437952;34783
599454626;34784
599487973;34785
599504647;34786
599521321;34787
599537995;34788
599554668;34789
599571342;34790
599588016;34791
599604689;34792
599621363;34793
599638037;34794
599654711;34795
599671384;34796
599688058;34797
599704732;34798
599721405;34799
599738079;34800
599754753;34801
599771427;34802
599788100;34803
599804774;34804
599821448;34805
599838121;34806
599854795;34807
599871469;34808
599888143;34809
599904816;34810
599921490;34811
599938164;34812
599954837;34813
599988185;34814
600004859;34815
600021532;34816
600038206;34817
600054880;34818
600071553;34819
600088227;34820
600104901;34821
600121575;34822
600138248;34823
600154922;34824
600171596;34825
600188269;34826
600204943;34827
600221617;34828
600238291;34829
600254964;34830
600271638;34831
600288312;34832
600304986;34833
600321659;34834
600338333;34835
600355007;34836
600371680;34837
600388354;34838
600405028;34839
600421702;34840
600438375;34841
600455049;34842
600488396;34843
600505070;34844
600521744;34845
600538418;34846
600555091;34847
600571765;34848
600588439;34849
600605112;34850
600621786;34851
600638460;34852
600655134;34853
600671807;34854
600688481;34855
600705155;34856
600721828;34857
600738502;34858
600755176;34859
600771850;34860
600788523;34861
600805197;34862
600821871;34863
600838545;34864
600855218;34865
600871892;34866
600888566;34867
600905239;34868
600921913;34869
600938587;34870
600955260;34871
600988608;34872
601005282;34873
601021955;34874
601038629;34875
601055303;34876
601071976;34877
601088650;34878
601105324;34879
601121998;34880
601138671;34881
601155345;34882
601172019;34883
601188693;34884
601205366;34885
601222040;34886
601238714;34887
601255387;34888
601272061;34889
601288735;34890
601305409;34891
601322082;34892
601338756;34893
601355430;34894
601372103;34895
601388777;34896
601405451;34897
601422125;34898
601438798;34899
601455472;34900
601488819;34901
601505493;34902
601522167;34903
601538841;34904
601555514;34905
601572188;34906
601588862;34907
601605536;34908
601622209;34909
601638883;34910
601655557;34911
601672230;34912
601688904;34913
601705578;34914
601722252;34915
601738925;34916
601755599;34917
601772273;34918
601788946;34919
601805620;34920
601822294;34921
601838968;34922
601855641;34923
601872315;34924
601888989;34925
601905662;34926
601922336;34927
601939010;34928
601955684;34929
601989031;34930
602005705;34931
602022378;34932
602039052;34933
602055726;34934
602072400;34935
602089073;34936
602105747;34937
602122421;34938
602139094;34939
602155768;34940
602172442;34941
602189116;34942
602205789;34943
602222463;34944
602239137;34945
602255810;34946
602272484;34947
602289158;34948
602305832;34949
602322505;34950
602339179;34951
602355853;34952
602372527;34953
602389200;34954
602405874;34955
602422548;34956
602439221;34957
602455895;34958
602489243;34959
602505916;34960
602522590;34961
602539264;34962
602555937;34963
602572611;34964
602589285;34965
602605959;34966
602622632;34967
602639306;34968
602655980;34969
602672653;34970
602689327;34971
602706001;34972
602722675;34973
602739348;34974
602756022;34975
602772696;34976
602789370;34977
602806043;34978
602822717;34979
602839391;34980
602856064;34981
602872738;34982
602889412;34983
602906086;34984
602922759;34985
602939433;34986
602956107;34987
602989454;34988
603006128;34989
603022802;34990
603039475;34991
603056149;34992
603072823;34993
603089496;34994
603106170;34995
603122844;34996
603139518;34997
603156191;34998
603172865;34999
603189539;35000
603206213;35001
603222886;35002
603239560;35003
603256234;35004
603272907;35005
603289581;35006
603306255;35007
603322929;35008
603339602;35009
603356276;35010
603372950;35011
603389623;35012
603406297;35013
603422971;35014
603439645;35015
603456318;35016
603489666;35017
603506339;35018
603523013;35019
603539687;35020
603556361;35021
603573034;35022
603589708;35023
603606382;35024
603623055;35025
603639729;35026
603656403;35027
603673077;35028
603689750;35029
603706424;35030
603723098;35031
603739771;35032
603756445;35033
603773119;35034
603789793;35035
603806466;35036
603823140;35037
603839814;35038
603856488;35039
603873161;35040
603889835;35041
603906509;35042
603923182;35043
603939856;35044
603956530;35045
603989877;35046
604006551;35047
604023225;35048
604039898;35049
604056572;35050
604073246;35051
604089920;35052
604106593;35053
604123267;35054
604139941;35055
604156614;35056
604173288;35057
604189962;35058
604206636;35059
604223309;35060
604239983;35061
604256657;35062
604273331;35063
604290004;35064
604306678;35065
604323352;35066
604340025;35067
604356699;35068
604373373;35069
604390047;35070
604406720;35071
604423394;35072
604440068;35073
604456741;35074
604490089;35075
604506763;35076
604523436;35077
604540110;35078
604556784;35079
604573458;35080
604590131;35081
604606805;35082
604623479;35083
604640152;35084
604656826;35085
604673500;35086
604690174;35087
604706847;35088
604723521;35089
604740195;35090
604756868;35091
604773542;35092
604790216;35093
604806890;35094
604823563;35095
604840237;35096
604856911;35097
604873585;35098
604890258;35099
604906932;35100
604923606;35101
604940279;35102
604956953;35103
604990301;35104
605006974;35105
605023648;35106
605040322;35107
605056995;35108
605073669;35109
605090343;35110
605107017;35111
605123690;35112
605140364;35113
605157038;35114
605173711;35115
605190385;35116
605207059;35117
605223733;35118
605240406;35119
605257080;35120
605273754;35121
605290427;35122
605307101;35123
605323775;35124
605340449;35125
605357122;35126
605373796;35127
605390470;35128
605407143;35129
605423817;35130
605440491;35131
605457165;35132
605490512;35133
605507186;35134
605523860;35135
605540533;35136
605557207;35137
605573881;35138
605590554;35139
605607228;35140
605623902;35141
605640576;35142
605657249;35143
605673923;35144
605690597;35145
605707270;35146
605723944;35147
605740618;35148
605757292;35149
605773965;35150
605790639;35151
605807313;35152
605823987;35153
605840660;35154
605857334;35155
605874008;35156
605890681;35157
605907355;35158
605924029;35159
605940702;35160
605957376;35161
605974050;35162
606007397;35163
606024071;35164
606040745;35165
606057419;35166
606074092;35167
606090766;35168
606107440;35169
606124113;35170
606140787;35171
606157461;35172
606174135;35173
606190808;35174
606207482;35175
606224156;35176
606240829;35177
606257503;35178
606274177;35179
606290851;35180
606307524;35181
606324198;35182
606340872;35183
606357545;35184
606374219;35185
606390893;35186
606407567;35187
606424240;35188
606440914;35189
606457588;35190
606474262;35191
606507609;35192
606524283;35193
606540956;35194
606557630;35195
606574304;35196
606590978;35197
606607651;35198
606624325;35199
606640999;35200
606657672;35201
606674346;35202
606691020;35203
606707694;35204
606724367;35205
606741041;35206
606757715;35207
606774388;35208
606791062;35209
606807736;35210
606824410;35211
606841083;35212
606857757;35213
606874431;35214
606891105;35215
606907778;35216
606924452;35217
606941126;35218
606957799;35219
606974473;35220
607007821;35221
607024494;35222
607041168;35223
607057842;35224
607074515;35225
607091189;35226
607107863;35227
607124537;35228
607141210;35229
607157884;35230
607174558;35231
607191232;35232
607207905;35233
607224579;35234
607241253;35235
607257926;35236
607274600;35237
607291274;35238
607307947;35239
607324621;35240
607341295;35241
607357969;35242
607374642;35243
607391316;35244
607407990;35245
607424664;35246
607441337;35247
607458011;35248
607474685;35249
607508032;35250
607524706;35251
607541380;35252
607558053;35253
607574727;35254
607591401;35255
607608074;35256
607624748;35257
607641422;35258
607658096;35259
607674769;35260
607691443;35261
607708117;35262
607724791;35263
607741464;35264
607758138;35265
607774812;35266
607791485;35267
607808159;35268
607824833;35269
607841506;35270
607858180;35271
607874854;35272
607891528;35273
607908201;35274
607924875;35275
607941549;35276
607958223;35277
607974896;35278
608008244;35279
608024917;35280
608041591;35281
608058265;35282
608074939;35283
608091612;35284
608108286;35285
608124960;35286
608141634;35287
608158307;35288
608174981;35289
608191655;35290
608208328;35291
608225002;35292
608241676;35293
608258350;35294
608275023;35295
608291697;35296
608308371;35297
608325044;35298
608341718;35299
608358392;35300
608375066;35301
608391739;35302
608408413;35303
608425087;35304
608441760;35305
608458434;35306
608475108;35307
608508455;35308
608525129;35309
608541803;35310
608558476;35311
608575150;35312
608591824;35313
608608498;35314
608625171;35315
608641845;35316
608658519;35317
608675193;35318
608691866;35319
608708540;35320
608725214;35321
608741887;35322
608758561;35323
608775235;35324
608791908;35325
608808582;35326
608825256;35327
608841930;35328
608858603;35329
608875277;35330
608891951;35331
608908625;35332
608925298;35333
608941972;35334
608958646;35335
608975319;35336
609008667;35337
609025341;35338
609042014;35339
609058688;35340
609075362;35341
609092035;35342
609108709;35343
609125383;35344
609142057;35345
609158730;35346
609175404;35347
609192078;35348
609208752;35349
609225425;35350
609242099;35351
609258773;35352
609275446;35353
609292120;35354
609308794;35355
609325467;35356
609342141;35357
609358815;35358
609375489;35359
609392162;35360
609408836;35361
609425510;35362
609442184;35363
609458857;35364
609475531;35365
609508878;35366
609525552;35367
609542226;35368
609558900;35369
609575573;35370
609592247;35371
609608921;35372
609625594;35373
609642268;35374
609658942;35375
609675616;35376
609692289;35377
609708963;35378
609725637;35379
609742310;35380
609758984;35381
609775658;35382
609792332;35383
609809005;35384
609825679;35385
609842353;35386
609859026;35387
609875700;35388
609892374;35389
609909048;35390
609925721;35391
609942395;35392
609959069;35393
609975743;35394
610009090;35395
610025764;35396
610042437;35397
610059111;35398
610075785;35399
610092458;35400
610109132;35401
610125806;35402
610142480;35403
610159153;35404
610175827;35405
610192501;35406
610209175;35407
610225848;35408
610242522;35409
610259196;35410
610275869;35411
610292543;35412
610309217;35413
610325890;35414
610342564;35415
610359238;35416
610375912;35417
610392585;35418
610409259;35419
610425933;35420
610442607;35421
610459280;35422
610475954;35423
610509301;35424
610525975;35425
610542649;35426
610559323;35427
610575996;35428
610592670;35429
610609344;35430
610626017;35431
610642691;35432
610659365;35433
610676039;35434
610692712;35435
610709386;35436
610726060;35437
610742734;35438
610759407;35439
610776081;35440
610792755;35441
610809428;35442
610826102;35443
610842776;35444
610859449;35445
610876123;35446
610892797;35447
610909471;35448
610926144;35449
610942818;35450
610959492;35451
610976165;35452
611009513;35453
611026187;35454
611042860;35455
611059534;35456
611076208;35457
611092882;35458
611109555;35459
611126229;35460
611142903;35461
611159576;35462
611176250;35463
611192924;35464
611209597;35465
611226271;35466
611242945;35467
611259619;35468
611276292;35469
611292966;35470
611309640;35471
611326314;35472
611342987;35473
611359661;35474
611376335;35475
611393008;35476
611409682;35477
611426356;35478
611443030;35479
611459703;35480
611476377;35481
611509724;35482
611526398;35483
611543072;35484
611559746;35485
611576419;35486
611593093;35487
611609767;35488
611626440;35489
611643114;35490
611659788;35491
611676462;35492
611693135;35493
611709809;35494
611726483;35495
611743156;35496
611759830;35497
611776504;35498
611793178;35499
611809851;35500
611826525;35501
611843199;35502
611859872;35503
611876546;35504
611893220;35505
611909894;35506
611926567;35507
611943241;35508
611959915;35509
611976588;35510
612009936;35511
612026610;35512
612043283;35513
612059957;35514
612076631;35515
612093304;35516
612109978;35517
612126652;35518
612143326;35519
612159999;35520
612176673;35521
612193347;35522
612210020;35523
612226694;35524
612243368;35525
612260042;35526
612276715;35527
612293389;35528
612310063;35529
612326736;35530
612343410;35531
612360084;35532
612376758;35533
612393431;35534
612410105;35535
612426779;35536
612443452;35537
612460126;35538
612476800;35539
612510147;35540
612526821;35541
612543495;35542
612560168;35543
612576842;35544
612593516;35545
612610189;35546
612626863;35547
612643537;35548
612660211;35549
612676884;35550
612693558;35551
612710232;35552
612726906;35553
612743579;35554
612760253;35555
612776927;35556
612793600;35557
612810274;35558
612826948;35559
612843622;35560
612860295;35561
612876969;35562
612893643;35563
612910316;35564
612926990;35565
612943664;35566
612960337;35567
612977011;35568
613010359;35569
613027032;35570
613043706;35571
613060380;35572
613077053;35573
613093727;35574
613110401;35575
613127075;35576
613143748;35577
613160422;35578
613177096;35579
613193769;35580
613210443;35581
613227117;35582
613243791;35583
613260464;35584
613277138;35585
613293812;35586
613310485;35587
613327159;35588
613343833;35589
613360507;35590
613377180;35591
613393854;35592
613410528;35593
613427201;35594
613443875;35595
613460549;35596
613477223;35597
613510570;35598
613527244;35599
613543917;35600
613560591;35601
613577265;35602
613593938;35603
613610612;35604
613627286;35605
613643960;35606
613660633;35607
613677307;35608
613693981;35609
613710654;35610
613727328;35611
613744002;35612
613760676;35613
613777349;35614
613794023;35615
613810697;35616
613827370;35617
613844044;35618
613860718;35619
613877392;35620
613894065;35621
613910739;35622
613927413;35623
613944086;35624
613960760;35625
613977434;35626
614010781;35627
614027455;35628
614044129;35629
614060802;35630
614077476;35631
614094150;35632
614110824;35633
614127497;35634
614144171;35635
614160845;35636
614177518;35637
614194192;35638
614210866;35639
614227539;35640
614244213;35641
614260887;35642
614277561;35643
614294234;35644
614310908;35645
614327582;35646
614344255;35647
614360929;35648
614377603;35649
614394277;35650
614410950;35651
614427624;35652
614444298;35653
614460971;35654
614477645;35655
614510993;35656
614527666;35657
614544340;35658
614561014;35659
614577687;35660
614594361;35661
614611035;35662
614627708;35663
614644382;35664
614661056;35665
614677730;35666
614694403;35667
614711077;35668
614727751;35669
614744424;35670
614761098;35671
614777772;35672
614794445;35673
614811119;35674
614827793;35675
614844467;35676
614861140;35677
614877814;35678
614894488;35679
614911161;35680
614927835;35681
614944509;35682
614961183;35683
614977856;35684
615011204;35685
615027877;35686
615044551;35687
615061225;35688
615077899;35689
615094572;35690
615111246;35691
615127920;35692
615144593;35693
615161267;35694
615177941;35695
615194615;35696
615211288;35697
615227962;35698
615244636;35699
615261309;35700
615277983;35701
615294657;35702
615311330;35703
615328004;35704
615344678;35705
615361352;35706
615378025;35707
615394699;35708
615411373;35709
615428046;35710
615444720;35711
615461394;35712
615478068;35713
615511415;35714
615528089;35715
615544762;35716
615561436;35717
615578110;35718
615594783;35719
615611457;35720
615628131;35721
615644805;35722
615661478;35723
615678152;35724
615694826;35725
615711499;35726
615728173;35727
615744847;35728
615761521;35729
615778194;35730
615794868;35731
615811542;35732
615828215;35733
615844889;35734
615861563;35735
615878237;35736
615894910;35737
615911584;35738
615928258;35739
615944931;35740
615961605;35741
615978279;35742
616011626;35743
616028300;35744
616044974;35745
616061647;35746
616078321;35747
616094995;35748
616111668;35749
616128342;35750
616145016;35751
616161690;35752
616178363;35753
616195037;35754
616211711;35755
616228384;35756
616245058;35757
616261732;35758
616278405;35759
616295079;35760
616311753;35761
616328427;35762
616345100;35763
616361774;35764
616378448;35765
616395121;35766
616411795;35767
616428469;35768
616445142;35769
616461816;35770
616478490;35771
616511837;35772
616528511;35773
616545185;35774
616561858;35775
616578532;35776
616595206;35777
616611879;35778
616628553;35779
616645227;35780
616661901;35781
616678574;35782
616695248;35783
616711922;35784
616728595;35785
616745269;35786
616761943;35787
616778617;35788
616795290;35789
616811964;35790
616828638;35791
616845311;35792
616861985;35793
616878659;35794
616895332;35795
616912006;35796
616928680;35797
616945354;35798
616962027;35799
616978701;35800
617012048;35801
617028722;35802
617045396;35803
617062070;35804
617078743;35805
617095417;35806
617112091;35807
617128764;35808
617145438;35809
617162112;35810
617178785;35811
617195459;35812
617212133;35813
617228807;35814
617245480;35815
617262154;35816
617278828;35817
617295501;35818
617312175;35819
617328849;35820
617345522;35821
617362196;35822
617378870;35823
617395544;35824
617412217;35825
617428891;35826
617445565;35827
617462238;35828
617478912;35829
617512260;35830
617528933;35831
617545607;35832
617562281;35833
617578954;35834
617595628;35835
617612302;35836
617628975;35837
617645649;35838
617662323;35839
617678997;35840
617695670;35841
617712344;35842
617729018;35843
617745691;35844
617762365;35845
617779039;35846
617795712;35847
617812386;35848
617829060;35849
617845734;35850
617862407;35851
617879081;35852
617895755;35853
617912428;35854
617929102;35855
617945776;35856
617962450;35857
617979123;35858
618012471;35859
618029144;35860
618045818;35861
618062492;35862
618079165;35863
618095839;35864
618112513;35865
618129187;35866
618145860;35867
618162534;35868
618179208;35869
618195881;35870
618212555;35871
618229229;35872
618245902;35873
618262576;35874
618279250;35875
618295924;35876
618312597;35877
618329271;35878
618345945;35879
618362618;35880
618379292;35881
618395966;35882
618412639;35883
618429313;35884
618445987;35885
618462661;35886
618479334;35887
618512682;35888
618529355;35889
618546029;35890
618562703;35891
618579376;35892
618596050;35893
618612724;35894
618629398;35895
618646071;35896
618662745;35897
618679419;35898
618696092;35899
618712766;35900
618729440;35901
618746113;35902
618762787;35903
618779461;35904
618796135;35905
618812808;35906
618829482;35907
618846156;35908
618862829;35909
618879503;35910
618896177;35911
618912851;35912
618929524;35913
618946198;35914
618962872;35915
618979545;35916
619012893;35917
619029566;35918
619046240;35919
619062914;35920
619079588;35921
619096261;35922
619112935;35923
619129609;35924
619146282;35925
619162956;35926
619179630;35927
619196303;35928
619212977;35929
619229651;35930
619246324;35931
619262998;35932
619279672;35933
619296346;35934
619313019;35935
619329693;35936
619346367;35937
619363040;35938
619379714;35939
619396388;35940
619413061;35941
619429735;35942
619446409;35943
619463082;35944
619479756;35945
619513104;35946
619529777;35947
619546451;35948
619563125;35949
619579798;35950
619596472;35951
619613146;35952
619629820;35953
619646493;35954
619663167;35955
619679841;35956
619696514;35957
619713188;35958
619729862;35959
619746535;35960
619763209;35961
619779883;35962
619796556;35963
619813230;35964
619829904;35965
619846578;35966
619863251;35967
619879925;35968
619896599;35969
619913272;35970
619929946;35971
619946620;35972
619963293;35973
619979967;35974
620013315;35975
620029988;35976
620046662;35977
620063336;35978
620080009;35979
620096683;35980
620113357;35981
620130030;35982
620146704;35983
620163378;35984
620180051;35985
620196725;35986
620213399;35987
620230073;35988
620246746;35989
620263420;35990
620280094;35991
620296767;35992
620313441;35993
620330115;35994
620346788;35995
620363462;35996
620380136;35997
620396810;35998
620413483;35999
620430157;36000
620446831;36001
620463504;36002
620480178;36003
620513525;36004
620530199;36005
620546873;36006
620563546;36007
620580220;36008
620596894;36009
620613568;36010
620630241;36011
620646915;36012
620663589;36013
620680262;36014
620696936;36015
620713610;36016
620730283;36017
620746957;36018
620763631;36019
620780304;36020
620796978;36021
620813652;36022
620830326;36023
620846999;36024
620863673;36025
620880347;36026
620897020;36027
620913694;36028
620930368;36029
620947041;36030
620963715;36031
620980389;36032
621013736;36033
621030410;36034
621047084;36035
621063757;36036
621080431;36037
621097105;36038
621113778;36039
621130452;36040
621147126;36041
621163800;36042
621180473;36043
621197147;36044
621213821;36045
621230494;36046
621247168;36047
621263842;36048
621280515;36049
621297189;36050
621313863;36051
621330537;36052
621347210;36053
621363884;36054
621380558;36055
621397231;36056
621413905;36057
621430579;36058
621447252;36059
621463926;36060
621480600;36061
621513947;36062
621530621;36063
621547295;36064
621563968;36065
621580642;36066
621597316;36067
621613989;36068
621630663;36069
621647337;36070
621664010;36071
621680684;36072
621697358;36073
621714031;36074
621730705;36075
621747379;36076
621764053;36077
621780726;36078
621797400;36079
621814074;36080
621830747;36081
621847421;36082
621864095;36083
621880768;36084
621897442;36085
621914116;36086
621930789;36087
621947463;36088
621964137;36089
621980811;36090
622014158;36091
622030832;36092
622047505;36093
622064179;36094
622080853;36095
622097526;36096
622114200;36097
622130874;36098
622147548;36099
622164221;36100
622180895;36101
622197568;36102
622214242;36103
622230916;36104
622247590;36105
622264263;36106
622280937;36107
622297611;36108
622314284;36109
622330958;36110
622347632;36111
622364305;36112
622380979;36113
622397653;36114
622414326;36115
622431000;36116
622447674;36117
622464348;36118
622481021;36119
622514369;36120
622531042;36121
622547716;36122
622564390;36123
622581063;36124
622597737;36125
622614411;36126
622631084;36127
622647758;36128
622664432;36129
622681106;36130
622697779;36131
622714453;36132
622731127;36133
622747800;36134
622764474;36135
622781148;36136
622797821;36137
622814495;36138
622831169;36139
622847843;36140
622864516;36141
622881190;36142
622897864;36143
622914537;36144
622931211;36145
622947885;36146
622964558;36147
622981232;36148
623014579;36149
623031253;36150
623047927;36151
623064600;36152
623081274;36153
623097948;36154
623114622;36155
623131295;36156
623147969;36157
623164643;36158
623181316;36159
623197990;36160
623214664;36161
623231337;36162
623248011;36163
623264685;36164
623281358;36165
623298032;36166
623314706;36167
623331380;36168
623348053;36169
623364727;36170
623381401;36171
623398074;36172
623414748;36173
623431422;36174
623448095;36175
623464769;36176
623481443;36177
623514790;36178
623531464;36179
623548137;36180
623564811;36181
623581485;36182
623598159;36183
623614832;36184
623631506;36185
623648180;36186
623664853;36187
623681527;36188
623698201;36189
623714874;36190
623731548;36191
623748222;36192
623764895;36193
623781569;36194
623798243;36195
623814917;36196
623831590;36197
623848264;36198
623864938;36199
623881611;36200
623898285;36201
623914959;36202
623931632;36203
623948306;36204
623964980;36205
623981653;36206
624015001;36207
624031675;36208
624048348;36209
624065022;36210
624081695;36211
624098369;36212
624115043;36213
624131717;36214
624148390;36215
624165064;36216
624181738;36217
624198411;36218
624215085;36219
624231759;36220
624248432;36221
624265106;36222
624281780;36223
624298453;36224
624315127;36225
624331801;36226
624348475;36227
624365148;36228
624381822;36229
624398496;36230
624415169;36231
624431843;36232
624448517;36233
624465190;36234
624481864;36235
624515211;36236
624531885;36237
624548559;36238
624565232;36239
624581906;36240
624598580;36241
624615254;36242
624631927;36243
624648601;36244
624665275;36245
624681948;36246
624698622;36247
624715296;36248
624731969;36249
624748643;36250
624765317;36251
624781990;36252
624798664;36253
624815338;36254
624832012;36255
624848685;36256
624865359;36257
624882032;36258
624898706;36259
624915380;36260
624932054;36261
624948727;36262
624965401;36263
624982075;36264
624998748;36265
625032096;36266
625048769;36267
625065443;36268
625082117;36269
625098790;36270
625115464;36271
625132138;36272
625148811;36273
625165485;36274
625182159;36275
625198833;36276
625215506;36277
625232180;36278
625248854;36279
625265527;36280
625282201;36281
625298875;36282
625315548;36283
625332222;36284
625348896;36285
625365569;36286
625382243;36287
625398917;36288
625415590;36289
625432264;36290
625448938;36291
625465611;36292
625482285;36293
625498959;36294
625532306;36295
625548980;36296
625565654;36297
625582327;36298
625599001;36299
625615675;36300
625632348;36301
625649022;36302
625665696;36303
625682369;36304
625699043;36305
625715717;36306
625732391;36307
625749064;36308
625765738;36309
625782412;36310
625799085;36311
625815759;36312
625832433;36313
625849106;36314
625865780;36315
625882454;36316
625899127;36317
625915801;36318
625932475;36319
625949148;36320
625965822;36321
625982496;36322
625999169;36323
626032517;36324
626049191;36325
626065864;36326
626082538;36327
626099212;36328
626115885;36329
626132559;36330
626149233;36331
626165906;36332
626182580;36333
626199254;36334
626215927;36335
626232601;36336
626249275;36337
626265948;36338
626282622;36339
626299296;36340
626315969;36341
626332643;36342
626349317;36343
626365990;36344
626382664;36345
626399338;36346
626416012;36347
626432685;36348
626449359;36349
626466033;36350
626482706;36351
626499380;36352
626532727;36353
626549401;36354
626566075;36355
626582748;36356
626599422;36357
626616096;36358
626632769;36359
626649443;36360
626666117;36361
626682790;36362
626699464;36363
626716138;36364
626732812;36365
626749485;36366
626766159;36367
626782833;36368
626799506;36369
626816180;36370
626832854;36371
626849527;36372
626866201;36373
626882875;36374
626899548;36375
626916222;36376
626932896;36377
626949569;36378
626966243;36379
626982917;36380
626999590;36381
627032938;36382
627049612;36383
627066285;36384
627082959;36385
627099633;36386
627116306;36387
627132980;36388
627149654;36389
627166327;36390
627183001;36391
627199675;36392
627216348;36393
627233022;36394
627249696;36395
627266369;36396
627283043;36397
627299717;36398
627316391;36399
627333064;36400
627349738;36401
627366412;36402
627383085;36403
627399759;36404
627416433;36405
627433106;36406
627449780;36407
627466454;36408
627483127;36409
627499801;36410
627516475;36411
627549822;36412
627566496;36413
627583169;36414
627599843;36415
627616517;36416
627633190;36417
627649864;36418
627666538;36419
627683211;36420
627699885;36421
627716559;36422
627733232;36423
627749906;36424
627766580;36425
627783254;36426
627799927;36427
627816601;36428
627833275;36429
627849948;36430
627866622;36431
627883296;36432
627899969;36433
627916643;36434
627933317;36435
627949990;36436
627966664;36437
627983338;36438
628000011;36439
628016685;36440
628050032;36441
628066706;36442
628083380;36443
628100054;36444
628116727;36445
628133401;36446
628150074;36447
628166748;36448
628183422;36449
628200096;36450
628216769;36451
628233443;36452
628250117;36453
628266790;36454
628283464;36455
628300138;36456
628316811;36457
628333485;36458
628350159;36459
628366832;36460
628383506;36461
628400180;36462
628416853;36463
628433527;36464
628450201;36465
628466874;36466
628483548;36467
628500222;36468
628516895;36469
628550243;36470
628566917;36471
628583590;36472
628600264;36473
628616938;36474
628633611;36475
628650285;36476
628666959;36477
628683632;36478
628700306;36479
628716980;36480
628733653;36481
628750327;36482
628767001;36483
628783674;36484
628800348;36485
628817022;36486
628833695;36487
628850369;36488
628867043;36489
628883716;36490
628900390;36491
628917064;36492
628933737;36493
628950411;36494
628967085;36495
628983758;36496
629000432;36497
629017106;36498
629050453;36499
629067127;36500
629083801;36501
629100474;36502
629117148;36503
629133822;36504
629150495;36505
629167169;36506
629183843;36507
629200516;36508
629217190;36509
629233864;36510
629250537;36511
629267211;36512
629283885;36513
629300558;36514
629317232;36515
629333906;36516
629350580;36517
629367253;36518
629383927;36519
629400600;36520
629417274;36521
629433948;36522
629450621;36523
629467295;36524
629483969;36525
629500643;36526
629517316;36527
629550664;36528
629567337;36529
629584011;36530
629600685;36531
629617358;36532
629634032;36533
629650706;36534
629667379;36535
629684053;36536
629700727;36537
629717400;36538
629734074;36539
629750748;36540
629767421;36541
629784095;36542
629800769;36543
629817442;36544
629834116;36545
629850790;36546
629867464;36547
629884137;36548
629900811;36549
629917485;36550
629934158;36551
629950832;36552
629967506;36553
629984179;36554
630000853;36555
630017527;36556
630050874;36557
630067548;36558
630084221;36559
630100895;36560
630117569;36561
630134242;36562
630150916;36563
630167590;36564
630184263;36565
630200937;36566
630217611;36567
630234284;36568
630250958;36569
630267632;36570
630284305;36571
630300979;36572
630317653;36573
630334326;36574
630351000;36575
630367674;36576
630384347;36577
630401021;36578
630417695;36579
630434369;36580
630451042;36581
630467716;36582
630484390;36583
630501063;36584
630517737;36585
630551084;36586
630567758;36587
630584432;36588
630601105;36589
630617779;36590
630634453;36591
630651126;36592
630667800;36593
630684474;36594
630701147;36595
630717821;36596
630734495;36597
630751168;36598
630767842;36599
630784516;36600
630801189;36601
630817863;36602
630834537;36603
630851210;36604
630867884;36605
630884558;36606
630901231;36607
630917905;36608
630934579;36609
630951253;36610
630967926;36611
630984600;36612
631001274;36613
631017947;36614
631051295;36615
631067968;36616
631084642;36617
631101316;36618
631117989;36619
631134663;36620
631151337;36621
631168010;36622
631184684;36623
631201358;36624
631218031;36625
631234705;36626
631251379;36627
631268052;36628
631284726;36629
631301400;36630
631318073;36631
631334747;36632
631351421;36633
631368094;36634
631384768;36635
631401442;36636
631418115;36637
631434789;36638
631451463;36639
631468136;36640
631484810;36641
631501484;36642
631518158;36643
631551505;36644
631568178;36645
631584852;36646
631601526;36647
631618200;36648
631634873;36649
631651547;36650
631668221;36651
631684894;36652
631701568;36653
631718242;36654
631734915;36655
631751589;36656
631768263;36657
631784936;36658
631801610;36659
631818284;36660
631834957;36661
631851631;36662
631868305;36663
631884978;36664
631901652;36665
631918326;36666
631934999;36667
631951673;36668
631968347;36669
631985020;36670
632001694;36671
632018368;36672
632051715;36673
632068389;36674
632085062;36675
632101736;36676
632118410;36677
632135083;36678
632151757;36679
632168431;36680
632185104;36681
632201778;36682
632218452;36683
632235125;36684
632251799;36685
632268473;36686
632285146;36687
632301820;36688
632318494;36689
632335168;36690
632351841;36691
632368515;36692
632385189;36693
632401862;36694
632418536;36695
632435210;36696
632451883;36697
632468557;36698
632485231;36699
632501904;36700
632518578;36701
632551925;36702
632568599;36703
632585273;36704
632601946;36705
632618620;36706
632635294;36707
632651967;36708
632668641;36709
632685315;36710
632701988;36711
632718662;36712
632735336;36713
632752009;36714
632768683;36715
632785357;36716
632802030;36717
632818704;36718
632835378;36719
632852051;36720
-1;-1
-1;-1
-1;-1
-1;-1
-1;-1
-1;-1
-1;-1
-1;-1
-1;-1
-1;-1
-1;-1
-1;-1
-1;-1
-1;-1
-1;-1
-1;-1
-1;-1
-1;-1
-1;-1
-1;-1
-1;-1
-1;-1
-1;-1
-1;-1
-1;-1
-1;-1
-1;-1
-1;-1
-1;-1
-1;-1
-1;-1
-1;-1
-1;-1
-1;-1
-1;-1
-1;-1
-1;-1
-1;-1
-1;-1
-1;-1
-1;-1
-1;-1
-1;-1
-1;-1
-1;-1
-1;-1
-1;-1
-1;-1
-1;-1
-1;-1
-1;-1
-1;-1
-1;-1
-1;-1
-1;-1
-1;-1
-1;-1
-1;-1
-1;-1
-1;-1
-1;-1
-1;-1
-1;-1
-1;-1
-1;-1
-1;-1
-1;-1
-1;-1
-1;-1
-1;-1
-1;-1
-1;-1
-1;-1
-1;-1
-1;-1
-1;-1
-1;-1
-1;-1
-1;-1
-1;-1
-1;-1
-1;-1
-1;-1
-1;-1
-1;-1
-1;-1
-1;-1
-1;-1
-1;-1
-1;-1
-1;-1
-1;-1
-1;-1
-1;-1
-1;-1
-1;-1
-1;-1
-1;-1
-1;-1
-1;-1
-1;-1
-1;-1
-1;-1
-1;-1
-1;-1
-1;-1
-1;-1
-1;-1
-1;-1
-1;-1
-1;-1
-1;-1
-1;-1
-1;-1
-1;-1
-1;-1
-1;-1
-1;-1
-1;-1
-1;-1
-1;-1
-1;-1
-1;-1
-1;-1
-1;-1
-1;-1
-1;-1
-1;-1
-1;-1
-1;-1
-1;-1
-1;-1
-1;-1
-1;-1
-1;-1
-1;-1
-1;-1
-1;-1
-1;-1
-1;-1
-1;-1
-1;-1
-1;-1
-1;-1
-1;-1
-1;-1
-1;-1
