559921428;32492
559938102;32493
559954775;32494
559971449;32495
559988123;32496
560004797;32497
560021470;32498
560038144;32499
560054818;32500
560088166;32501
560104839;32502
560121513;32503
560138187;32504
560154861;32505
560171534;32506
560188208;32507
560204882;32508
560221556;32509
560238229;32510
560254903;32511
560271577;32512
560288251;32513
560304925;32514
560321598;32515
560338272;32516
560354946;32517
560371620;32518
560388293;32519
560404967;32520
560421641;32521
560438315;32522
560454989;32523
560471662;32524
560488336;32525
560505010;32526
560521684;32527
560538357;32528
560555031;32529
560588379;32530
560605052;32531
560621726;32532
560638400;32533
560655074;32534
560671748;32535
560688421;32536
560705095;32537
560721769;32538
560738443;32539
560755116;32540
560771790;32541
560788464;32542
560805138;32543
560821811;32544
560838485;32545
560855159;32546
560871833;32547
560888506;32548
560905180;32549
560921854;32550
560938528;32551
560955202;32552
560971875;32553
560988549;32554
561005223;32555
561021897;32556
561038570;32557
561055244;32558
561088592;32559
561105266;32560
561121939;32561
561138613;32562
561155287;32563
561171961;32564
561188634;32565
561205308;32566
561221982;32567
561238656;32568
561255329;32569
561272003;32570
561288677;32571
561305351;32572
561322024;32573
561338698;32574
561355372;32575
561372046;32576
561388719;32577
561405393;32578
561422067;32579
561438741;32580
561455414;32581
561472088;32582
561488762;32583
561505436;32584
561522110;32585
561538783;32586
561555457;32587
561588805;32588
561605478;32589
561622152;32590
561638826;32591
561655500;32592
561672173;32593
561688847;32594
561705521;32595
561722195;32596
561738869;32597
561755542;32598
561772216;32599
561788890;32600
561805564;32601
561822237;32602
561838911;32603
561855585;32604
561872259;32605
561888932;32606
561905606;32607
561922280;32608
561938954;32609
561955628;32610
561972301;32611
561988975;32612
562005649;32613
562022323;32614
562038996;32615
562055670;32616
562089018;32617
562105691;32618
562122365;32619
562139039;32620
562155713;32621
562172386;32622
562189060;32623
562205734;32624
562222408;32625
562239081;32626
562255755;32627
562272429;32628
562289103;32629
562305776;32630
562322450;32631
562339124;32632
562355798;32633
562372472;32634
562389145;32635
562405819;32636
562422493;32637
562439167;32638
562455840;32639
562472514;32640
562489188;32641
562505862;32642
562522535;32643
562539209;32644
562555883;32645
562589230;32646
562605904;32647
562622578;32648
562639252;32649
562655925;32650
562672599;32651
562689273;32652
562705947;32653
562722620;32654
562739294;32655
562755968;32656
562772642;32657
562789316;32658
562805989;32659
562822663;32660
562839337;32661
562856011;32662
562872684;32663
562889358;32664
562906032;32665
562922706;32666
562939379;32667
562956053;32668
562972727;32669
562989401;32670
563006074;32671
563022748;32672
563039422;32673
563056096;32674
563089443;32675
563106117;32676
563122791;32677
563139465;32678
563156138;32679
563172812;32680
563189486;32681
563206159;32682
563222833;32683
563239507;32684
563256181;32685
563272855;32686
563289528;32687
563306202;32688
563322876;32689
563339550;32690
563356223;32691
563372897;32692
563389571;32693
563406244;32694
563422918;32695
563439592;32696
563456266;32697
563472940;32698
563489613;32699
563506287;32700
563522961;32701
563539635;32702
563556308;32703
563589656;32704
563606330;32705
563623003;32706
563639677;32707
563656351;32708
563673025;32709
563689698;32710
563706372;32711
563723046;32712
563739720;32713
563756393;32714
563773067;32715
563789741;32716
563806415;32717
563823088;32718
563839762;32719
563856436;32720
563873110;32721
563889784;32722
563906457;32723
563923131;32724
563939805;32725
563956478;32726
563973152;32727
563989826;32728
564006500;32729
564023173;32730
564039847;32731
564056521;32732
564089869;32733
564106542;32734
564123216;32735
564139890;32736
564156563;32737
564173237;32738
564189911;32739
564206585;32740
564223258;32741
564239932;32742
564256606;32743
564273280;32744
564289953;32745
564306627;32746
564323301;32747
564339975;32748
564356648;32749
564373322;32750
564389996;32751
564406670;32752
564423344;32753
564440017;32754
564456691;32755
564473365;32756
564490038;32757
564506712;32758
564523386;32759
564540060;32760
564556733;32761
564590081;32762
564606755;32763
564623428;32764
564640102;32765
564656776;32766
564673450;32767
564690123;32768
564706797;32769
564723471;32770
564740145;32771
564756819;32772
564773492;32773
564790166;32774
564806840;32775
564823513;32776
564840187;32777
564856861;32778
564873535;32779
564890208;32780
564906882;32781
564923556;32782
564940230;32783
564956904;32784
564973577;32785
564990251;32786
565006925;32787
565023598;32788
565040272;32789
565056946;32790
565090293;32791
565106967;32792
565123641;32793
565140315;32794
565156988;32795
565173662;32796
565190336;32797
565207010;32798
565223683;32799
565240357;32800
565257031;32801
565273705;32802
565290378;32803
565307052;32804
565323726;32805
565340400;32806
565357073;32807
565373747;32808
565390421;32809
565407095;32810
565423768;32811
565440442;32812
565457116;32813
565473790;32814
565490463;32815
565507137;32816
565523811;32817
565540485;32818
565557158;32819
565590506;32820
565607179;32821
565623853;32822
565640527;32823
565657201;32824
565673875;32825
565690548;32826
565707222;32827
565723896;32828
565740569;32829
565757243;32830
565773917;32831
565790591;32832
565807264;32833
565823938;32834
565840612;32835
565857286;32836
565873959;32837
565890633;32838
565907307;32839
565923981;32840
565940654;32841
565957328;32842
565974002;32843
565990676;32844
566007349;32845
566024023;32846
566040697;32847
566057371;32848
566090718;32849
566107392;32850
566124066;32851
566140739;32852
566157413;32853
566174087;32854
566190761;32855
566207434;32856
566224108;32857
566240782;32858
566257455;32859
566274129;32860
566290803;32861
566307477;32862
566324150;32863
566340824;32864
566357498;32865
566374172;32866
566390845;32867
566407519;32868
566424193;32869
566440867;32870
566457540;32871
566474214;32872
566490888;32873
566507562;32874
566524235;32875
566540909;32876
566557583;32877
566590930;32878
566607604;32879
566624278;32880
566640951;32881
566657625;32882
566674299;32883
566690973;32884
566707646;32885
566724320;32886
566740994;32887
566757668;32888
566774341;32889
566791015;32890
566807689;32891
566824362;32892
566841036;32893
566857710;32894
566874384;32895
566891058;32896
566907731;32897
566924405;32898
566941079;32899
566957753;32900
566974426;32901
566991100;32902
567007774;32903
567024447;32904
567041121;32905
567057795;32906
567091142;32907
567107816;32908
567124490;32909
567141164;32910
567157837;32911
567174511;32912
567191185;32913
567207858;32914
567224532;32915
567241206;32916
567257880;32917
567274553;32918
567291227;32919
567307901;32920
567324575;32921
567341248;32922
567357922;32923
567374596;32924
567391270;32925
567407943;32926
567424617;32927
567441291;32928
567457964;32929
567474638;32930
567491312;32931
567507986;32932
567524659;32933
567541333;32934
567558007;32935
567591354;32936
567608028;32937
567624702;32938
567641376;32939
567658049;32940
567674723;32941
567691397;32942
567708071;32943
567724744;32944
567741418;32945
567758092;32946
567774765;32947
567791439;32948
567808113;32949
567824787;32950
567841460;32951
567858134;32952
567874808;32953
567891482;32954
567908155;32955
567924829;32956
567941503;32957
567958177;32958
567974850;32959
567991524;32960
568008198;32961
568024871;32962
568041545;32963
568058219;32964
568091566;32965
568108240;32966
568124914;32967
568141588;32968
568158261;32969
568174935;32970
568191609;32971
568208283;32972
568224956;32973
568241630;32974
568258304;32975
568274977;32976
568291651;32977
568308325;32978
568324999;32979
568341672;32980
568358346;32981
568375020;32982
568391694;32983
568408367;32984
568425041;32985
568441715;32986
568458388;32987
568475062;32988
568491736;32989
568508410;32990
568525083;32991
568541757;32992
568558431;32993
568591778;32994
568608452;32995
568625126;32996
568641799;32997
568658473;32998
568675147;32999
568691821;33000
568708494;33001
568725168;33002
568741842;33003
568758516;33004
568775189;33005
568791863;33006
568808537;33007
568825210;33008
568841884;33009
568858558;33010
568875232;33011
568891905;33012
568908579;33013
568925253;33014
568941927;33015
568958600;33016
568975274;33017
568991948;33018
569008621;33019
569025295;33020
569041969;33021
569058643;33022
569091990;33023
569108664;33024
569125338;33025
569142011;33026
569158685;33027
569175359;33028
569192032;33029
569208706;33030
569225380;33031
569242054;33032
569258727;33033
569275401;33034
569292075;33035
569308749;33036
569325422;33037
569342096;33038
569358770;33039
569375443;33040
569392117;33041
569408791;33042
569425465;33043
569442138;33044
569458812;33045
569475486;33046
569492159;33047
569508833;33048
569525507;33049
569542181;33050
569558854;33051
569592202;33052
569608876;33053
569625549;33054
569642223;33055
569658897;33056
569675570;33057
569692244;33058
569708918;33059
569725592;33060
569742265;33061
569758939;33062
569775613;33063
569792287;33064
569808960;33065
569825634;33066
569842308;33067
569858982;33068
569875655;33069
569892329;33070
569909003;33071
569925676;33072
569942350;33073
569959024;33074
569975697;33075
569992371;33076
570009045;33077
570025719;33078
570042392;33079
570059066;33080
570092414;33081
570109087;33082
570125761;33083
570142435;33084
570159108;33085
570175782;33086
570192456;33087
570209130;33088
570225803;33089
570242477;33090
570259151;33091
570275825;33092
570292498;33093
570309172;33094
570325846;33095
570342519;33096
570359193;33097
570375867;33098
570392541;33099
570409214;33100
570425888;33101
570442562;33102
570459235;33103
570475909;33104
570492583;33105
570509257;33106
570525930;33107
570542604;33108
570559278;33109
570592625;33110
570609299;33111
570625973;33112
570642646;33113
570659320;33114
570675994;33115
570692667;33116
570709341;33117
570726015;33118
570742689;33119
570759362;33120
570776036;33121
570792710;33122
570809384;33123
570826057;33124
570842731;33125
570859405;33126
570876078;33127
570892752;33128
570909426;33129
570926100;33130
570942773;33131
570959447;33132
570976121;33133
570992794;33134
571009468;33135
571026142;33136
571042816;33137
571059489;33138
571092837;33139
571109511;33140
571126184;33141
571142858;33142
571159532;33143
571176205;33144
571192879;33145
571209553;33146
571226226;33147
571242900;33148
571259574;33149
571276248;33150
571292921;33151
571309595;33152
571326269;33153
571342943;33154
571359616;33155
571376290;33156
571392964;33157
571409637;33158
571426311;33159
571442985;33160
571459658;33161
571476332;33162
571493006;33163
571509680;33164
571526353;33165
571543027;33166
571559701;33167
571593048;33168
571609722;33169
571626396;33170
571643069;33171
571659743;33172
571676417;33173
571693090;33174
571709764;33175
571726438;33176
571743112;33177
571759785;33178
571776459;33179
571793133;33180
571809806;33181
571826480;33182
571843154;33183
571859828;33184
571876501;33185
571893175;33186
571909849;33187
571926522;33188
571943196;33189
571959870;33190
571976544;33191
571993217;33192
572009891;33193
572026565;33194
572043238;33195
572059912;33196
572093260;33197
572109933;33198
572126607;33199
572143281;33200
572159954;33201
572176628;33202
572193302;33203
572209976;33204
572226649;33205
572243323;33206
572259997;33207
572276670;33208
572293344;33209
572310018;33210
572326692;33211
572343365;33212
572360039;33213
572376713;33214
572393386;33215
572410060;33216
572426734;33217
572443408;33218
572460081;33219
572476755;33220
572493429;33221
572510102;33222
572526776;33223
572543450;33224
572560124;33225
572593471;33226
572610145;33227
572626818;33228
572643492;33229
572660166;33230
572676839;33231
572693513;33232
572710187;33233
572726861;33234
572743534;33235
572760208;33236
572776882;33237
572793555;33238
572810229;33239
572826903;33240
572843577;33241
572860250;33242
572876924;33243
572893598;33244
572910271;33245
572926945;33246
572943619;33247
572960293;33248
572976966;33249
572993640;33250
573010314;33251
573026987;33252
573043661;33253
573060335;33254
573093682;33255
573110356;33256
573127030;33257
573143703;33258
573160377;33259
573177051;33260
573193724;33261
573210398;33262
573227072;33263
573243746;33264
573260419;33265
573277093;33266
573293767;33267
573310440;33268
573327114;33269
573343788;33270
573360462;33271
573377135;33272
573393809;33273
573410483;33274
573427156;33275
573443830;33276
573460504;33277
573477178;33278
573493851;33279
573510525;33280
573527199;33281
573543872;33282
573560546;33283
573593893;33284
573610567;33285
573627241;33286
573643915;33287
573660588;33288
573677262;33289
573693936;33290
573710609;33291
573727283;33292
573743957;33293
573760631;33294
573777304;33295
573793978;33296
573810652;33297
573827325;33298
573843999;33299
573860673;33300
573877346;33301
573894020;33302
573910694;33303
573927368;33304
573944041;33305
573960715;33306
573977389;33307
573994062;33308
574010736;33309
574027410;33310
574044084;33311
574060757;33312
574094105;33313
574110778;33314
574127452;33315
574144126;33316
574160800;33317
574177473;33318
574194147;33319
574210821;33320
574227494;33321
574244168;33322
574260842;33323
574277515;33324
574294189;33325
574310863;33326
574327536;33327
574344210;33328
574360884;33329
574377558;33330
574394231;33331
574410905;33332
574427579;33333
574444252;33334
574460926;33335
574477600;33336
574494274;33337
574510947;33338
574527621;33339
574544295;33340
574560968;33341
574594316;33342
574610989;33343
574627663;33344
574644337;33345
574661011;33346
574677684;33347
574694358;33348
574711032;33349
574727705;33350
574744379;33351
574761053;33352
574777727;33353
574794400;33354
574811074;33355
574827748;33356
574844421;33357
574861095;33358
574877769;33359
574894442;33360
574911116;33361
574927790;33362
574944464;33363
574961137;33364
574977811;33365
574994485;33366
575011158;33367
575027832;33368
575044506;33369
575061179;33370
575094527;33371
575111201;33372
575127874;33373
575144548;33374
575161222;33375
575177895;33376
575194569;33377
575211243;33378
575227917;33379
575244590;33380
575261264;33381
575277938;33382
575294611;33383
575311285;33384
575327959;33385
575344632;33386
575361306;33387
575377980;33388
575394653;33389
575411327;33390
575428001;33391
575444675;33392
575461348;33393
575478022;33394
575494696;33395
575511369;33396
575528043;33397
575544717;33398
575561390;33399
575594738;33400
575611412;33401
575628085;33402
575644759;33403
575661433;33404
575678106;33405
575694780;33406
575711454;33407
575728127;33408
575744801;33409
575761475;33410
575778149;33411
575794822;33412
575811496;33413
575828170;33414
575844843;33415
575861517;33416
575878191;33417
575894864;33418
575911538;33419
575928212;33420
575944886;33421
575961559;33422
575978233;33423
575994907;33424
576011580;33425
576028254;33426
576044928;33427
576061601;33428
576094949;33429
576111623;33430
576128296;33431
576144970;33432
576161644;33433
576178317;33434
576194991;33435
576211665;33436
576228338;33437
576245012;33438
576261686;33439
576278359;33440
576295033;33441
576311707;33442
576328381;33443
576345054;33444
576361728;33445
576378402;33446
576395075;33447
576411749;33448
576428423;33449
576445097;33450
576461770;33451
576478444;33452
576495118;33453
576511791;33454
576528465;33455
576545139;33456
576561812;33457
576595160;33458
576611834;33459
576628507;33460
576645181;33461
576661855;33462
576678528;33463
576695202;33464
576711876;33465
576728549;33466
576745223;33467
576761897;33468
576778570;33469
576795244;33470
576811918;33471
576828592;33472
576845265;33473
576861939;33474
576878613;33475
576895286;33476
576911960;33477
576928634;33478
576945307;33479
576961981;33480
576978655;33481
576995329;33482
577012002;33483
577028676;33484
577045350;33485
577062023;33486
577095371;33487
577112044;33488
577128718;33489
577145392;33490
577162065;33491
577178739;33492
577195413;33493
577212087;33494
577228760;33495
577245434;33496
577262108;33497
577278781;33498
577295455;33499
577312129;33500
577328802;33501
577345476;33502
577362150;33503
577378824;33504
577395497;33505
577412171;33506
577428845;33507
577445518;33508
577462192;33509
577478866;33510
577495539;33511
577512213;33512
577528887;33513
577545560;33514
577562234;33515
577595582;33516
577612255;33517
577628929;33518
577645603;33519
577662276;33520
577678950;33521
577695624;33522
577712297;33523
577728971;33524
577745645;33525
577762319;33526
577778992;33527
577795666;33528
577812340;33529
577829013;33530
577845687;33531
577862361;33532
577879034;33533
577895708;33534
577912382;33535
577929055;33536
577945729;33537
577962403;33538
577979077;33539
577995750;33540
578012424;33541
578029098;33542
578045771;33543
578062445;33544
578095792;33545
578112466;33546
578129140;33547
578145814;33548
578162487;33549
578179161;33550
578195835;33551
578212508;33552
578229182;33553
578245856;33554
578262529;33555
578279203;33556
578295877;33557
578312550;33558
578329224;33559
578345898;33560
578362572;33561
578379245;33562
578395919;33563
578412593;33564
578429266;33565
578445940;33566
578462614;33567
578479287;33568
578495961;33569
578512635;33570
578529308;33571
578545982;33572
578562656;33573
578596003;33574
578612677;33575
578629351;33576
578646024;33577
578662698;33578
578679372;33579
578696045;33580
578712719;33581
578729393;33582
578746066;33583
578762740;33584
578779414;33585
578796087;33586
578812761;33587
578829435;33588
578846109;33589
578862782;33590
578879456;33591
578896130;33592
578912803;33593
578929477;33594
578946151;33595
578962824;33596
578979498;33597
578996172;33598
579012845;33599
579029519;33600
579046193;33601
579062867;33602
579096214;33603
579112888;33604
579129561;33605
579146235;33606
579162909;33607
579179582;33608
579196256;33609
579212930;33610
579229604;33611
579246277;33612
579262951;33613
579279624;33614
579296298;33615
579312972;33616
579329646;33617
579346319;33618
579362993;33619
579379667;33620
579396340;33621
579413014;33622
579429688;33623
579446361;33624
579463035;33625
579479709;33626
579496382;33627
579513056;33628
579529730;33629
579546404;33630
579563077;33631
579596425;33632
579613098;33633
579629772;33634
579646446;33635
579663119;33636
579679793;33637
579696467;33638
579713140;33639
579729814;33640
579746488;33641
579763161;33642
579779835;33643
579796509;33644
579813183;33645
579829856;33646
579846530;33647
579863204;33648
579879877;33649
579896551;33650
579913225;33651
579929898;33652
579946572;33653
579963246;33654
579979919;33655
579996593;33656
580013267;33657
580029941;33658
580046614;33659
580063288;33660
580096635;33661
580113309;33662
580129983;33663
580146656;33664
580163330;33665
580180004;33666
580196677;33667
580213351;33668
580230025;33669
580246699;33670
580263372;33671
580280046;33672
580296720;33673
580313393;33674
580330067;33675
580346741;33676
580363414;33677
580380088;33678
580396762;33679
580413435;33680
580430109;33681
580446783;33682
580463457;33683
580480130;33684
580496804;33685
580513478;33686
580530151;33687
580546825;33688
580563499;33689
580596846;33690
580613520;33691
580630193;33692
580646867;33693
580663541;33694
580680215;33695
580696888;33696
580713562;33697
580730236;33698
580746909;33699
580763583;33700
580780257;33701
580796930;33702
580813604;33703
580830278;33704
580846951;33705
580863625;33706
580880299;33707
580896972;33708
580913646;33709
580930320;33710
580946994;33711
580963667;33712
580980341;33713
580997015;33714
581013688;33715
581030362;33716
581047036;33717
581063709;33718
581097057;33719
581113730;33720
581130404;33721
581147078;33722
581163752;33723
581180425;33724
581197099;33725
581213773;33726
581230446;33727
581247120;33728
581263794;33729
581280467;33730
581297141;33731
581313815;33732
581330488;33733
581347162;33734
581363836;33735
581380510;33736
581397183;33737
581413857;33738
581430530;33739
581447204;33740
581463878;33741
581480552;33742
581497225;33743
581513899;33744
581530573;33745
581547246;33746
581563920;33747
581597267;33748
581613941;33749
581630615;33750
581647288;33751
581663962;33752
581680636;33753
581697310;33754
581713983;33755
581730657;33756
581747331;33757
581764004;33758
581780678;33759
581797352;33760
581814025;33761
581830699;33762
581847373;33763
581864046;33764
581880720;33765
581897394;33766
581914068;33767
581930741;33768
581947415;33769
581964089;33770
581980762;33771
581997436;33772
582014110;33773
582030783;33774
582047457;33775
582064131;33776
582097478;33777
582114152;33778
582130825;33779
582147499;33780
582164173;33781
582180847;33782
582197520;33783
582214194;33784
582230868;33785
582247541;33786
582264215;33787
582280889;33788
582297562;33789
582314236;33790
582330910;33791
582347584;33792
582364257;33793
582380931;33794
582397605;33795
582414278;33796
582430952;33797
582447626;33798
582464299;33799
582480973;33800
582497647;33801
582514320;33802
582530994;33803
582547668;33804
582564341;33805
582597689;33806
582614363;33807
582631036;33808
582647710;33809
582664384;33810
582681057;33811
582697731;33812
582714405;33813
582731078;33814
582747752;33815
582764426;33816
582781099;33817
582797773;33818
582814447;33819
582831120;33820
582847794;33821
582864468;33822
582881142;33823
582897815;33824
582914489;33825
582931163;33826
582947836;33827
582964510;33828
582981184;33829
582997857;33830
583014531;33831
583031205;33832
583047878;33833
583064552;33834
583097899;33835
583114573;33836
583131247;33837
583147921;33838
583164594;33839
583181268;33840
583197942;33841
583214615;33842
583231289;33843
583247963;33844
583264636;33845
583281310;33846
583297984;33847
583314657;33848
583331331;33849
583348005;33850
583364679;33851
583381352;33852
583398026;33853
583414700;33854
583431373;33855
583448047;33856
583464721;33857
583481394;33858
583498068;33859
583514742;33860
583531416;33861
583548089;33862
583564763;33863
583598110;33864
583614784;33865
583631458;33866
583648131;33867
583664805;33868
583681479;33869
583698152;33870
583714826;33871
583731500;33872
583748174;33873
583764847;33874
583781521;33875
583798195;33876
583814868;33877
583831542;33878
583848216;33879
583864889;33880
583881563;33881
583898237;33882
583914910;33883
583931584;33884
583948258;33885
583964932;33886
583981605;33887
583998279;33888
584014953;33889
584031626;33890
584048300;33891
584064974;33892
584098321;33893
584114995;33894
584131668;33895
584148342;33896
584165016;33897
584181689;33898
584198363;33899
584215037;33900
584231711;33901
584248384;33902
584265058;33903
584281732;33904
584298405;33905
584315079;33906
584331753;33907
584348426;33908
584365100;33909
584381774;33910
584398447;33911
584415121;33912
584431795;33913
584448468;33914
584465142;33915
584481816;33916
584498490;33917
584515163;33918
584531837;33919
584548511;33920
584565184;33921
584598532;33922
584615205;33923
584631879;33924
584648553;33925
584665227;33926
584681900;33927
584698574;33928
584715248;33929
584731921;33930
584748595;33931
584765269;33932
584781942;33933
584798616;33934
584815290;33935
584831964;33936
584848637;33937
584865311;33938
584881984;33939
584898658;33940
584915332;33941
584932006;33942
584948679;33943
584965353;33944
584982027;33945
584998700;33946
585015374;33947
585032048;33948
585048721;33949
585065395;33950
585098743;33951
585115416;33952
585132090;33953
585148764;33954
585165437;33955
585182111;33956
585198785;33957
585215458;33958
585232132;33959
585248806;33960
585265479;33961
585282153;33962
585298827;33963
585315501;33964
585332174;33965
585348848;33966
585365522;33967
585382195;33968
585398869;33969
585415543;33970
585432216;33971
585448890;33972
585465564;33973
585482237;33974
585498911;33975
585515585;33976
585532259;33977
585548932;33978
585565606;33979
585598953;33980
585615627;33981
585632301;33982
585648974;33983
585665648;33984
585682322;33985
585698995;33986
585715669;33987
585732343;33988
585749017;33989
585765690;33990
585782364;33991
585799038;33992
585815711;33993
585832385;33994
585849059;33995
585865732;33996
585882406;33997
585899080;33998
585915753;33999
585932427;34000
585949101;34001
585965775;34002
585982448;34003
585999122;34004
586015796;34005
586032469;34006
586049143;34007
586065817;34008
586099164;34009
586115838;34010
586132512;34011
586149185;34012
586165859;34013
586182533;34014
586199206;34015
586215880;34016
586232554;34017
586249227;34018
586265901;34019
586282575;34020
586299248;34021
586315922;34022
586332596;34023
586349270;34024
586365943;34025
586382617;34026
586399291;34027
586415964;34028
586432638;34029
586449312;34030
586465985;34031
586482659;34032
586499333;34033
586516006;34034
586532680;34035
586549354;34036
586566028;34037
586599375;34038
586616049;34039
586632722;34040
586649396;34041
586666070;34042
586682743;34043
586699417;34044
586716091;34045
586732765;34046
586749438;34047
586766112;34048
586782786;34049
586799459;34050
586816133;34051
586832807;34052
586849480;34053
586866154;34054
586882828;34055
586899501;34056
586916175;34057
586932849;34058
586949522;34059
586966196;34060
586982870;34061
586999544;34062
587016217;34063
587032891;34064
587049565;34065
587066238;34066
587099586;34067
587116259;34068
587132933;34069
587149607;34070
587166281;34071
587182954;34072
587199628;34073
587216302;34074
587232975;34075
587249649;34076
587266323;34077
587282996;34078
587299670;34079
587316344;34080
587333018;34081
587349691;34082
587366365;34083
587383039;34084
587399712;34085
587416386;34086
587433060;34087
587449733;34088
587466407;34089
587483081;34090
587499755;34091
587516428;34092
587533102;34093
587549776;34094
587566449;34095
587599797;34096
587616470;34097
587633144;34098
587649818;34099
587666491;34100
587683165;34101
587699839;34102
587716513;34103
587733186;34104
587749860;34105
587766534;34106
587783207;34107
587799881;34108
587816555;34109
587833228;34110
587849902;34111
587866576;34112
587883250;34113
587899923;34114
587916597;34115
587933271;34116
587949944;34117
587966618;34118
587983292;34119
587999965;34120
588016639;34121
588033313;34122
588049987;34123
588066660;34124
588100008;34125
588116681;34126
588133355;34127
588150029;34128
588166702;34129
588183376;34130
588200050;34131
588216724;34132
588233397;34133
588250071;34134
588266745;34135
588283418;34136
588300092;34137
588316766;34138
588333439;34139
588350113;34140
588366787;34141
588383460;34142
588400134;34143
588416808;34144
588433482;34145
588450155;34146
588466829;34147
588483503;34148
588500176;34149
588516850;34150
588533524;34151
588550198;34152
588566871;34153
588600219;34154
588616892;34155
588633566;34156
588650240;34157
588666913;34158
588683587;34159
588700261;34160
588716935;34161
588733608;34162
588750282;34163
588766956;34164
588783629;34165
588800303;34166
588816977;34167
588833650;34168
588850324;34169
588866998;34170
588883671;34171
588900345;34172
588917019;34173
588933693;34174
588950366;34175
588967040;34176
588983714;34177
589000387;34178
589017061;34179
589033735;34180
589050408;34181
589067082;34182
589100430;34183
589117103;34184
589133777;34185
589150451;34186
589167124;34187
589183798;34188
589200472;34189
589217145;34190
589233819;34191
589250493;34192
589267167;34193
589283840;34194
589300514;34195
589317188;34196
589333861;34197
589350535;34198
589367209;34199
589383883;34200
589400556;34201
589417230;34202
589433904;34203
589450577;34204
589467251;34205
589483925;34206
589500599;34207
589517272;34208
589533946;34209
589550619;34210
589567293;34211
589600641;34212
589617314;34213
589633988;34214
589650662;34215
589667335;34216
589684009;34217
589700683;34218
589717357;34219
589734030;34220
589750704;34221
589767378;34222
589784051;34223
589800725;34224
589817399;34225
589834073;34226
589850746;34227
589867420;34228
589884094;34229
589900767;34230
589917441;34231
589934115;34232
589950788;34233
589967462;34234
589984136;34235
590000809;34236
590017483;34237
590034157;34238
590050831;34239
590067504;34240
590100852;34241
590117525;34242
590134199;34243
590150873;34244
590167547;34245
590184220;34246
590200894;34247
590217568;34248
590234241;34249
590250915;34250
590267589;34251
590284263;34252
590300936;34253
590317610;34254
590334284;34255
590350957;34256
590367631;34257
590384305;34258
590400978;34259
590417652;34260
590434326;34261
590450999;34262
590467673;34263
590484347;34264
590501021;34265
590517694;34266
590534368;34267
590551042;34268
590567716;34269
590601063;34270
590617737;34271
590634410;34272
590651084;34273
590667758;34274
590684431;34275
590701105;34276
590717779;34277
590734453;34278
590751126;34279
590767800;34280
590784474;34281
590801147;34282
590817821;34283
590834495;34284
590851168;34285
590867842;34286
590884516;34287
590901190;34288
590917863;34289
590934537;34290
590951211;34291
590967884;34292
590984558;34293
591001232;34294
591017905;34295
591034579;34296
591051253;34297
591067927;34298
591101274;34299
591117948;34300
591134621;34301
591151295;34302
591167969;34303
591184642;34304
591201316;34305
591217990;34306
591234664;34307
591251337;34308
591268011;34309
591284685;34310
591301358;34311
591318032;34312
591334706;34313
591351380;34314
591368053;34315
591384727;34316
591401401;34317
591418074;34318
591434748;34319
591451422;34320
591468096;34321
591484769;34322
591501443;34323
591518117;34324
591534790;34325
591551464;34326
591568138;34327
591601485;34328
591618159;34329
591634833;34330
591651506;34331
591668180;34332
591684854;34333
591701527;34334
591718201;34335
591734875;34336
591751548;34337
591768222;34338
591784896;34339
591801570;34340
591818243;34341
591834917;34342
591851591;34343
591868264;34344
591884938;34345
591901612;34346
591918286;34347
591934959;34348
591951633;34349
591968307;34350
591984980;34351
592001654;34352
592018328;34353
592035002;34354
592051675;34355
592068349;34356
592101696;34357
592118370;34358
592135044;34359
592151718;34360
592168391;34361
592185065;34362
592201739;34363
592218412;34364
592235086;34365
592251760;34366
592268433;34367
592285107;34368
592301781;34369
592318455;34370
592335128;34371
592351802;34372
592368476;34373
592385149;34374
592401823;34375
592418497;34376
592435170;34377
592451844;34378
592468518;34379
592485192;34380
592501865;34381
592518539;34382
592535213;34383
592551886;34384
592568560;34385
592601908;34386
592618581;34387
592635255;34388
592651929;34389
592668602;34390
592685276;34391
592701950;34392
592718624;34393
592735297;34394
592751971;34395
592768645;34396
592785318;34397
592801992;34398
592818666;34399
592835339;34400
592852013;34401
592868687;34402
592885360;34403
592902034;34404
592918708;34405
592935382;34406
592952055;34407
592968729;34408
592985403;34409
593002077;34410
593018750;34411
593035424;34412
593052098;34413
593068771;34414
593102119;34415
593118792;34416
593135466;34417
593152140;34418
593168814;34419
593185487;34420
593202161;34421
593218835;34422
593235508;34423
593252182;34424
593268856;34425
593285530;34426
593302203;34427
593318877;34428
593335551;34429
593352224;34430
593368898;34431
593385572;34432
593402246;34433
593418919;34434
593435593;34435
593452267;34436
593468940;34437
593485614;34438
593502288;34439
593518961;34440
593535635;34441
593552309;34442
593568983;34443
593602330;34444
593619004;34445
593635677;34446
593652351;34447
593669025;34448
593685699;34449
593702372;34450
593719046;34451
593735720;34452
593752393;34453
593769067;34454
593785741;34455
593802415;34456
593819088;34457
593835762;34458
593852436;34459
593869109;34460
593885783;34461
593902457;34462
593919130;34463
593935804;34464
593952478;34465
593969152;34466
593985825;34467
594002499;34468
594019173;34469
594035846;34470
594052520;34471
594069194;34472
594102541;34473
594119215;34474
594135889;34475
594152562;34476
594169236;34477
594185910;34478
594202584;34479
594219257;34480
594235931;34481
594252605;34482
594269278;34483
594285952;34484
594302626;34485
594319300;34486
594335973;34487
594352647;34488
594369321;34489
594385994;34490
594402668;34491
594419342;34492
594436016;34493
594452689;34494
594469363;34495
594486037;34496
594502710;34497
594519384;34498
594536058;34499
594552732;34500
594569405;34501
594602753;34502
594619426;34503
594636100;34504
594652774;34505
594669448;34506
594686121;34507
594702795;34508
594719469;34509
594736142;34510
594752816;34511
594769490;34512
594786164;34513
594802837;34514
594819511;34515
594836185;34516
594852858;34517
594869532;34518
594886206;34519
594902879;34520
594919553;34521
594936227;34522
594952901;34523
594969574;34524
594986248;34525
595002922;34526
595019595;34527
595036269;34528
595052943;34529
595069617;34530
595102964;34531
595119638;34532
595136312;34533
595152985;34534
595169659;34535
595186333;34536
595203006;34537
595219680;34538
595236354;34539
595253027;34540
595269701;34541
595286375;34542
595303049;34543
595319722;34544
595336396;34545
595353070;34546
595369744;34547
595386417;34548
595403091;34549
595419765;34550
595436438;34551
595453112;34552
595469786;34553
595486459;34554
595503133;34555
595519807;34556
595536481;34557
595553154;34558
595569828;34559
595603176;34560
595619849;34561
595636523;34562
595653197;34563
595669870;34564
595686544;34565
595703218;34566
595719891;34567
595736565;34568
595753239;34569
595769913;34570
595786586;34571
595803260;34572
595819934;34573
595836608;34574
595853281;34575
595869955;34576
595886629;34577
595903302;34578
595919976;34579
595936650;34580
595953324;34581
595969997;34582
595986671;34583
596003345;34584
596020018;34585
596036692;34586
596053366;34587
596070040;34588
596103387;34589
596120061;34590
596136734;34591
596153408;34592
596170082;34593
596186756;34594
596203429;34595
596220103;34596
596236777;34597
596253450;34598
596270124;34599
596286798;34600
596303472;34601
596320145;34602
596336819;34603
596353493;34604
596370167;34605
596386840;34606
596403514;34607
596420188;34608
596436861;34609
596453535;34610
596470209;34611
596486882;34612
596503556;34613
596520230;34614
596536904;34615
596553577;34616
596570251;34617
596603599;34618
596620272;34619
596636946;34620
596653620;34621
596670293;34622
596686967;34623
596703641;34624
596720315;34625
596736988;34626
596753662;34627
596770336;34628
596787009;34629
596803683;34630
596820357;34631
596837031;34632
596853704;34633
596870378;34634
596887052;34635
596903726;34636
596920399;34637
596937073;34638
596953747;34639
596970420;34640
596987094;34641
597003768;34642
597020441;34643
597037115;34644
597053789;34645
597070463;34646
597103810;34647
597120484;34648
597137158;34649
597153831;34650
597170505;34651
597187179;34652
597203852;34653
597220526;34654
597237200;34655
597253874;34656
597270547;34657
597287221;34658
597303895;34659
597320568;34660
597337242;34661
597353916;34662
597370589;34663
597387263;34664
597403937;34665
597420611;34666
597437284;34667
597453958;34668
597470632;34669
597487306;34670
597503979;34671
597520653;34672
597537327;34673
597554001;34674
597570674;34675
597604022;34676
597620695;34677
597637369;34678
597654043;34679
597670717;34680
597687390;34681
597704064;34682
597720738;34683
597737411;34684
597754085;34685
597770759;34686
597787433;34687
597804106;34688
597820780;34689
597837454;34690
597854127;34691
597870801;34692
597887475;34693
597904149;34694
597920822;34695
597937496;34696
597954170;34697
597970843;34698
597987517;34699
598004191;34700
598020865;34701
598037538;34702
598054212;34703
598070886;34704
598104233;34705
598120907;34706
598137581;34707
598154254;34708
598170928;34709
598187602;34710
598204276;34711
598220949;34712
598237623;34713
598254297;34714
598270970;34715
598287644;34716
598304318;34717
598320992;34718
598337665;34719
598354339;34720
598371013;34721
598387686;34722
598404360;34723
598421034;34724
598437708;34725
598454381;34726
598471055;34727
598487729;34728
598504402;34729
598521076;34730
598537750;34731
598554424;34732
598571097;34733
598604445;34734
598621119;34735
598637792;34736
598654466;34737
598671140;34738
598687813;34739
598704487;34740
598721161;34741
598737835;34742
598754508;34743
598771182;34744
598787856;34745
598804530;34746
598821203;34747
598837877;34748
598854551;34749
598871224;34750
598887898;34751
598904572;34752
598921246;34753
598937919;34754
598954593;34755
598971267;34756
598987940;34757
599004614;34758
599021288;34759
599037962;34760
599054635;34761
599071309;34762
599104656;34763
599121330;34764
599138004;34765
599154678;34766
599171351;34767
599188025;34768
599204699;34769
599221373;34770
599238046;34771
599254720;34772
599271394;34773
599288067;34774
599304741;34775
599321415;34776
599338089;34777
599354762;34778
599371436;34779
599388110;34780
599404783;34781
599421457;34782
599438131;34783
599454805;34784
599471478;34785
599488152;34786
599504826;34787
599521500;34788
599538173;34789
599554847;34790
599571521;34791
599604868;34792
599621542;34793
599638216;34794
599654889;34795
599671563;34796
599688237;34797
599704910;34798
599721584;34799
599738258;34800
599754932;34801
599771605;34802
599788279;34803
599804953;34804
599821627;34805
599838300;34806
599854974;34807
599871648;34808
599888322;34809
599904995;34810
599921669;34811
599938343;34812
599955016;34813
599971690;34814
599988364;34815
600005038;34816
600021711;34817
600038385;34818
600055059;34819
600071732;34820
600105080;34821
600121754;34822
600138427;34823
600155101;34824
600171775;34825
600188449;34826
600205122;34827
600221796;34828
600238470;34829
600255143;34830
600271817;34831
600288491;34832
600305165;34833
600321838;34834
600338512;34835
600355186;34836
600371859;34837
600388533;34838
600405207;34839
600421881;34840
600438554;34841
600455228;34842
600471902;34843
600488575;34844
600505249;34845
600521923;34846
600538597;34847
600555270;34848
600571944;34849
600605292;34850
600621965;34851
600638639;34852
600655313;34853
600671987;34854
600688660;34855
600705334;34856
600722008;34857
600738681;34858
600755355;34859
600772029;34860
600788703;34861
600805376;34862
600822050;34863
600838724;34864
600855397;34865
600872071;34866
600888745;34867
600905419;34868
600922092;34869
600938766;34870
600955440;34871
600972113;34872
600988787;34873
601005461;34874
601022135;34875
601038808;34876
601055482;34877
601072156;34878
601105503;34879
601122177;34880
601138851;34881
601155525;34882
601172198;34883
601188872;34884
601205546;34885
601222219;34886
601238893;34887
601255567;34888
601272241;34889
601288914;34890
601305588;34891
601322262;34892
601338935;34893
601355609;34894
601372283;34895
601388957;34896
601405630;34897
601422304;34898
601438978;34899
601455652;34900
601472325;34901
601488999;34902
601505673;34903
601522346;34904
601539020;34905
601555694;34906
601572368;34907
601605715;34908
601622389;34909
601639063;34910
601655736;34911
601672410;34912
601689084;34913
601705757;34914
601722431;34915
601739105;34916
601755779;34917
601772452;34918
601789126;34919
601805800;34920
601822473;34921
601839147;34922
601855821;34923
601872495;34924
601889168;34925
601905842;34926
601922516;34927
601939190;34928
601955863;34929
601972537;34930
601989211;34931
602005884;34932
602022558;34933
602039232;34934
602055906;34935
602072579;34936
602105927;34937
602122601;34938
602139274;34939
602155948;34940
602172622;34941
602189295;34942
602205969;34943
602222643;34944
602239317;34945
602255990;34946
602272664;34947
602289338;34948
602306011;34949
602322685;34950
602339359;34951
602356033;34952
602372706;34953
602389380;34954
602406054;34955
602422728;34956
602439401;34957
602456075;34958
602472749;34959
602489423;34960
602506096;34961
602522770;34962
602539444;34963
602556117;34964
602572791;34965
602606139;34966
602622812;34967
602639486;34968
602656160;34969
602672833;34970
602689507;34971
602706181;34972
602722855;34973
602739528;34974
602756202;34975
602772876;34976
602789550;34977
602806223;34978
602822897;34979
602839571;34980
602856244;34981
602872918;34982
602889592;34983
602906266;34984
602922939;34985
602939613;34986
602956287;34987
602972961;34988
602989634;34989
603006308;34990
603022982;34991
603039655;34992
603056329;34993
603073003;34994
603106350;34995
603123024;34996
603139698;34997
603156371;34998
603173045;34999
603189719;35000
603206393;35001
603223066;35002
603239740;35003
603256414;35004
603273088;35005
603289761;35006
603306435;35007
603323109;35008
603339782;35009
603356456;35010
603373130;35011
603389804;35012
603406477;35013
603423151;35014
603439825;35015
603456499;35016
603473172;35017
603489846;35018
603506520;35019
603523194;35020
603539867;35021
603556541;35022
603573215;35023
603606562;35024
603623236;35025
603639910;35026
603656583;35027
603673257;35028
603689931;35029
603706604;35030
603723278;35031
603739952;35032
603756626;35033
603773299;35034
603789973;35035
603806647;35036
603823321;35037
603839994;35038
603856668;35039
603873342;35040
603890016;35041
603906689;35042
603923363;35043
603940037;35044
603956710;35045
603973384;35046
603990058;35047
604006732;35048
604023405;35049
604040079;35050
604056753;35051
604073426;35052
604106774;35053
604123448;35054
604140121;35055
604156795;35056
604173469;35057
604190143;35058
604206816;35059
604223490;35060
604240164;35061
604256838;35062
604273511;35063
604290185;35064
604306859;35065
604323532;35066
604340206;35067
604356880;35068
604373554;35069
604390227;35070
604406901;35071
604423575;35072
604440249;35073
604456922;35074
604473596;35075
604490270;35076
604506943;35077
604523617;35078
604540291;35079
604556965;35080
604573638;35081
604606986;35082
604623659;35083
604640333;35084
604657007;35085
604673681;35086
604690354;35087
604707028;35088
604723702;35089
604740376;35090
604757049;35091
604773723;35092
604790397;35093
604807070;35094
604823744;35095
604840418;35096
604857092;35097
604873765;35098
604890439;35099
604907113;35100
604923786;35101
604940460;35102
604957134;35103
604973808;35104
604990481;35105
605007155;35106
605023829;35107
605040503;35108
605057176;35109
605073850;35110
605107198;35111
605123871;35112
605140545;35113
605157219;35114
605173892;35115
605190566;35116
605207240;35117
605223914;35118
605240587;35119
605257261;35120
605273935;35121
605290609;35122
605307282;35123
605323956;35124
605340630;35125
605357303;35126
605373977;35127
605390651;35128
605407325;35129
605423998;35130
605440672;35131
605457346;35132
605474020;35133
605490693;35134
605507367;35135
605524041;35136
605540714;35137
605557388;35138
605574062;35139
605607409;35140
605624083;35141
605640757;35142
605657430;35143
605674104;35144
605690778;35145
605707452;35146
605724125;35147
605740799;35148
605757473;35149
605774147;35150
605790820;35151
605807494;35152
605824168;35153
605840841;35154
605857515;35155
605874189;35156
605890863;35157
605907536;35158
605924210;35159
605940884;35160
605957558;35161
605974231;35162
605990905;35163
606007579;35164
606024253;35165
606040926;35166
606057600;35167
606074274;35168
606107621;35169
606124295;35170
606140969;35171
606157642;35172
606174316;35173
606190990;35174
606207664;35175
606224337;35176
606241011;35177
606257685;35178
606274358;35179
606291032;35180
606307706;35181
606324380;35182
606341053;35183
606357727;35184
606374401;35185
606391074;35186
606407748;35187
606424422;35188
606441096;35189
606457769;35190
606474443;35191
606491117;35192
606507790;35193
606524464;35194
606541138;35195
606557812;35196
606574485;35197
606607833;35198
606624507;35199
606641180;35200
606657854;35201
606674528;35202
606691202;35203
606707875;35204
606724549;35205
606741223;35206
606757896;35207
606774570;35208
606791244;35209
606807918;35210
606824591;35211
606841265;35212
606857939;35213
606874613;35214
606891286;35215
606907960;35216
606924634;35217
606941307;35218
606957981;35219
606974655;35220
606991329;35221
607008002;35222
607024676;35223
607041350;35224
607058024;35225
607074697;35226
607108045;35227
607124718;35228
607141392;35229
607158066;35230
607174740;35231
607191413;35232
607208087;35233
607224761;35234
607241435;35235
607258108;35236
607274782;35237
607291456;35238
607308129;35239
607324803;35240
607341477;35241
607358151;35242
607374824;35243
607391498;35244
607408172;35245
607424845;35246
607441519;35247
607458193;35248
607474867;35249
607491540;35250
607508214;35251
607524888;35252
607541562;35253
607558235;35254
607574909;35255
607608256;35256
607624930;35257
607641604;35258
607658278;35259
607674951;35260
607691625;35261
607708299;35262
607724973;35263
607741646;35264
607758320;35265
607774994;35266
607791668;35267
607808341;35268
607825015;35269
607841689;35270
607858362;35271
607875036;35272
607891710;35273
607908384;35274
607925057;35275
607941731;35276
607958405;35277
607975079;35278
607991752;35279
608008426;35280
608025100;35281
608041773;35282
608058447;35283
608075121;35284
608108468;35285
608125142;35286
608141816;35287
608158489;35288
608175163;35289
608191837;35290
608208511;35291
608225184;35292
608241858;35293
608258532;35294
608275206;35295
608291879;35296
608308553;35297
608325227;35298
608341900;35299
608358574;35300
608375248;35301
608391922;35302
608408595;35303
608425269;35304
608441943;35305
608458617;35306
608475290;35307
608491964;35308
608508638;35309
608525311;35310
608541985;35311
608558659;35312
608575333;35313
608608680;35314
608625354;35315
608642028;35316
608658701;35317
608675375;35318
608692049;35319
608708722;35320
608725396;35321
608742070;35322
608758744;35323
608775417;35324
608792091;35325
608808765;35326
608825438;35327
608842112;35328
608858786;35329
608875460;35330
608892133;35331
608908807;35332
608925481;35333
608942155;35334
608958828;35335
608975502;35336
608992176;35337
609008849;35338
609025523;35339
609042197;35340
609058871;35341
609075544;35342
609108892;35343
609125566;35344
609142239;35345
609158913;35346
609175587;35347
609192260;35348
609208934;35349
609225608;35350
609242282;35351
609258955;35352
609275629;35353
609292303;35354
609308976;35355
609325650;35356
609342324;35357
609358998;35358
609375671;35359
609392345;35360
609409019;35361
609425693;35362
609442366;35363
609459040;35364
609475714;35365
609492387;35366
609509061;35367
609525735;35368
609542409;35369
609559082;35370
609575756;35371
609609104;35372
609625777;35373
609642451;35374
609659125;35375
609675798;35376
609692472;35377
609709146;35378
609725820;35379
609742493;35380
609759167;35381
609775841;35382
609792514;35383
609809188;35384
609825862;35385
609842536;35386
609859209;35387
609875883;35388
609892557;35389
609909231;35390
609925904;35391
609942578;35392
609959252;35393
609975925;35394
609992599;35395
610009273;35396
610025947;35397
610042620;35398
610059294;35399
610075968;35400
610109315;35401
610125989;35402
610142663;35403
610159336;35404
610176010;35405
610192684;35406
610209358;35407
610226031;35408
610242705;35409
610259379;35410
610276052;35411
610292726;35412
610309400;35413
610326074;35414
610342747;35415
610359421;35416
610376095;35417
610392769;35418
610409442;35419
610426116;35420
610442790;35421
610459463;35422
610476137;35423
610492811;35424
610509485;35425
610526158;35426
610542832;35427
610559506;35428
610576179;35429
610609527;35430
610626201;35431
610642874;35432
610659548;35433
610676222;35434
610692896;35435
610709569;35436
610726243;35437
610742917;35438
610759591;35439
610776264;35440
610792938;35441
610809612;35442
610826285;35443
610842959;35444
610859633;35445
610876307;35446
610892980;35447
610909654;35448
610926328;35449
610943001;35450
610959675;35451
610976349;35452
610993023;35453
611009696;35454
611026370;35455
611043044;35456
611059718;35457
611076391;35458
611109739;35459
611126412;35460
611143086;35461
611159760;35462
611176434;35463
611193107;35464
611209781;35465
611226455;35466
611243128;35467
611259802;35468
611276476;35469
611293150;35470
611309823;35471
611326497;35472
611343171;35473
611359845;35474
611376518;35475
611393192;35476
611409866;35477
611426539;35478
611443213;35479
611459887;35480
611476561;35481
611493234;35482
611509908;35483
611526582;35484
611543255;35485
611559929;35486
611576603;35487
611609950;35488
611626624;35489
611643298;35490
611659971;35491
611676645;35492
611693319;35493
611709993;35494
611726666;35495
611743340;35496
611760014;35497
611776688;35498
611793361;35499
611810035;35500
611826709;35501
611843382;35502
611860056;35503
611876730;35504
611893404;35505
611910077;35506
611926751;35507
611943425;35508
611960099;35509
611976772;35510
611993446;35511
612010120;35512
612026793;35513
612043467;35514
612060141;35515
612076815;35516
612110162;35517
612126836;35518
612143509;35519
612160183;35520
612176857;35521
612193531;35522
612210204;35523
612226878;35524
612243552;35525
612260225;35526
612276899;35527
612293573;35528
612310247;35529
612326920;35530
612343594;35531
612360268;35532
612376942;35533
612393615;35534
612410289;35535
612426963;35536
612443636;35537
612460310;35538
612476984;35539
612493658;35540
612510331;35541
612527005;35542
612543679;35543
612560352;35544
612577026;35545
612610374;35546
612627047;35547
612643721;35548
612660395;35549
612677068;35550
612693742;35551
612710416;35552
612727090;35553
612743763;35554
612760437;35555
612777111;35556
612793785;35557
612810458;35558
612827132;35559
612843806;35560
612860479;35561
612877153;35562
612893827;35563
612910501;35564
612927174;35565
612943848;35566
612960522;35567
612977195;35568
612993869;35569
613010543;35570
613027217;35571
613043890;35572
613060564;35573
613077238;35574
613110585;35575
613127259;35576
613143933;35577
613160606;35578
613177280;35579
613193954;35580
613210627;35581
613227301;35582
613243975;35583
613260649;35584
613277322;35585
613293996;35586
613310670;35587
613327344;35588
613344017;35589
613360691;35590
613377365;35591
613394038;35592
613410712;35593
613427386;35594
613444059;35595
613460733;35596
613477407;35597
613494081;35598
613510754;35599
613527428;35600
613544102;35601
613560776;35602
613577449;35603
613610797;35604
613627470;35605
613644144;35606
613660818;35607
613677492;35608
613694165;35609
613710839;35610
613727513;35611
613744186;35612
613760860;35613
613777534;35614
613794208;35615
613810881;35616
613827555;35617
613844229;35618
613860902;35619
613877576;35620
613894250;35621
613910924;35622
613927597;35623
613944271;35624
613960945;35625
613977618;35626
613994292;35627
614010966;35628
614027640;35629
614044313;35630
614060987;35631
614077661;35632
614111008;35633
614127682;35634
614144356;35635
614161029;35636
614177703;35637
614194377;35638
614211050;35639
614227724;35640
614244398;35641
614261072;35642
614277745;35643
614294419;35644
614311093;35645
614327766;35646
614344440;35647
614361114;35648
614377788;35649
614394461;35650
614411135;35651
614427809;35652
614444483;35653
614461156;35654
614477830;35655
614494504;35656
614511177;35657
614527851;35658
614544525;35659
614561199;35660
614577872;35661
614611220;35662
614627893;35663
614644567;35664
614661241;35665
614677915;35666
614694588;35667
614711262;35668
614727936;35669
614744609;35670
614761283;35671
614777957;35672
614794631;35673
614811304;35674
614827978;35675
614844652;35676
614861325;35677
614877999;35678
614894673;35679
614911347;35680
614928020;35681
614944694;35682
614961368;35683
614978041;35684
614994715;35685
615011389;35686
615028063;35687
615044736;35688
615061410;35689
615078084;35690
615111431;35691
615128105;35692
615144779;35693
615161452;35694
615178126;35695
615194800;35696
615211473;35697
615228147;35698
615244821;35699
615261495;35700
615278168;35701
615294842;35702
615311516;35703
615328189;35704
615344863;35705
615361537;35706
615378211;35707
615394884;35708
615411558;35709
615428232;35710
615444905;35711
615461579;35712
615478253;35713
615494926;35714
615511600;35715
615528274;35716
615544948;35717
615561621;35718
615578295;35719
615611643;35720
615628316;35721
615644990;35722
615661664;35723
615678337;35724
615695011;35725
615711685;35726
615728359;35727
615745032;35728
615761706;35729
615778380;35730
615795053;35731
615811727;35732
615828401;35733
615845075;35734
615861748;35735
615878422;35736
615895096;35737
615911769;35738
615928443;35739
615945117;35740
615961791;35741
615978464;35742
615995138;35743
616011812;35744
616028485;35745
616045159;35746
616061833;35747
616078506;35748
616111854;35749
616128528;35750
616145201;35751
616161875;35752
616178549;35753
616195223;35754
616211896;35755
616228570;35756
616245244;35757
616261917;35758
616278591;35759
616295265;35760
616311939;35761
616328612;35762
616345286;35763
616361960;35764
616378633;35765
616395307;35766
616411981;35767
616428655;35768
616445328;35769
616462002;35770
616478676;35771
616495349;35772
616512023;35773
616528697;35774
616545371;35775
616562044;35776
616578718;35777
616612065;35778
616628739;35779
616645413;35780
616662086;35781
616678760;35782
616695434;35783
616712108;35784
616728781;35785
616745455;35786
616762129;35787
616778802;35788
616795476;35789
616812150;35790
616828824;35791
616845497;35792
616862171;35793
616878845;35794
616895518;35795
616912192;35796
616928866;35797
616945540;35798
616962213;35799
616978887;35800
616995561;35801
617012234;35802
617028908;35803
617045582;35804
617062256;35805
617078929;35806
617112277;35807
617128950;35808
617145624;35809
617162298;35810
617178972;35811
617195645;35812
617212319;35813
617228993;35814
617245666;35815
617262340;35816
617279014;35817
617295687;35818
617312361;35819
617329035;35820
617345709;35821
617362382;35822
617379056;35823
617395730;35824
617412403;35825
617429077;35826
617445751;35827
617462425;35828
617479098;35829
617495772;35830
617512446;35831
617529119;35832
617545793;35833
617562467;35834
617579141;35835
617612488;35836
617629162;35837
617645835;35838
617662509;35839
617679183;35840
617695857;35841
617712530;35842
617729204;35843
617745878;35844
617762551;35845
617779225;35846
617795899;35847
617812572;35848
617829246;35849
617845920;35850
617862594;35851
617879267;35852
617895941;35853
617912615;35854
617929288;35855
617945962;35856
617962636;35857
617979310;35858
617995983;35859
618012657;35860
618029331;35861
618046004;35862
618062678;35863
618079352;35864
618112699;35865
618129373;35866
618146047;35867
618162720;35868
618179394;35869
618196068;35870
618212742;35871
618229415;35872
618246089;35873
618262763;35874
618279436;35875
618296110;35876
618312784;35877
618329458;35878
618346131;35879
618362805;35880
618379479;35881
618396152;35882
618412826;35883
618429500;35884
618446173;35885
618462847;35886
618479521;35887
618496195;35888
618512868;35889
618529542;35890
618546216;35891
618562889;35892
618579563;35893
618612911;35894
618629584;35895
618646258;35896
618662932;35897
618679605;35898
618696279;35899
618712953;35900
618729627;35901
618746300;35902
618762974;35903
618779648;35904
618796321;35905
618812995;35906
618829669;35907
618846342;35908
618863016;35909
618879690;35910
618896363;35911
618913037;35912
618929711;35913
618946385;35914
618963058;35915
618979732;35916
618996406;35917
619013080;35918
619029753;35919
619046427;35920
619063101;35921
619079774;35922
619113122;35923
619129795;35924
619146469;35925
619163143;35926
619179817;35927
619196490;35928
619213164;35929
619229838;35930
619246511;35931
619263185;35932
619279859;35933
619296533;35934
619313206;35935
619329880;35936
619346554;35937
619363227;35938
619379901;35939
619396575;35940
619413248;35941
619429922;35942
619446596;35943
619463269;35944
619479943;35945
619496617;35946
619513291;35947
619529964;35948
619546638;35949
619563312;35950
619579985;35951
619613333;35952
619630007;35953
619646680;35954
619663354;35955
619680028;35956
619696701;35957
619713375;35958
619730049;35959
619746723;35960
619763396;35961
619780070;35962
619796744;35963
619813417;35964
619830091;35965
619846765;35966
619863439;35967
619880112;35968
619896786;35969
619913460;35970
619930133;35971
619946807;35972
619963481;35973
619980154;35974
619996828;35975
620013502;35976
620030176;35977
620046849;35978
620063523;35979
620080197;35980
620113544;35981
620130218;35982
620146891;35983
620163565;35984
620180239;35985
620196913;35986
620213586;35987
620230260;35988
620246934;35989
620263607;35990
620280281;35991
620296955;35992
620313628;35993
620330302;35994
620346976;35995
620363650;35996
620380323;35997
620396997;35998
620413671;35999
620430344;36000
620447018;36001
620463692;36002
620480366;36003
620497039;36004
620513713;36005
620530387;36006
620547060;36007
620563734;36008
620580408;36009
620613755;36010
620630429;36011
620647103;36012
620663776;36013
620680450;36014
620697124;36015
620713797;36016
620730471;36017
620747145;36018
620763818;36019
620780492;36020
620797166;36021
620813840;36022
620830513;36023
620847187;36024
620863861;36025
620880534;36026
620897208;36027
620913882;36028
620930556;36029
620947229;36030
620963903;36031
620980577;36032
620997250;36033
621013924;36034
621030598;36035
621047271;36036
621063945;36037
621080619;36038
621113966;36039
621130640;36040
621147314;36041
621163987;36042
621180661;36043
621197335;36044
621214008;36045
621230682;36046
621247356;36047
621264030;36048
621280703;36049
621297377;36050
621314051;36051
621330724;36052
621347398;36053
621364072;36054
621380745;36055
621397419;36056
621414093;36057
621430767;36058
621447440;36059
621464114;36060
621480788;36061
621497461;36062
621514135;36063
621530809;36064
621547482;36065
621564156;36066
621580830;36067
621614177;36068
621630851;36069
621647525;36070
621664198;36071
621680872;36072
621697546;36073
621714220;36074
621730893;36075
621747567;36076
621764241;36077
621780914;36078
621797588;36079
621814262;36080
621830935;36081
621847609;36082
621864283;36083
621880956;36084
621897630;36085
621914304;36086
621930978;36087
621947651;36088
621964325;36089
621980999;36090
621997672;36091
622014346;36092
622031020;36093
622047694;36094
622064367;36095
622081041;36096
622097715;36097
622131062;36098
622147736;36099
622164409;36100
622181083;36101
622197757;36102
622214430;36103
622231104;36104
622247778;36105
622264452;36106
622281125;36107
622297799;36108
622314473;36109
622331146;36110
622347820;36111
622364494;36112
622381168;36113
622397841;36114
622414515;36115
622431189;36116
622447862;36117
622464536;36118
622481210;36119
622497883;36120
622514557;36121
622531231;36122
622547904;36123
622564578;36124
622581252;36125
622597926;36126
622631273;36127
622647947;36128
622664620;36129
622681294;36130
622697968;36131
622714641;36132
622731315;36133
622747989;36134
622764663;36135
622781336;36136
622798010;36137
622814684;36138
622831357;36139
622848031;36140
622864705;36141
622881378;36142
622898052;36143
622914726;36144
622931400;36145
622948073;36146
622964747;36147
622981421;36148
622998094;36149
623014768;36150
623031442;36151
623048115;36152
623064789;36153
623081463;36154
623098137;36155
623131484;36156
623148158;36157
623164831;36158
623181505;36159
623198179;36160
623214852;36161
623231526;36162
623248200;36163
623264874;36164
623281547;36165
623298221;36166
623314895;36167
623331568;36168
623348242;36169
623364916;36170
623381589;36171
623398263;36172
623414937;36173
623431611;36174
623448284;36175
623464958;36176
623481632;36177
623498305;36178
623514979;36179
623531653;36180
623548326;36181
623565000;36182
623581674;36183
623598347;36184
623631695;36185
623648369;36186
623665042;36187
623681716;36188
623698390;36189
623715063;36190
623731737;36191
623748411;36192
623765084;36193
623781758;36194
623798432;36195
623815105;36196
623831779;36197
623848453;36198
623865127;36199
623881800;36200
623898474;36201
623915148;36202
623931821;36203
623948495;36204
623965169;36205
623981843;36206
623998516;36207
624015190;36208
624031864;36209
624048537;36210
624065211;36211
624081885;36212
624098558;36213
624131906;36214
624148579;36215
624165253;36216
624181927;36217
624198601;36218
624215274;36219
624231948;36220
624248622;36221
624265295;36222
624281969;36223
624298643;36224
624315316;36225
624331990;36226
624348664;36227
624365337;36228
624382011;36229
624398685;36230
624415359;36231
624432032;36232
624448706;36233
624465380;36234
624482053;36235
624498727;36236
624515401;36237
624532074;36238
624548748;36239
624565422;36240
624582096;36241
624598769;36242
624632117;36243
624648790;36244
624665464;36245
624682138;36246
624698811;36247
624715485;36248
624732159;36249
624748832;36250
624765506;36251
624782180;36252
624798853;36253
624815527;36254
624832201;36255
624848875;36256
624865548;36257
624882222;36258
624898896;36259
624915569;36260
624932243;36261
624948917;36262
624965590;36263
624982264;36264
624998938;36265
625015612;36266
625032285;36267
625048959;36268
625065633;36269
625082306;36270
625098980;36271
625132327;36272
625149001;36273
625165675;36274
625182348;36275
625199022;36276
625215696;36277
625232370;36278
625249043;36279
625265717;36280
625282391;36281
625299064;36282
625315738;36283
625332412;36284
625349085;36285
625365759;36286
625382433;36287
625399107;36288
625415780;36289
625432454;36290
625449128;36291
625465801;36292
625482475;36293
625499149;36294
625515822;36295
625532496;36296
625549170;36297
625565843;36298
625582517;36299
625599191;36300
625632538;36301
625649212;36302
625665886;36303
625682559;36304
625699233;36305
625715907;36306
625732580;36307
625749254;36308
625765928;36309
625782602;36310
625799275;36311
625815949;36312
625832623;36313
625849296;36314
625865970;36315
625882644;36316
625899317;36317
625915991;36318
625932665;36319
625949338;36320
625966012;36321
625982686;36322
625999360;36323
626016033;36324
626032707;36325
626049381;36326
626066054;36327
626082728;36328
626099402;36329
626132749;36330
626149423;36331
626166096;36332
626182770;36333
626199444;36334
626216117;36335
626232791;36336
626249465;36337
626266139;36338
626282812;36339
626299486;36340
626316160;36341
626332833;36342
626349507;36343
626366181;36344
626382854;36345
626399528;36346
626416202;36347
626432875;36348
626449549;36349
626466223;36350
626482896;36351
626499570;36352
626516244;36353
626532918;36354
626549591;36355
626566265;36356
626582939;36357
626599612;36358
626632960;36359
626649633;36360
626666307;36361
626682981;36362
626699655;36363
626716328;36364
626733002;36365
626749676;36366
626766349;36367
626783023;36368
626799697;36369
626816370;36370
626833044;36371
626849718;36372
626866391;36373
626883065;36374
626899739;36375
626916413;36376
626933086;36377
626949760;36378
626966434;36379
626983107;36380
626999781;36381
627016455;36382
627033128;36383
627049802;36384
627066476;36385
627083149;36386
627099823;36387
627133171;36388
627149844;36389
627166518;36390
627183192;36391
627199865;36392
627216539;36393
627233213;36394
627249886;36395
627266560;36396
627283234;36397
627299907;36398
627316581;36399
627333255;36400
627349928;36401
627366602;36402
627383276;36403
627399950;36404
627416623;36405
627433297;36406
627449971;36407
627466644;36408
627483318;36409
627499992;36410
627516665;36411
627533339;36412
627550013;36413
627566686;36414
627583360;36415
627600034;36416
627633381;36417
627650055;36418
627666729;36419
627683402;36420
627700076;36421
627716750;36422
627733423;36423
627750097;36424
627766771;36425
627783444;36426
627800118;36427
627816792;36428
627833465;36429
627850139;36430
627866813;36431
627883487;36432
627900160;36433
627916834;36434
627933508;36435
627950181;36436
627966855;36437
627983529;36438
628000202;36439
628016876;36440
628033550;36441
628050223;36442
628066897;36443
628083571;36444
628100244;36445
628133592;36446
628150265;36447
628166939;36448
628183613;36449
628200287;36450
628216960;36451
628233634;36452
628250308;36453
628266981;36454
628283655;36455
628300329;36456
628317002;36457
628333676;36458
628350350;36459
628367024;36460
628383697;36461
628400371;36462
628417045;36463
628433718;36464
628450392;36465
628467066;36466
628483739;36467
628500413;36468
628517087;36469
628533760;36470
628550434;36471
628567108;36472
628583781;36473
628600455;36474
628633802;36475
628650476;36476
628667150;36477
628683824;36478
628700497;36479
628717171;36480
628733845;36481
628750518;36482
628767192;36483
628783866;36484
628800539;36485
628817213;36486
628833887;36487
628850560;36488
628867234;36489
628883908;36490
628900581;36491
628917255;36492
628933929;36493
628950603;36494
628967276;36495
628983950;36496
629000624;36497
629017297;36498
629033971;36499
629050645;36500
629067318;36501
629083992;36502
629100666;36503
629134013;36504
629150687;36505
629167360;36506
629184034;36507
629200708;36508
629217382;36509
629234055;36510
629250729;36511
629267403;36512
629284076;36513
629300750;36514
629317424;36515
629334097;36516
629350771;36517
629367445;36518
629384118;36519
629400792;36520
629417466;36521
629434140;36522
629450813;36523
629467487;36524
629484161;36525
629500834;36526
629517508;36527
629534182;36528
629550855;36529
629567529;36530
629584203;36531
629600876;36532
629634224;36533
629650897;36534
629667571;36535
629684245;36536
629700919;36537
629717592;36538
629734266;36539
629750939;36540
629767613;36541
629784287;36542
629800961;36543
629817634;36544
629834308;36545
629850982;36546
629867655;36547
629884329;36548
629901003;36549
629917676;36550
629934350;36551
629951024;36552
629967698;36553
629984371;36554
630001045;36555
630017719;36556
630034392;36557
630051066;36558
630067740;36559
630084413;36560
630101087;36561
630134434;36562
630151108;36563
630167782;36564
630184455;36565
630201129;36566
630217803;36567
630234476;36568
630251150;36569
630267824;36570
630284497;36571
630301171;36572
630317845;36573
630334518;36574
630351192;36575
630367866;36576
630384540;36577
630401213;36578
630417887;36579
630434561;36580
630451234;36581
630467908;36582
630484582;36583
630501255;36584
630517929;36585
630534603;36586
630551276;36587
630567950;36588
630584624;36589
630601297;36590
630634645;36591
630651319;36592
630667992;36593
630684666;36594
630701340;36595
630718013;36596
630734687;36597
630751361;36598
630768034;36599
630784708;36600
630801382;36601
630818055;36602
630834729;36603
630851403;36604
630868076;36605
630884750;36606
630901424;36607
630918098;36608
630934771;36609
630951445;36610
630968119;36611
630984792;36612
631001466;36613
631018140;36614
631034813;36615
631051487;36616
631068161;36617
631084834;36618
631101508;36619
631134855;36620
631151529;36621
631168203;36622
631184876;36623
631201550;36624
631218224;36625
631234897;36626
631251571;36627
631268245;36628
631284919;36629
631301592;36630
631318266;36631
631334940;36632
631351613;36633
631368287;36634
631384961;36635
631401634;36636
631418308;36637
631434982;36638
631451655;36639
631468329;36640
631485003;36641
631501676;36642
631518350;36643
631535024;36644
631551697;36645
631568371;36646
631585045;36647
631601718;36648
631635066;36649
631651740;36650
631668413;36651
631685087;36652
631701761;36653
631718434;36654
631735108;36655
631751782;36656
631768455;36657
631785129;36658
631801803;36659
631818476;36660
631835150;36661
631851824;36662
631868497;36663
631885171;36664
631901845;36665
631918518;36666
631935192;36667
631951866;36668
631968540;36669
631985213;36670
632001887;36671
632018561;36672
632035234;36673
632051908;36674
632068582;36675
632085255;36676
632101929;36677
632135276;36678
632151950;36679
632168624;36680
632185297;36681
632201971;36682
632218645;36683
632235318;36684
632251992;36685
632268666;36686
632285339;36687
632302013;36688
632318687;36689
632335361;36690
632352034;36691
632368708;36692
632385382;36693
632402055;36694
632418729;36695
632435403;36696
632452076;36697
632468750;36698
632485424;36699
632502097;36700
632518771;36701
632535445;36702
632552118;36703
632568792;36704
632585466;36705
632602139;36706
632635487;36707
632652160;36708
632668834;36709
632685508;36710
632702182;36711
632718855;36712
632735529;36713
632752203;36714
632768876;36715
632785550;36716
632802224;36717
632818897;36718
632835571;36719
632852245;36720
-1;-1
-1;-1
-1;-1
-1;-1
-1;-1
-1;-1
-1;-1
-1;-1
-1;-1
-1;-1
-1;-1
-1;-1
-1;-1
-1;-1
-1;-1
-1;-1
-1;-1
-1;-1
-1;-1
-1;-1
-1;-1
-1;-1
-1;-1
-1;-1
-1;-1
-1;-1
-1;-1
-1;-1
-1;-1
-1;-1
-1;-1
-1;-1
-1;-1
-1;-1
-1;-1
-1;-1
-1;-1
-1;-1
-1;-1
-1;-1
-1;-1
-1;-1
-1;-1
-1;-1
-1;-1
-1;-1
-1;-1
-1;-1
-1;-1
-1;-1
-1;-1
-1;-1
-1;-1
-1;-1
-1;-1
-1;-1
-1;-1
-1;-1
-1;-1
-1;-1
-1;-1
-1;-1
-1;-1
-1;-1
-1;-1
-1;-1
-1;-1
-1;-1
-1;-1
-1;-1
-1;-1
-1;-1
-1;-1
-1;-1
-1;-1
-1;-1
-1;-1
-1;-1
-1;-1
-1;-1
-1;-1
-1;-1
-1;-1
-1;-1
-1;-1
-1;-1
-1;-1
-1;-1
-1;-1
-1;-1
-1;-1
-1;-1
-1;-1
-1;-1
-1;-1
-1;-1
-1;-1
-1;-1
-1;-1
-1;-1
-1;-1
-1;-1
-1;-1
-1;-1
-1;-1
-1;-1
-1;-1
-1;-1
-1;-1
-1;-1
-1;-1
-1;-1
-1;-1
-1;-1
-1;-1
-1;-1
-1;-1
-1;-1
-1;-1
-1;-1
-1;-1
-1;-1
-1;-1
-1;-1
-1;-1
-1;-1
-1;-1
-1;-1
-1;-1
-1;-1
-1;-1
-1;-1
-1;-1
-1;-1
-1;-1
-1;-1
-1;-1
-1;-1
-1;-1
-1;-1
-1;-1
-1;-1
-1;-1
-1;-1
-1;-1
-1;-1
-1;-1
