559920330;32491
559937003;32492
559953677;32493
559970351;32494
559987024;32495
560003698;32496
560020372;32497
560037046;32498
560053720;32499
560070393;32500
560087067;32501
560103741;32502
560120414;32503
560137088;32504
560153762;32505
560170436;32506
560187109;32507
560203783;32508
560220457;32509
560237130;32510
560253804;32511
560270478;32512
560287152;32513
560303825;32514
560320499;32515
560337173;32516
560353847;32517
560387194;32518
560403868;32519
560420542;32520
560437215;32521
560453889;32522
560470563;32523
560487236;32524
560503910;32525
560520584;32526
560537258;32527
560553931;32528
560570605;32529
560587279;32530
560603953;32531
560620626;32532
560637300;32533
560653974;32534
560670647;32535
560687321;32536
560703995;32537
560720669;32538
560737342;32539
560754016;32540
560770690;32541
560787364;32542
560804037;32543
560820711;32544
560837385;32545
560854059;32546
560887406;32547
560904080;32548
560920754;32549
560937427;32550
560954101;32551
560970775;32552
560987448;32553
561004122;32554
561020796;32555
561037470;32556
561054143;32557
561070817;32558
561087491;32559
561104165;32560
561120838;32561
561137512;32562
561154186;32563
561170859;32564
561187533;32565
561204207;32566
561220881;32567
561237554;32568
561254228;32569
561270902;32570
561287576;32571
561304249;32572
561320923;32573
561337597;32574
561354270;32575
561387618;32576
561404292;32577
561420965;32578
561437639;32579
561454313;32580
561470987;32581
561487660;32582
561504334;32583
561521008;32584
561537682;32585
561554355;32586
561571029;32587
561587703;32588
561604376;32589
561621050;32590
561637724;32591
561654398;32592
561671071;32593
561687745;32594
561704419;32595
561721092;32596
561737766;32597
561754440;32598
561771114;32599
561787787;32600
561804461;32601
561821135;32602
561837809;32603
561854482;32604
561887830;32605
561904503;32606
561921177;32607
561937851;32608
561954525;32609
561971198;32610
561987872;32611
562004546;32612
562021220;32613
562037893;32614
562054567;32615
562071241;32616
562087914;32617
562104588;32618
562121262;32619
562137936;32620
562154609;32621
562171283;32622
562187957;32623
562204630;32624
562221304;32625
562237978;32626
562254652;32627
562271325;32628
562287999;32629
562304673;32630
562321347;32631
562338020;32632
562354694;32633
562388041;32634
562404715;32635
562421389;32636
562438063;32637
562454736;32638
562471410;32639
562488084;32640
562504757;32641
562521431;32642
562538105;32643
562554779;32644
562571452;32645
562588126;32646
562604800;32647
562621474;32648
562638147;32649
562654821;32650
562671495;32651
562688168;32652
562704842;32653
562721516;32654
562738190;32655
562754863;32656
562771537;32657
562788211;32658
562804885;32659
562821558;32660
562838232;32661
562854906;32662
562888253;32663
562904927;32664
562921601;32665
562938274;32666
562954948;32667
562971622;32668
562988295;32669
563004969;32670
563021643;32671
563038317;32672
563054990;32673
563071664;32674
563088338;32675
563105012;32676
563121685;32677
563138359;32678
563155033;32679
563171706;32680
563188380;32681
563205054;32682
563221728;32683
563238401;32684
563255075;32685
563271749;32686
563288422;32687
563305096;32688
563321770;32689
563338443;32690
563355117;32691
563388465;32692
563405138;32693
563421812;32694
563438486;32695
563455160;32696
563471833;32697
563488507;32698
563505181;32699
563521854;32700
563538528;32701
563555202;32702
563571876;32703
563588549;32704
563605223;32705
563621897;32706
563638571;32707
563655244;32708
563671918;32709
563688592;32710
563705265;32711
563721939;32712
563738613;32713
563755287;32714
563771960;32715
563788634;32716
563805308;32717
563821981;32718
563838655;32719
563855329;32720
563888676;32721
563905350;32722
563922024;32723
563938697;32724
563955371;32725
563972045;32726
563988718;32727
564005392;32728
564022066;32729
564038740;32730
564055413;32731
564072087;32732
564088761;32733
564105435;32734
564122108;32735
564138782;32736
564155456;32737
564172129;32738
564188803;32739
564205477;32740
564222151;32741
564238824;32742
564255498;32743
564272172;32744
564288845;32745
564305519;32746
564322193;32747
564338867;32748
564355540;32749
564388888;32750
564405561;32751
564422235;32752
564438909;32753
564455583;32754
564472256;32755
564488930;32756
564505604;32757
564522277;32758
564538951;32759
564555625;32760
564572298;32761
564588972;32762
564605646;32763
564622320;32764
564638993;32765
564655667;32766
564672341;32767
564689014;32768
564705688;32769
564722362;32770
564739036;32771
564755709;32772
564772383;32773
564789057;32774
564805730;32775
564822404;32776
564839078;32777
564855752;32778
564889099;32779
564905773;32780
564922446;32781
564939120;32782
564955794;32783
564972468;32784
564989141;32785
565005815;32786
565022489;32787
565039162;32788
565055836;32789
565072510;32790
565089184;32791
565105857;32792
565122531;32793
565139205;32794
565155878;32795
565172552;32796
565189226;32797
565205899;32798
565222573;32799
565239247;32800
565255921;32801
565272594;32802
565289268;32803
565305942;32804
565322615;32805
565339289;32806
565355963;32807
565389310;32808
565405984;32809
565422658;32810
565439331;32811
565456005;32812
565472679;32813
565489352;32814
565506026;32815
565522700;32816
565539374;32817
565556047;32818
565572721;32819
565589395;32820
565606068;32821
565622742;32822
565639416;32823
565656089;32824
565672763;32825
565689437;32826
565706111;32827
565722784;32828
565739458;32829
565756132;32830
565772805;32831
565789479;32832
565806153;32833
565822827;32834
565839500;32835
565856174;32836
565889521;32837
565906195;32838
565922869;32839
565939543;32840
565956216;32841
565972890;32842
565989564;32843
566006237;32844
566022911;32845
566039585;32846
566056258;32847
566072932;32848
566089606;32849
566106280;32850
566122953;32851
566139627;32852
566156301;32853
566172974;32854
566189648;32855
566206322;32856
566222995;32857
566239669;32858
566256343;32859
566273017;32860
566289690;32861
566306364;32862
566323038;32863
566339711;32864
566356385;32865
566389732;32866
566406406;32867
566423080;32868
566439754;32869
566456427;32870
566473101;32871
566489775;32872
566506448;32873
566523122;32874
566539796;32875
566556469;32876
566573143;32877
566589817;32878
566606491;32879
566623164;32880
566639838;32881
566656512;32882
566673185;32883
566689859;32884
566706533;32885
566723206;32886
566739880;32887
566756554;32888
566773228;32889
566789901;32890
566806575;32891
566823249;32892
566839922;32893
566856596;32894
566889944;32895
566906617;32896
566923291;32897
566939965;32898
566956638;32899
566973312;32900
566989986;32901
567006659;32902
567023333;32903
567040007;32904
567056680;32905
567073354;32906
567090028;32907
567106702;32908
567123375;32909
567140049;32910
567156723;32911
567173396;32912
567190070;32913
567206744;32914
567223417;32915
567240091;32916
567256765;32917
567273439;32918
567290112;32919
567306786;32920
567323460;32921
567340133;32922
567356807;32923
567390154;32924
567406828;32925
567423502;32926
567440176;32927
567456849;32928
567473523;32929
567490197;32930
567506870;32931
567523544;32932
567540218;32933
567556891;32934
567573565;32935
567590239;32936
567606913;32937
567623586;32938
567640260;32939
567656934;32940
567673607;32941
567690281;32942
567706955;32943
567723628;32944
567740302;32945
567756976;32946
567773649;32947
567790323;32948
567806997;32949
567823671;32950
567840344;32951
567857018;32952
567890365;32953
567907039;32954
567923713;32955
567940386;32956
567957060;32957
567973734;32958
567990408;32959
568007081;32960
568023755;32961
568040429;32962
568057102;32963
568073776;32964
568090450;32965
568107123;32966
568123797;32967
568140471;32968
568157144;32969
568173818;32970
568190492;32971
568207166;32972
568223839;32973
568240513;32974
568257187;32975
568273860;32976
568290534;32977
568307208;32978
568323881;32979
568340555;32980
568357229;32981
568390576;32982
568407250;32983
568423924;32984
568440597;32985
568457271;32986
568473945;32987
568490618;32988
568507292;32989
568523966;32990
568540639;32991
568557313;32992
568573987;32993
568590660;32994
568607334;32995
568624008;32996
568640681;32997
568657355;32998
568674029;32999
568690703;33000
568707376;33001
568724050;33002
568740724;33003
568757397;33004
568774071;33005
568790745;33006
568807418;33007
568824092;33008
568840766;33009
568857439;33010
568890787;33011
568907461;33012
568924134;33013
568940808;33014
568957482;33015
568974155;33016
568990829;33017
569007503;33018
569024176;33019
569040850;33020
569057524;33021
569074197;33022
569090871;33023
569107545;33024
569124218;33025
569140892;33026
569157566;33027
569174240;33028
569190913;33029
569207587;33030
569224261;33031
569240934;33032
569257608;33033
569274282;33034
569290955;33035
569307629;33036
569324303;33037
569340976;33038
569357650;33039
569390997;33040
569407671;33041
569424345;33042
569441019;33043
569457692;33044
569474366;33045
569491040;33046
569507713;33047
569524387;33048
569541061;33049
569557734;33050
569574408;33051
569591082;33052
569607755;33053
569624429;33054
569641103;33055
569657777;33056
569674450;33057
569691124;33058
569707798;33059
569724471;33060
569741145;33061
569757819;33062
569774492;33063
569791166;33064
569807840;33065
569824513;33066
569841187;33067
569857861;33068
569891208;33069
569907882;33070
569924555;33071
569941229;33072
569957903;33073
569974577;33074
569991250;33075
570007924;33076
570024598;33077
570041271;33078
570057945;33079
570074619;33080
570091292;33081
570107966;33082
570124640;33083
570141313;33084
570157987;33085
570174661;33086
570191334;33087
570208008;33088
570224682;33089
570241355;33090
570258029;33091
570274703;33092
570291377;33093
570308050;33094
570324724;33095
570341398;33096
570358071;33097
570391419;33098
570408092;33099
570424766;33100
570441440;33101
570458113;33102
570474787;33103
570491461;33104
570508134;33105
570524808;33106
570541482;33107
570558155;33108
570574829;33109
570591503;33110
570608176;33111
570624850;33112
570641524;33113
570658197;33114
570674871;33115
570691545;33116
570708219;33117
570724892;33118
570741566;33119
570758240;33120
570774913;33121
570791587;33122
570808261;33123
570824934;33124
570841608;33125
570858282;33126
570891629;33127
570908303;33128
570924976;33129
570941650;33130
570958324;33131
570974997;33132
570991671;33133
571008345;33134
571025018;33135
571041692;33136
571058366;33137
571075040;33138
571091713;33139
571108387;33140
571125061;33141
571141734;33142
571158408;33143
571175082;33144
571191755;33145
571208429;33146
571225103;33147
571241776;33148
571258450;33149
571275124;33150
571291797;33151
571308471;33152
571325145;33153
571341818;33154
571358492;33155
571391839;33156
571408513;33157
571425187;33158
571441860;33159
571458534;33160
571475208;33161
571491882;33162
571508555;33163
571525229;33164
571541902;33165
571558576;33166
571575250;33167
571591924;33168
571608597;33169
571625271;33170
571641945;33171
571658618;33172
571675292;33173
571691966;33174
571708639;33175
571725313;33176
571741987;33177
571758660;33178
571775334;33179
571792008;33180
571808681;33181
571825355;33182
571842029;33183
571858702;33184
571892050;33185
571908723;33186
571925397;33187
571942071;33188
571958744;33189
571975418;33190
571992092;33191
572008765;33192
572025439;33193
572042113;33194
572058786;33195
572075460;33196
572092134;33197
572108808;33198
572125481;33199
572142155;33200
572158829;33201
572175502;33202
572192176;33203
572208850;33204
572225523;33205
572242197;33206
572258871;33207
572275544;33208
572292218;33209
572308892;33210
572325565;33211
572342239;33212
572358913;33213
572392260;33214
572408934;33215
572425607;33216
572442281;33217
572458955;33218
572475628;33219
572492302;33220
572508976;33221
572525649;33222
572542323;33223
572558997;33224
572575670;33225
572592344;33226
572609018;33227
572625691;33228
572642365;33229
572659039;33230
572675712;33231
572692386;33232
572709060;33233
572725733;33234
572742407;33235
572759081;33236
572775754;33237
572792428;33238
572809102;33239
572825775;33240
572842449;33241
572859123;33242
572892470;33243
572909144;33244
572925817;33245
572942491;33246
572959165;33247
572975838;33248
572992512;33249
573009186;33250
573025860;33251
573042533;33252
573059207;33253
573075881;33254
573092554;33255
573109228;33256
573125902;33257
573142575;33258
573159249;33259
573175923;33260
573192596;33261
573209270;33262
573225944;33263
573242617;33264
573259291;33265
573275965;33266
573292638;33267
573309312;33268
573325986;33269
573342659;33270
573359333;33271
573392680;33272
573409354;33273
573426028;33274
573442701;33275
573459375;33276
573476049;33277
573492722;33278
573509396;33279
573526070;33280
573542743;33281
573559417;33282
573576091;33283
573592764;33284
573609438;33285
573626112;33286
573642785;33287
573659459;33288
573676133;33289
573692806;33290
573709480;33291
573726154;33292
573742827;33293
573759501;33294
573776175;33295
573792848;33296
573809522;33297
573826196;33298
573842869;33299
573859543;33300
573892890;33301
573909564;33302
573926238;33303
573942911;33304
573959585;33305
573976259;33306
573992932;33307
574009606;33308
574026280;33309
574042953;33310
574059627;33311
574076301;33312
574092974;33313
574109648;33314
574126322;33315
574142995;33316
574159669;33317
574176343;33318
574193016;33319
574209690;33320
574226364;33321
574243037;33322
574259711;33323
574276385;33324
574293058;33325
574309732;33326
574326406;33327
574343079;33328
574359753;33329
574393100;33330
574409774;33331
574426448;33332
574443121;33333
574459795;33334
574476469;33335
574493142;33336
574509816;33337
574526490;33338
574543163;33339
574559837;33340
574576511;33341
574593184;33342
574609858;33343
574626532;33344
574643205;33345
574659879;33346
574676553;33347
574693226;33348
574709900;33349
574726574;33350
574743247;33351
574759921;33352
574776595;33353
574793268;33354
574809942;33355
574826616;33356
574843289;33357
574859963;33358
574893310;33359
574909984;33360
574926658;33361
574943331;33362
574960005;33363
574976679;33364
574993352;33365
575010026;33366
575026700;33367
575043373;33368
575060047;33369
575076721;33370
575093394;33371
575110068;33372
575126742;33373
575143415;33374
575160089;33375
575176763;33376
575193436;33377
575210110;33378
575226784;33379
575243457;33380
575260131;33381
575276805;33382
575293478;33383
575310152;33384
575326825;33385
575343499;33386
575360173;33387
575393520;33388
575410194;33389
575426868;33390
575443541;33391
575460215;33392
575476888;33393
575493562;33394
575510236;33395
575526909;33396
575543583;33397
575560257;33398
575576931;33399
575593604;33400
575610278;33401
575626952;33402
575643625;33403
575660299;33404
575676972;33405
575693646;33406
575710320;33407
575726993;33408
575743667;33409
575760341;33410
575777014;33411
575793688;33412
575810362;33413
575827035;33414
575843709;33415
575860383;33416
575893730;33417
575910404;33418
575927077;33419
575943751;33420
575960425;33421
575977098;33422
575993772;33423
576010446;33424
576027119;33425
576043793;33426
576060467;33427
576077140;33428
576093814;33429
576110488;33430
576127161;33431
576143835;33432
576160509;33433
576177182;33434
576193856;33435
576210530;33436
576227203;33437
576243877;33438
576260551;33439
576277224;33440
576293898;33441
576310572;33442
576327245;33443
576343919;33444
576360593;33445
576393940;33446
576410614;33447
576427287;33448
576443961;33449
576460634;33450
576477308;33451
576493982;33452
576510656;33453
576527329;33454
576544003;33455
576560677;33456
576577350;33457
576594024;33458
576610697;33459
576627371;33460
576644045;33461
576660718;33462
576677392;33463
576694066;33464
576710739;33465
576727413;33466
576744087;33467
576760760;33468
576777434;33469
576794108;33470
576810781;33471
576827455;33472
576844129;33473
576860802;33474
576894150;33475
576910823;33476
576927497;33477
576944171;33478
576960844;33479
576977518;33480
576994192;33481
577010865;33482
577027539;33483
577044213;33484
577060886;33485
577077560;33486
577094234;33487
577110907;33488
577127581;33489
577144255;33490
577160928;33491
577177602;33492
577194276;33493
577210949;33494
577227623;33495
577244296;33496
577260970;33497
577277644;33498
577294317;33499
577310991;33500
577327665;33501
577344338;33502
577361012;33503
577394359;33504
577411033;33505
577427707;33506
577444380;33507
577461054;33508
577477728;33509
577494401;33510
577511075;33511
577527749;33512
577544422;33513
577561096;33514
577577770;33515
577594443;33516
577611117;33517
577627791;33518
577644464;33519
577661138;33520
577677812;33521
577694485;33522
577711159;33523
577727833;33524
577744506;33525
577761180;33526
577777854;33527
577794527;33528
577811201;33529
577827875;33530
577844548;33531
577861222;33532
577894569;33533
577911243;33534
577927916;33535
577944590;33536
577961264;33537
577977937;33538
577994611;33539
578011285;33540
578027958;33541
578044632;33542
578061306;33543
578077979;33544
578094653;33545
578111327;33546
578128000;33547
578144674;33548
578161348;33549
578178021;33550
578194695;33551
578211369;33552
578228042;33553
578244716;33554
578261390;33555
578278063;33556
578294737;33557
578311411;33558
578328084;33559
578344758;33560
578361432;33561
578394779;33562
578411452;33563
578428126;33564
578444800;33565
578461473;33566
578478147;33567
578494821;33568
578511494;33569
578528168;33570
578544842;33571
578561515;33572
578578189;33573
578594863;33574
578611536;33575
578628210;33576
578644884;33577
578661557;33578
578678231;33579
578694905;33580
578711578;33581
578728252;33582
578744926;33583
578761599;33584
578778273;33585
578794946;33586
578811620;33587
578828294;33588
578844967;33589
578861641;33590
578894988;33591
578911662;33592
578928336;33593
578945009;33594
578961683;33595
578978357;33596
578995030;33597
579011704;33598
579028378;33599
579045051;33600
579061725;33601
579078399;33602
579095072;33603
579111746;33604
579128420;33605
579145093;33606
579161767;33607
579178441;33608
579195114;33609
579211788;33610
579228462;33611
579245135;33612
579261809;33613
579278482;33614
579295156;33615
579311830;33616
579328503;33617
579345177;33618
579361851;33619
579395198;33620
579411872;33621
579428545;33622
579445219;33623
579461893;33624
579478566;33625
579495240;33626
579511914;33627
579528587;33628
579545261;33629
579561935;33630
579578608;33631
579595282;33632
579611955;33633
579628629;33634
579645303;33635
579661977;33636
579678650;33637
579695324;33638
579711997;33639
579728671;33640
579745345;33641
579762018;33642
579778692;33643
579795366;33644
579812039;33645
579828713;33646
579845387;33647
579862060;33648
579895408;33649
579912081;33650
579928755;33651
579945429;33652
579962102;33653
579978776;33654
579995449;33655
580012123;33656
580028797;33657
580045471;33658
580062144;33659
580078818;33660
580095491;33661
580112165;33662
580128839;33663
580145512;33664
580162186;33665
580178860;33666
580195533;33667
580212207;33668
580228881;33669
580245554;33670
580262228;33671
580278902;33672
580295575;33673
580312249;33674
580328923;33675
580345596;33676
580362270;33677
580395617;33678
580412291;33679
580428964;33680
580445638;33681
580462312;33682
580478985;33683
580495659;33684
580512333;33685
580529006;33686
580545680;33687
580562354;33688
580579027;33689
580595701;33690
580612375;33691
580629048;33692
580645722;33693
580662396;33694
580679069;33695
580695743;33696
580712417;33697
580729090;33698
580745764;33699
580762438;33700
580779111;33701
580795785;33702
580812459;33703
580829132;33704
580845806;33705
580862480;33706
580895827;33707
580912500;33708
580929174;33709
580945848;33710
580962521;33711
580979195;33712
580995869;33713
581012542;33714
581029216;33715
581045890;33716
581062563;33717
581079237;33718
581095911;33719
581112584;33720
581129258;33721
581145932;33722
581162605;33723
581179279;33724
581195953;33725
581212626;33726
581229300;33727
581245973;33728
581262647;33729
581279321;33730
581295994;33731
581312668;33732
581329342;33733
581346015;33734
581362689;33735
581396036;33736
581412710;33737
581429384;33738
581446057;33739
581462731;33740
581479405;33741
581496078;33742
581512752;33743
581529426;33744
581546099;33745
581562773;33746
581579446;33747
581596120;33748
581612794;33749
581629467;33750
581646141;33751
581662815;33752
581679488;33753
581696162;33754
581712836;33755
581729509;33756
581746183;33757
581762857;33758
581779530;33759
581796204;33760
581812878;33761
581829551;33762
581846225;33763
581862899;33764
581896246;33765
581912920;33766
581929593;33767
581946267;33768
581962941;33769
581979614;33770
581996288;33771
582012961;33772
582029635;33773
582046309;33774
582062982;33775
582079656;33776
582096330;33777
582113003;33778
582129677;33779
582146351;33780
582163024;33781
582179698;33782
582196372;33783
582213045;33784
582229719;33785
582246393;33786
582263066;33787
582279740;33788
582296414;33789
582313087;33790
582329761;33791
582346435;33792
582363108;33793
582396455;33794
582413129;33795
582429803;33796
582446476;33797
582463150;33798
582479824;33799
582496497;33800
582513171;33801
582529845;33802
582546518;33803
582563192;33804
582579866;33805
582596539;33806
582613213;33807
582629887;33808
582646560;33809
582663234;33810
582679908;33811
582696581;33812
582713255;33813
582729928;33814
582746602;33815
582763276;33816
582779949;33817
582796623;33818
582813297;33819
582829970;33820
582846644;33821
582863318;33822
582896665;33823
582913339;33824
582930012;33825
582946686;33826
582963360;33827
582980033;33828
582996707;33829
583013381;33830
583030054;33831
583046728;33832
583063402;33833
583080075;33834
583096749;33835
583113423;33836
583130096;33837
583146770;33838
583163444;33839
583180117;33840
583196791;33841
583213464;33842
583230138;33843
583246812;33844
583263485;33845
583280159;33846
583296833;33847
583313506;33848
583330180;33849
583346854;33850
583363527;33851
583396875;33852
583413548;33853
583430222;33854
583446896;33855
583463569;33856
583480243;33857
583496917;33858
583513590;33859
583530264;33860
583546938;33861
583563611;33862
583580285;33863
583596958;33864
583613632;33865
583630306;33866
583646979;33867
583663653;33868
583680327;33869
583697000;33870
583713674;33871
583730348;33872
583747021;33873
583763695;33874
583780369;33875
583797042;33876
583813716;33877
583830390;33878
583847063;33879
583863737;33880
583897084;33881
583913758;33882
583930432;33883
583947105;33884
583963779;33885
583980453;33886
583997126;33887
584013800;33888
584030473;33889
584047147;33890
584063821;33891
584080494;33892
584097168;33893
584113842;33894
584130515;33895
584147189;33896
584163863;33897
584180536;33898
584197210;33899
584213884;33900
584230557;33901
584247231;33902
584263905;33903
584280578;33904
584297252;33905
584313926;33906
584330599;33907
584347273;33908
584363946;33909
584397294;33910
584413967;33911
584430641;33912
584447315;33913
584463988;33914
584480662;33915
584497336;33916
584514009;33917
584530683;33918
584547357;33919
584564030;33920
584580704;33921
584597378;33922
584614051;33923
584630725;33924
584647399;33925
584664072;33926
584680746;33927
584697420;33928
584714093;33929
584730767;33930
584747440;33931
584764114;33932
584780788;33933
584797461;33934
584814135;33935
584830809;33936
584847482;33937
584864156;33938
584897503;33939
584914177;33940
584930851;33941
584947524;33942
584964198;33943
584980872;33944
584997545;33945
585014219;33946
585030893;33947
585047566;33948
585064240;33949
585080914;33950
585097587;33951
585114261;33952
585130935;33953
585147608;33954
585164282;33955
585180956;33956
585197629;33957
585214303;33958
585230977;33959
585247650;33960
585264324;33961
585280997;33962
585297671;33963
585314345;33964
585331018;33965
585347692;33966
585364366;33967
585397713;33968
585414387;33969
585431060;33970
585447734;33971
585464408;33972
585481081;33973
585497755;33974
585514429;33975
585531102;33976
585547776;33977
585564450;33978
585581123;33979
585597797;33980
585614471;33981
585631144;33982
585647818;33983
585664492;33984
585681165;33985
585697839;33986
585714513;33987
585731186;33988
585747860;33989
585764534;33990
585781207;33991
585797881;33992
585814554;33993
585831228;33994
585847902;33995
585864575;33996
585897923;33997
585914596;33998
585931270;33999
585947944;34000
585964617;34001
585981291;34002
585997965;34003
586014638;34004
586031312;34005
586047986;34006
586064659;34007
586081333;34008
586098007;34009
586114680;34010
586131354;34011
586148028;34012
586164701;34013
586181375;34014
586198049;34015
586214722;34016
586231396;34017
586248070;34018
586264743;34019
586281417;34020
586298091;34021
586314764;34022
586331438;34023
586348111;34024
586364785;34025
586398132;34026
586414806;34027
586431480;34028
586448153;34029
586464827;34030
586481501;34031
586498174;34032
586514848;34033
586531522;34034
586548195;34035
586564869;34036
586581543;34037
586598216;34038
586614890;34039
586631564;34040
586648237;34041
586664911;34042
586681585;34043
586698258;34044
586714932;34045
586731606;34046
586748279;34047
586764953;34048
586781627;34049
586798300;34050
586814974;34051
586831648;34052
586848321;34053
586864995;34054
586898342;34055
586915016;34056
586931689;34057
586948363;34058
586965037;34059
586981710;34060
586998384;34061
587015058;34062
587031731;34063
587048405;34064
587065079;34065
587081752;34066
587098426;34067
587115100;34068
587131773;34069
587148447;34070
587165121;34071
587181794;34072
587198468;34073
587215142;34074
587231815;34075
587248489;34076
587265163;34077
587281836;34078
587298510;34079
587315184;34080
587331857;34081
587348531;34082
587365204;34083
587398552;34084
587415226;34085
587431899;34086
587448573;34087
587465247;34088
587481920;34089
587498594;34090
587515267;34091
587531941;34092
587548615;34093
587565288;34094
587581962;34095
587598636;34096
587615309;34097
587631983;34098
587648657;34099
587665330;34100
587682004;34101
587698678;34102
587715351;34103
587732025;34104
587748699;34105
587765372;34106
587782046;34107
587798720;34108
587815393;34109
587832067;34110
587848741;34111
587865414;34112
587898762;34113
587915435;34114
587932109;34115
587948783;34116
587965456;34117
587982130;34118
587998804;34119
588015477;34120
588032151;34121
588048825;34122
588065498;34123
588082172;34124
588098846;34125
588115519;34126
588132193;34127
588148867;34128
588165540;34129
588182214;34130
588198888;34131
588215561;34132
588232235;34133
588248909;34134
588265582;34135
588282256;34136
588298930;34137
588315603;34138
588332277;34139
588348951;34140
588365624;34141
588398971;34142
588415645;34143
588432319;34144
588448992;34145
588465666;34146
588482340;34147
588499013;34148
588515687;34149
588532361;34150
588549035;34151
588565708;34152
588582382;34153
588599055;34154
588615729;34155
588632403;34156
588649076;34157
588665750;34158
588682424;34159
588699097;34160
588715771;34161
588732445;34162
588749118;34163
588765792;34164
588782466;34165
588799139;34166
588815813;34167
588832487;34168
588849160;34169
588865834;34170
588899181;34171
588915855;34172
588932529;34173
588949202;34174
588965876;34175
588982550;34176
588999223;34177
589015897;34178
589032571;34179
589049244;34180
589065918;34181
589082592;34182
589099265;34183
589115939;34184
589132613;34185
589149286;34186
589165960;34187
589182634;34188
589199307;34189
589215981;34190
589232655;34191
589249328;34192
589266002;34193
589282676;34194
589299349;34195
589316023;34196
589332697;34197
589349370;34198
589366044;34199
589399391;34200
589416065;34201
589432739;34202
589449412;34203
589466086;34204
589482760;34205
589499433;34206
589516107;34207
589532781;34208
589549454;34209
589566128;34210
589582802;34211
589599475;34212
589616149;34213
589632823;34214
589649496;34215
589666170;34216
589682844;34217
589699517;34218
589716191;34219
589732865;34220
589749538;34221
589766212;34222
589782885;34223
589799559;34224
589816233;34225
589832907;34226
589849580;34227
589866254;34228
589899601;34229
589916275;34230
589932949;34231
589949622;34232
589966296;34233
589982970;34234
589999643;34235
590016317;34236
590032990;34237
590049664;34238
590066338;34239
590083011;34240
590099685;34241
590116359;34242
590133032;34243
590149706;34244
590166380;34245
590183054;34246
590199727;34247
590216401;34248
590233075;34249
590249748;34250
590266422;34251
590283095;34252
590299769;34253
590316443;34254
590333117;34255
590349790;34256
590366464;34257
590399811;34258
590416485;34259
590433159;34260
590449832;34261
590466506;34262
590483179;34263
590499853;34264
590516527;34265
590533201;34266
590549874;34267
590566548;34268
590583222;34269
590599895;34270
590616569;34271
590633243;34272
590649916;34273
590666590;34274
590683264;34275
590699937;34276
590716611;34277
590733285;34278
590749958;34279
590766632;34280
590783305;34281
590799979;34282
590816653;34283
590833327;34284
590850000;34285
590866674;34286
590900021;34287
590916695;34288
590933369;34289
590950042;34290
590966716;34291
590983389;34292
591000063;34293
591016737;34294
591033410;34295
591050084;34296
591066758;34297
591083432;34298
591100105;34299
591116779;34300
591133452;34301
591150126;34302
591166800;34303
591183473;34304
591200147;34305
591216821;34306
591233495;34307
591250168;34308
591266842;34309
591283515;34310
591300189;34311
591316863;34312
591333537;34313
591350210;34314
591366884;34315
591400231;34316
591416905;34317
591433579;34318
591450252;34319
591466926;34320
591483600;34321
591500273;34322
591516947;34323
591533621;34324
591550294;34325
591566968;34326
591583642;34327
591600315;34328
591616989;34329
591633663;34330
591650336;34331
591667010;34332
591683684;34333
591700357;34334
591717031;34335
591733705;34336
591750378;34337
591767052;34338
591783726;34339
591800399;34340
591817073;34341
591833747;34342
591850420;34343
591867094;34344
591900441;34345
591917115;34346
591933789;34347
591950462;34348
591967136;34349
591983809;34350
592000483;34351
592017157;34352
592033831;34353
592050504;34354
592067178;34355
592083852;34356
592100525;34357
592117199;34358
592133873;34359
592150546;34360
592167220;34361
592183894;34362
592200567;34363
592217241;34364
592233915;34365
592250588;34366
592267262;34367
592283936;34368
592300609;34369
592317283;34370
592333957;34371
592350630;34372
592367304;34373
592400651;34374
592417325;34375
592433999;34376
592450672;34377
592467346;34378
592484020;34379
592500693;34380
592517367;34381
592534041;34382
592550714;34383
592567388;34384
592584062;34385
592600735;34386
592617409;34387
592634083;34388
592650756;34389
592667430;34390
592684104;34391
592700777;34392
592717451;34393
592734125;34394
592750798;34395
592767472;34396
592784146;34397
592800819;34398
592817493;34399
592834167;34400
592850840;34401
592867514;34402
592900861;34403
592917535;34404
592934209;34405
592950882;34406
592967556;34407
592984230;34408
593000903;34409
593017577;34410
593034251;34411
593050924;34412
593067598;34413
593084272;34414
593100945;34415
593117619;34416
593134293;34417
593150966;34418
593167640;34419
593184314;34420
593200987;34421
593217661;34422
593234335;34423
593251008;34424
593267682;34425
593284356;34426
593301029;34427
593317703;34428
593334377;34429
593351051;34430
593367724;34431
593401072;34432
593417745;34433
593434419;34434
593451093;34435
593467766;34436
593484440;34437
593501114;34438
593517787;34439
593534461;34440
593551134;34441
593567808;34442
593584482;34443
593601155;34444
593617829;34445
593634503;34446
593651177;34447
593667850;34448
593684524;34449
593701198;34450
593717871;34451
593734545;34452
593751219;34453
593767892;34454
593784566;34455
593801240;34456
593817913;34457
593834587;34458
593851261;34459
593867934;34460
593901282;34461
593917955;34462
593934629;34463
593951303;34464
593967976;34465
593984650;34466
594001324;34467
594017997;34468
594034671;34469
594051345;34470
594068018;34471
594084692;34472
594101366;34473
594118039;34474
594134713;34475
594151387;34476
594168060;34477
594184734;34478
594201408;34479
594218081;34480
594234755;34481
594251429;34482
594268102;34483
594284776;34484
594301450;34485
594318123;34486
594334797;34487
594351471;34488
594368144;34489
594401492;34490
594418166;34491
594434839;34492
594451513;34493
594468186;34494
594484860;34495
594501534;34496
594518208;34497
594534881;34498
594551555;34499
594568229;34500
594584902;34501
594601576;34502
594618250;34503
594634923;34504
594651597;34505
594668271;34506
594684944;34507
594701618;34508
594718292;34509
594734965;34510
594751639;34511
594768313;34512
594784986;34513
594801660;34514
594818334;34515
594835007;34516
594851681;34517
594868355;34518
594901702;34519
594918376;34520
594935049;34521
594951723;34522
594968397;34523
594985070;34524
595001744;34525
595018418;34526
595035091;34527
595051765;34528
595068439;34529
595085112;34530
595101786;34531
595118460;34532
595135134;34533
595151807;34534
595168481;34535
595185155;34536
595201828;34537
595218502;34538
595235176;34539
595251849;34540
595268523;34541
595285197;34542
595301870;34543
595318544;34544
595335218;34545
595351891;34546
595368565;34547
595401912;34548
595418586;34549
595435260;34550
595451933;34551
595468607;34552
595485281;34553
595501954;34554
595518628;34555
595535302;34556
595551976;34557
595568649;34558
595585323;34559
595601997;34560
595618670;34561
595635344;34562
595652018;34563
595668691;34564
595685365;34565
595702039;34566
595718712;34567
595735386;34568
595752060;34569
595768733;34570
595785407;34571
595802081;34572
595818754;34573
595835428;34574
595852102;34575
595868775;34576
595902123;34577
595918796;34578
595935470;34579
595952144;34580
595968817;34581
595985491;34582
596002165;34583
596018838;34584
596035512;34585
596052186;34586
596068859;34587
596085533;34588
596102207;34589
596118881;34590
596135554;34591
596152228;34592
596168902;34593
596185575;34594
596202249;34595
596218923;34596
596235596;34597
596252270;34598
596268944;34599
596285617;34600
596302291;34601
596318965;34602
596335638;34603
596352312;34604
596368986;34605
596402333;34606
596419007;34607
596435680;34608
596452354;34609
596469028;34610
596485701;34611
596502375;34612
596519049;34613
596535722;34614
596552396;34615
596569070;34616
596585744;34617
596602417;34618
596619091;34619
596635765;34620
596652438;34621
596669112;34622
596685786;34623
596702459;34624
596719133;34625
596735807;34626
596752480;34627
596769154;34628
596785828;34629
596802501;34630
596819175;34631
596835849;34632
596852522;34633
596869196;34634
596902544;34635
596919217;34636
596935891;34637
596952565;34638
596969238;34639
596985912;34640
597002585;34641
597019259;34642
597035933;34643
597052607;34644
597069280;34645
597085954;34646
597102628;34647
597119301;34648
597135975;34649
597152649;34650
597169322;34651
597185996;34652
597202670;34653
597219343;34654
597236017;34655
597252691;34656
597269364;34657
597286038;34658
597302712;34659
597319386;34660
597336059;34661
597352733;34662
597369407;34663
597402754;34664
597419428;34665
597436101;34666
597452775;34667
597469449;34668
597486122;34669
597502796;34670
597519470;34671
597536143;34672
597552817;34673
597569491;34674
597586164;34675
597602838;34676
597619512;34677
597636185;34678
597652859;34679
597669533;34680
597686207;34681
597702880;34682
597719554;34683
597736228;34684
597752901;34685
597769575;34686
597786249;34687
597802922;34688
597819596;34689
597836270;34690
597852943;34691
597869617;34692
597902964;34693
597919638;34694
597936312;34695
597952985;34696
597969659;34697
597986333;34698
598003006;34699
598019680;34700
598036354;34701
598053027;34702
598069701;34703
598086375;34704
598103048;34705
598119722;34706
598136396;34707
598153070;34708
598169743;34709
598186417;34710
598203091;34711
598219764;34712
598236438;34713
598253112;34714
598269785;34715
598286459;34716
598303133;34717
598319806;34718
598336480;34719
598353154;34720
598369827;34721
598403175;34722
598419848;34723
598436522;34724
598453196;34725
598469870;34726
598486543;34727
598503217;34728
598519891;34729
598536564;34730
598553238;34731
598569912;34732
598586585;34733
598603259;34734
598619933;34735
598636606;34736
598653280;34737
598669954;34738
598686627;34739
598703301;34740
598719975;34741
598736648;34742
598753322;34743
598769996;34744
598786669;34745
598803343;34746
598820017;34747
598836691;34748
598853364;34749
598870038;34750
598903385;34751
598920059;34752
598936733;34753
598953406;34754
598970080;34755
598986754;34756
599003427;34757
599020101;34758
599036775;34759
599053448;34760
599070122;34761
599086796;34762
599103469;34763
599120143;34764
599136817;34765
599153491;34766
599170164;34767
599186838;34768
599203512;34769
599220185;34770
599236859;34771
599253533;34772
599270206;34773
599286880;34774
599303554;34775
599320227;34776
599336901;34777
599353575;34778
599370249;34779
599403596;34780
599420270;34781
599436943;34782
599453617;34783
599470291;34784
599486964;34785
599503638;34786
599520312;34787
599536985;34788
599553659;34789
599570333;34790
599587006;34791
599603680;34792
599620354;34793
599637027;34794
599653701;34795
599670375;34796
599687049;34797
599703722;34798
599720396;34799
599737070;34800
599753743;34801
599770417;34802
599787091;34803
599803764;34804
599820438;34805
599837112;34806
599853785;34807
599870459;34808
599903806;34809
599920480;34810
599937154;34811
599953827;34812
599970501;34813
599987175;34814
600003849;34815
600020522;34816
600037196;34817
600053870;34818
600070543;34819
600087217;34820
600103891;34821
600120564;34822
600137238;34823
600153912;34824
600170585;34825
600187259;34826
600203933;34827
600220606;34828
600237280;34829
600253954;34830
600270627;34831
600287301;34832
600303975;34833
600320649;34834
600337322;34835
600353996;34836
600370670;34837
600404017;34838
600420691;34839
600437364;34840
600454038;34841
600470712;34842
600487385;34843
600504059;34844
600520733;34845
600537406;34846
600554080;34847
600570754;34848
600587428;34849
600604101;34850
600620775;34851
600637449;34852
600654122;34853
600670796;34854
600687470;34855
600704143;34856
600720817;34857
600737491;34858
600754164;34859
600770838;34860
600787512;34861
600804185;34862
600820859;34863
600837533;34864
600854207;34865
600870880;34866
600904228;34867
600920901;34868
600937575;34869
600954249;34870
600970922;34871
600987596;34872
601004270;34873
601020943;34874
601037617;34875
601054291;34876
601070964;34877
601087638;34878
601104312;34879
601120986;34880
601137659;34881
601154333;34882
601171007;34883
601187680;34884
601204354;34885
601221028;34886
601237701;34887
601254375;34888
601271049;34889
601287722;34890
601304396;34891
601321070;34892
601337743;34893
601354417;34894
601371091;34895
601404438;34896
601421112;34897
601437786;34898
601454459;34899
601471133;34900
601487807;34901
601504480;34902
601521154;34903
601537828;34904
601554501;34905
601571175;34906
601587849;34907
601604522;34908
601621196;34909
601637870;34910
601654543;34911
601671217;34912
601687891;34913
601704565;34914
601721238;34915
601737912;34916
601754586;34917
601771259;34918
601787933;34919
601804607;34920
601821280;34921
601837954;34922
601854628;34923
601871301;34924
601904649;34925
601921322;34926
601937996;34927
601954670;34928
601971344;34929
601988017;34930
602004691;34931
602021365;34932
602038038;34933
602054712;34934
602071386;34935
602088059;34936
602104733;34937
602121407;34938
602138080;34939
602154754;34940
602171428;34941
602188101;34942
602204775;34943
602221449;34944
602238123;34945
602254796;34946
602271470;34947
602288144;34948
602304817;34949
602321491;34950
602338165;34951
602354838;34952
602371512;34953
602404859;34954
602421533;34955
602438207;34956
602454881;34957
602471554;34958
602488228;34959
602504902;34960
602521575;34961
602538249;34962
602554923;34963
602571596;34964
602588270;34965
602604944;34966
602621617;34967
602638291;34968
602654965;34969
602671638;34970
602688312;34971
602704986;34972
602721659;34973
602738333;34974
602755007;34975
602771681;34976
602788354;34977
602805028;34978
602821702;34979
602838375;34980
602855049;34981
602871723;34982
602905070;34983
602921744;34984
602938417;34985
602955091;34986
602971765;34987
602988439;34988
603005112;34989
603021786;34990
603038460;34991
603055133;34992
603071807;34993
603088481;34994
603105154;34995
603121828;34996
603138502;34997
603155175;34998
603171849;34999
603188523;35000
603205196;35001
603221870;35002
603238544;35003
603255218;35004
603271891;35005
603288565;35006
603305239;35007
603321912;35008
603338586;35009
603355260;35010
603371933;35011
603405281;35012
603421954;35013
603438628;35014
603455302;35015
603471975;35016
603488649;35017
603505323;35018
603521997;35019
603538670;35020
603555344;35021
603572018;35022
603588691;35023
603605365;35024
603622039;35025
603638712;35026
603655386;35027
603672060;35028
603688733;35029
603705407;35030
603722081;35031
603738755;35032
603755428;35033
603772102;35034
603788776;35035
603805449;35036
603822123;35037
603838797;35038
603855470;35039
603872144;35040
603905491;35041
603922165;35042
603938839;35043
603955513;35044
603972186;35045
603988860;35046
604005534;35047
604022207;35048
604038881;35049
604055555;35050
604072228;35051
604088902;35052
604105576;35053
604122249;35054
604138923;35055
604155597;35056
604172270;35057
604188944;35058
604205618;35059
604222292;35060
604238965;35061
604255639;35062
604272313;35063
604288986;35064
604305660;35065
604322334;35066
604339007;35067
604355681;35068
604372355;35069
604405702;35070
604422376;35071
604439049;35072
604455723;35073
604472397;35074
604489070;35075
604505744;35076
604522418;35077
604539092;35078
604555765;35079
604572439;35080
604589113;35081
604605786;35082
604622460;35083
604639134;35084
604655807;35085
604672481;35086
604689155;35087
604705828;35088
604722502;35089
604739176;35090
604755850;35091
604772523;35092
604789197;35093
604805871;35094
604822544;35095
604839218;35096
604855892;35097
604872565;35098
604905913;35099
604922586;35100
604939260;35101
604955934;35102
604972608;35103
604989281;35104
605005955;35105
605022629;35106
605039302;35107
605055976;35108
605072650;35109
605089323;35110
605105997;35111
605122671;35112
605139344;35113
605156018;35114
605172692;35115
605189365;35116
605206039;35117
605222713;35118
605239387;35119
605256060;35120
605272734;35121
605289408;35122
605306081;35123
605322755;35124
605339429;35125
605356102;35126
605372776;35127
605406123;35128
605422797;35129
605439471;35130
605456144;35131
605472818;35132
605489492;35133
605506166;35134
605522839;35135
605539513;35136
605556187;35137
605572860;35138
605589534;35139
605606208;35140
605622881;35141
605639555;35142
605656229;35143
605672902;35144
605689576;35145
605706250;35146
605722924;35147
605739597;35148
605756271;35149
605772945;35150
605789618;35151
605806292;35152
605822966;35153
605839639;35154
605856313;35155
605872987;35156
605906334;35157
605923008;35158
605939681;35159
605956355;35160
605973029;35161
605989703;35162
606006376;35163
606023050;35164
606039724;35165
606056397;35166
606073071;35167
606089745;35168
606106418;35169
606123092;35170
606139766;35171
606156439;35172
606173113;35173
606189787;35174
606206460;35175
606223134;35176
606239808;35177
606256481;35178
606273155;35179
606289829;35180
606306503;35181
606323176;35182
606339850;35183
606356524;35184
606373197;35185
606406545;35186
606423218;35187
606439892;35188
606456566;35189
606473240;35190
606489913;35191
606506587;35192
606523261;35193
606539934;35194
606556608;35195
606573282;35196
606589955;35197
606606629;35198
606623303;35199
606639976;35200
606656650;35201
606673324;35202
606689997;35203
606706671;35204
606723345;35205
606740019;35206
606756692;35207
606773366;35208
606790040;35209
606806713;35210
606823387;35211
606840061;35212
606856734;35213
606873408;35214
606906755;35215
606923429;35216
606940103;35217
606956776;35218
606973450;35219
606990124;35220
607006797;35221
607023471;35222
607040145;35223
607056819;35224
607073492;35225
607090166;35226
607106840;35227
607123513;35228
607140187;35229
607156861;35230
607173534;35231
607190208;35232
607206882;35233
607223555;35234
607240229;35235
607256903;35236
607273577;35237
607290250;35238
607306924;35239
607323598;35240
607340271;35241
607356945;35242
607373619;35243
607406966;35244
607423640;35245
607440313;35246
607456987;35247
607473661;35248
607490335;35249
607507008;35250
607523682;35251
607540356;35252
607557029;35253
607573703;35254
607590377;35255
607607050;35256
607623724;35257
607640398;35258
607657071;35259
607673745;35260
607690419;35261
607707092;35262
607723766;35263
607740440;35264
607757113;35265
607773787;35266
607790461;35267
607807135;35268
607823808;35269
607840482;35270
607857156;35271
607873829;35272
607907177;35273
607923850;35274
607940524;35275
607957198;35276
607973872;35277
607990545;35278
608007219;35279
608023892;35280
608040566;35281
608057240;35282
608073914;35283
608090587;35284
608107261;35285
608123935;35286
608140608;35287
608157282;35288
608173956;35289
608190629;35290
608207303;35291
608223977;35292
608240650;35293
608257324;35294
608273998;35295
608290672;35296
608307345;35297
608324019;35298
608340693;35299
608357366;35300
608374040;35301
608407387;35302
608424061;35303
608440735;35304
608457408;35305
608474082;35306
608490756;35307
608507430;35308
608524103;35309
608540777;35310
608557450;35311
608574124;35312
608590798;35313
608607472;35314
608624145;35315
608640819;35316
608657493;35317
608674166;35318
608690840;35319
608707514;35320
608724187;35321
608740861;35322
608757535;35323
608774209;35324
608790882;35325
608807556;35326
608824230;35327
608840903;35328
608857577;35329
608874251;35330
608907598;35331
608924272;35332
608940945;35333
608957619;35334
608974293;35335
608990966;35336
609007640;35337
609024314;35338
609040987;35339
609057661;35340
609074335;35341
609091009;35342
609107682;35343
609124356;35344
609141030;35345
609157703;35346
609174377;35347
609191051;35348
609207724;35349
609224398;35350
609241072;35351
609257745;35352
609274419;35353
609291093;35354
609307767;35355
609324440;35356
609341114;35357
609357788;35358
609374461;35359
609407809;35360
609424482;35361
609441156;35362
609457830;35363
609474503;35364
609491177;35365
609507851;35366
609524524;35367
609541198;35368
609557872;35369
609574546;35370
609591219;35371
609607893;35372
609624567;35373
609641240;35374
609657914;35375
609674588;35376
609691261;35377
609707935;35378
609724609;35379
609741282;35380
609757956;35381
609774630;35382
609791303;35383
609807977;35384
609824651;35385
609841324;35386
609857998;35387
609874672;35388
609908019;35389
609924693;35390
609941367;35391
609958040;35392
609974714;35393
609991388;35394
610008061;35395
610024735;35396
610041409;35397
610058082;35398
610074756;35399
610091430;35400
610108103;35401
610124777;35402
610141451;35403
610158124;35404
610174798;35405
610191472;35406
610208146;35407
610224819;35408
610241493;35409
610258167;35410
610274840;35411
610291514;35412
610308188;35413
610324861;35414
610341535;35415
610358209;35416
610374882;35417
610408230;35418
610424904;35419
610441577;35420
610458251;35421
610474925;35422
610491598;35423
610508272;35424
610524946;35425
610541619;35426
610558293;35427
610574967;35428
610591640;35429
610608314;35430
610624988;35431
610641661;35432
610658335;35433
610675009;35434
610691683;35435
610708356;35436
610725030;35437
610741704;35438
610758377;35439
610775051;35440
610791725;35441
610808398;35442
610825072;35443
610841746;35444
610858419;35445
610875093;35446
610908440;35447
610925114;35448
610941788;35449
610958461;35450
610975135;35451
610991809;35452
611008483;35453
611025156;35454
611041830;35455
611058504;35456
611075177;35457
611091851;35458
611108525;35459
611125198;35460
611141872;35461
611158546;35462
611175219;35463
611191893;35464
611208567;35465
611225240;35466
611241914;35467
611258588;35468
611275261;35469
611291935;35470
611308609;35471
611325283;35472
611341956;35473
611358630;35474
611375304;35475
611408651;35476
611425325;35477
611441998;35478
611458672;35479
611475346;35480
611492019;35481
611508693;35482
611525367;35483
611542040;35484
611558714;35485
611575388;35486
611592061;35487
611608735;35488
611625409;35489
611642083;35490
611658756;35491
611675430;35492
611692104;35493
611708777;35494
611725451;35495
611742125;35496
611758798;35497
611775472;35498
611792146;35499
611808819;35500
611825493;35501
611842167;35502
611858840;35503
611875514;35504
611908861;35505
611925535;35506
611942209;35507
611958883;35508
611975556;35509
611992230;35510
612008904;35511
612025577;35512
612042251;35513
612058925;35514
612075598;35515
612092272;35516
612108946;35517
612125619;35518
612142293;35519
612158967;35520
612175640;35521
612192314;35522
612208988;35523
612225661;35524
612242335;35525
612259009;35526
612275682;35527
612292356;35528
612309030;35529
612325704;35530
612342377;35531
612359051;35532
612375725;35533
612409072;35534
612425746;35535
612442419;35536
612459093;35537
612475767;35538
612492440;35539
612509114;35540
612525788;35541
612542461;35542
612559135;35543
612575809;35544
612592482;35545
612609156;35546
612625830;35547
612642504;35548
612659177;35549
612675851;35550
612692525;35551
612709198;35552
612725872;35553
612742546;35554
612759219;35555
612775893;35556
612792567;35557
612809240;35558
612825914;35559
612842588;35560
612859261;35561
612875935;35562
612909282;35563
612925956;35564
612942630;35565
612959303;35566
612975977;35567
612992651;35568
613009325;35569
613025998;35570
613042672;35571
613059346;35572
613076019;35573
613092693;35574
613109367;35575
613126040;35576
613142714;35577
613159388;35578
613176061;35579
613192735;35580
613209409;35581
613226082;35582
613242756;35583
613259430;35584
613276103;35585
613292777;35586
613309451;35587
613326124;35588
613342798;35589
613359472;35590
613376146;35591
613409493;35592
613426167;35593
613442840;35594
613459514;35595
613476188;35596
613492861;35597
613509535;35598
613526209;35599
613542882;35600
613559556;35601
613576230;35602
613592903;35603
613609577;35604
613626251;35605
613642924;35606
613659598;35607
613676272;35608
613692945;35609
613709619;35610
613726293;35611
613742966;35612
613759640;35613
613776314;35614
613792987;35615
613809661;35616
613826335;35617
613843008;35618
613859682;35619
613876356;35620
613909703;35621
613926377;35622
613943051;35623
613959724;35624
613976398;35625
613993072;35626
614009745;35627
614026419;35628
614043093;35629
614059766;35630
614076440;35631
614093114;35632
614109787;35633
614126461;35634
614143135;35635
614159808;35636
614176482;35637
614193156;35638
614209829;35639
614226503;35640
614243177;35641
614259850;35642
614276524;35643
614293198;35644
614309872;35645
614326545;35646
614343219;35647
614359893;35648
614376566;35649
614409914;35650
614426587;35651
614443261;35652
614459935;35653
614476608;35654
614493282;35655
614509956;35656
614526629;35657
614543303;35658
614559977;35659
614576650;35660
614593324;35661
614609998;35662
614626671;35663
614643345;35664
614660019;35665
614676692;35666
614693366;35667
614710040;35668
614726713;35669
614743387;35670
614760061;35671
614776735;35672
614793408;35673
614810082;35674
614826756;35675
614843429;35676
614860103;35677
614876777;35678
614910124;35679
614926798;35680
614943471;35681
614960145;35682
614976819;35683
614993492;35684
615010166;35685
615026840;35686
615043513;35687
615060187;35688
615076861;35689
615093534;35690
615110208;35691
615126882;35692
615143555;35693
615160229;35694
615176903;35695
615193576;35696
615210250;35697
615226924;35698
615243597;35699
615260271;35700
615276945;35701
615293619;35702
615310292;35703
615326966;35704
615343640;35705
615360313;35706
615376987;35707
615410334;35708
615427008;35709
615443682;35710
615460355;35711
615477029;35712
615493703;35713
615510376;35714
615527050;35715
615543724;35716
615560397;35717
615577071;35718
615593745;35719
615610418;35720
615627092;35721
615643766;35722
615660439;35723
615677113;35724
615693787;35725
615710460;35726
615727134;35727
615743808;35728
615760481;35729
615777155;35730
615793829;35731
615810502;35732
615827176;35733
615843850;35734
615860523;35735
615877197;35736
615910545;35737
615927218;35738
615943892;35739
615960566;35740
615977239;35741
615993913;35742
616010587;35743
616027260;35744
616043934;35745
616060608;35746
616077281;35747
616093955;35748
616110629;35749
616127302;35750
616143976;35751
616160650;35752
616177323;35753
616193997;35754
616210671;35755
616227344;35756
616244018;35757
616260692;35758
616277365;35759
616294039;35760
616310713;35761
616327386;35762
616344060;35763
616360734;35764
616377407;35765
616394081;35766
616427428;35767
616444102;35768
616460776;35769
616477449;35770
616494123;35771
616510797;35772
616527471;35773
616544144;35774
616560818;35775
616577491;35776
616594165;35777
616610839;35778
616627512;35779
616644186;35780
616660860;35781
616677534;35782
616694207;35783
616710881;35784
616727555;35785
616744228;35786
616760902;35787
616777576;35788
616794249;35789
616810923;35790
616827597;35791
616844270;35792
616860944;35793
616877618;35794
616894291;35795
616927639;35796
616944312;35797
616960986;35798
616977660;35799
616994333;35800
617011007;35801
617027681;35802
617044354;35803
617061028;35804
617077702;35805
617094375;35806
617111049;35807
617127723;35808
617144396;35809
617161070;35810
617177744;35811
617194417;35812
617211091;35813
617227765;35814
617244439;35815
617261112;35816
617277786;35817
617294459;35818
617311133;35819
617327807;35820
617344480;35821
617361154;35822
617377828;35823
617394502;35824
617427849;35825
617444523;35826
617461196;35827
617477870;35828
617494543;35829
617511217;35830
617527891;35831
617544565;35832
617561238;35833
617577912;35834
617594586;35835
617611259;35836
617627933;35837
617644607;35838
617661280;35839
617677954;35840
617694628;35841
617711301;35842
617727975;35843
617744649;35844
617761322;35845
617777996;35846
617794670;35847
617811343;35848
617828017;35849
617844691;35850
617861364;35851
617878038;35852
617894712;35853
617928059;35854
617944733;35855
617961406;35856
617978080;35857
617994754;35858
618011427;35859
618028101;35860
618044775;35861
618061448;35862
618078122;35863
618094796;35864
618111469;35865
618128143;35866
618144817;35867
618161490;35868
618178164;35869
618194838;35870
618211511;35871
618228185;35872
618244859;35873
618261532;35874
618278206;35875
618294880;35876
618311553;35877
618328227;35878
618344901;35879
618361574;35880
618378248;35881
618394922;35882
618428269;35883
618444943;35884
618461617;35885
618478290;35886
618494964;35887
618511638;35888
618528311;35889
618544985;35890
618561658;35891
618578332;35892
618595006;35893
618611679;35894
618628353;35895
618645027;35896
618661701;35897
618678374;35898
618695048;35899
618711722;35900
618728395;35901
618745069;35902
618761743;35903
618778416;35904
618795090;35905
618811764;35906
618828437;35907
618845111;35908
618861785;35909
618878458;35910
618895132;35911
618928479;35912
618945153;35913
618961827;35914
618978500;35915
618995174;35916
619011848;35917
619028521;35918
619045195;35919
619061869;35920
619078542;35921
619095216;35922
619111890;35923
619128563;35924
619145237;35925
619161911;35926
619178584;35927
619195258;35928
619211932;35929
619228605;35930
619245279;35931
619261953;35932
619278626;35933
619295300;35934
619311974;35935
619328647;35936
619345321;35937
619361995;35938
619378668;35939
619395342;35940
619428689;35941
619445363;35942
619462037;35943
619478710;35944
619495384;35945
619512058;35946
619528731;35947
619545405;35948
619562079;35949
619578752;35950
619595426;35951
619612100;35952
619628773;35953
619645447;35954
619662121;35955
619678794;35956
619695468;35957
619712142;35958
619728815;35959
619745489;35960
619762163;35961
619778836;35962
619795510;35963
619812184;35964
619828857;35965
619845531;35966
619862205;35967
619878878;35968
619895552;35969
619928899;35970
619945573;35971
619962247;35972
619978920;35973
619995594;35974
620012268;35975
620028941;35976
620045615;35977
620062289;35978
620078962;35979
620095636;35980
620112310;35981
620128983;35982
620145657;35983
620162331;35984
620179004;35985
620195678;35986
620212352;35987
620229025;35988
620245699;35989
620262373;35990
620279046;35991
620295720;35992
620312394;35993
620329067;35994
620345741;35995
620362415;35996
620379088;35997
620395762;35998
620429109;35999
620445783;36000
620462457;36001
620479130;36002
620495804;36003
620512478;36004
620529151;36005
620545825;36006
620562499;36007
620579172;36008
620595846;36009
620612520;36010
620629193;36011
620645867;36012
620662541;36013
620679214;36014
620695888;36015
620712562;36016
620729235;36017
620745909;36018
620762583;36019
620779256;36020
620795930;36021
620812604;36022
620829277;36023
620845951;36024
620862625;36025
620879298;36026
620895972;36027
620929319;36028
620945993;36029
620962667;36030
620979340;36031
620996014;36032
621012688;36033
621029361;36034
621046035;36035
621062709;36036
621079382;36037
621096056;36038
621112730;36039
621129403;36040
621146077;36041
621162751;36042
621179424;36043
621196098;36044
621212772;36045
621229445;36046
621246119;36047
621262793;36048
621279466;36049
621296140;36050
621312814;36051
621329487;36052
621346161;36053
621362835;36054
621379508;36055
621396182;36056
621429529;36057
621446203;36058
621462877;36059
621479550;36060
621496224;36061
621512898;36062
621529571;36063
621546245;36064
621562918;36065
621579592;36066
621596266;36067
621612939;36068
621629613;36069
621646287;36070
621662961;36071
621679634;36072
621696308;36073
621712982;36074
621729655;36075
621746329;36076
621763003;36077
621779676;36078
621796350;36079
621813023;36080
621829697;36081
621846371;36082
621863044;36083
621879718;36084
621896392;36085
621929739;36086
621946413;36087
621963087;36088
621979760;36089
621996434;36090
622013107;36091
622029781;36092
622046455;36093
622063128;36094
622079802;36095
622096476;36096
622113149;36097
622129823;36098
622146497;36099
622163170;36100
622179844;36101
622196518;36102
622213191;36103
622229865;36104
622246539;36105
622263212;36106
622279886;36107
622296560;36108
622313233;36109
622329907;36110
622346581;36111
622363254;36112
622379928;36113
622396602;36114
622429949;36115
622446623;36116
622463296;36117
622479970;36118
622496644;36119
622513317;36120
622529991;36121
622546665;36122
622563338;36123
622580012;36124
622596686;36125
622613359;36126
622630033;36127
622646707;36128
622663380;36129
622680054;36130
622696728;36131
622713401;36132
622730075;36133
622746749;36134
622763422;36135
622780096;36136
622796770;36137
622813443;36138
622830117;36139
622846791;36140
622863464;36141
622880138;36142
622896812;36143
622930159;36144
622946833;36145
622963506;36146
622980180;36147
622996854;36148
623013527;36149
623030201;36150
623046874;36151
623063548;36152
623080222;36153
623096896;36154
623113569;36155
623130243;36156
623146916;36157
623163590;36158
623180264;36159
623196937;36160
623213611;36161
623230285;36162
623246958;36163
623263632;36164
623280306;36165
623296979;36166
623313653;36167
623330327;36168
623347000;36169
623363674;36170
623380348;36171
623397021;36172
623430369;36173
623447042;36174
623463716;36175
623480390;36176
623497063;36177
623513737;36178
623530411;36179
623547084;36180
623563758;36181
623580432;36182
623597105;36183
623613779;36184
623630453;36185
623647126;36186
623663800;36187
623680473;36188
623697147;36189
623713821;36190
623730495;36191
623747168;36192
623763842;36193
623780515;36194
623797189;36195
623813863;36196
623830536;36197
623847210;36198
623863884;36199
623880557;36200
623897231;36201
623930578;36202
623947252;36203
623963926;36204
623980599;36205
623997273;36206
624013947;36207
624030620;36208
624047294;36209
624063968;36210
624080641;36211
624097315;36212
624113989;36213
624130662;36214
624147336;36215
624164010;36216
624180683;36217
624197357;36218
624214031;36219
624230704;36220
624247378;36221
624264052;36222
624280725;36223
624297399;36224
624314073;36225
624330746;36226
624347420;36227
624364094;36228
624380767;36229
624397441;36230
624430788;36231
624447462;36232
624464136;36233
624480809;36234
624497483;36235
624514156;36236
624530830;36237
624547504;36238
624564177;36239
624580851;36240
624597525;36241
624614198;36242
624630872;36243
624647546;36244
624664219;36245
624680893;36246
624697567;36247
624714240;36248
624730914;36249
624747588;36250
624764261;36251
624780935;36252
624797609;36253
624814282;36254
624830956;36255
624847630;36256
624864303;36257
624880977;36258
624897651;36259
624930998;36260
624947672;36261
624964345;36262
624981019;36263
624997693;36264
625014366;36265
625031040;36266
625047713;36267
625064387;36268
625081061;36269
625097734;36270
625114408;36271
625131082;36272
625147755;36273
625164429;36274
625181103;36275
625197776;36276
625214450;36277
625231124;36278
625247797;36279
625264471;36280
625281145;36281
625297818;36282
625314492;36283
625331166;36284
625347839;36285
625364513;36286
625381187;36287
625397860;36288
625431208;36289
625447881;36290
625464555;36291
625481229;36292
625497902;36293
625514576;36294
625531250;36295
625547923;36296
625564597;36297
625581271;36298
625597944;36299
625614618;36300
625631291;36301
625647965;36302
625664639;36303
625681312;36304
625697986;36305
625714660;36306
625731333;36307
625748007;36308
625764681;36309
625781354;36310
625798028;36311
625814702;36312
625831375;36313
625848049;36314
625864723;36315
625881396;36316
625898070;36317
625931417;36318
625948091;36319
625964765;36320
625981438;36321
625998112;36322
626014786;36323
626031459;36324
626048133;36325
626064807;36326
626081480;36327
626098154;36328
626114827;36329
626131501;36330
626148175;36331
626164848;36332
626181522;36333
626198196;36334
626214869;36335
626231543;36336
626248217;36337
626264890;36338
626281564;36339
626298238;36340
626314911;36341
626331585;36342
626348259;36343
626364932;36344
626381606;36345
626398280;36346
626431627;36347
626448301;36348
626464974;36349
626481648;36350
626498321;36351
626514995;36352
626531669;36353
626548342;36354
626565016;36355
626581690;36356
626598363;36357
626615037;36358
626631711;36359
626648384;36360
626665058;36361
626681732;36362
626698405;36363
626715079;36364
626731753;36365
626748426;36366
626765100;36367
626781774;36368
626798447;36369
626815121;36370
626831795;36371
626848468;36372
626865142;36373
626881816;36374
626898489;36375
626931836;36376
626948510;36377
626965184;36378
626981857;36379
626998531;36380
627015205;36381
627031878;36382
627048552;36383
627065226;36384
627081899;36385
627098573;36386
627115247;36387
627131920;36388
627148594;36389
627165268;36390
627181941;36391
627198615;36392
627215289;36393
627231962;36394
627248636;36395
627265309;36396
627281983;36397
627298657;36398
627315330;36399
627332004;36400
627348678;36401
627365351;36402
627382025;36403
627398699;36404
627432046;36405
627448720;36406
627465393;36407
627482067;36408
627498741;36409
627515414;36410
627532088;36411
627548762;36412
627565435;36413
627582109;36414
627598783;36415
627615456;36416
627632130;36417
627648804;36418
627665477;36419
627682151;36420
627698825;36421
627715498;36422
627732172;36423
627748845;36424
627765519;36425
627782193;36426
627798866;36427
627815540;36428
627832214;36429
627848887;36430
627865561;36431
627882235;36432
627898908;36433
627932256;36434
627948929;36435
627965603;36436
627982277;36437
627998950;36438
628015624;36439
628032297;36440
628048971;36441
628065645;36442
628082319;36443
628098992;36444
628115666;36445
628132339;36446
628149013;36447
628165687;36448
628182360;36449
628199034;36450
628215708;36451
628232381;36452
628249055;36453
628265729;36454
628282402;36455
628299076;36456
628315750;36457
628332423;36458
628349097;36459
628365770;36460
628382444;36461
628399118;36462
628432465;36463
628449139;36464
628465812;36465
628482486;36466
628499160;36467
628515833;36468
628532507;36469
628549181;36470
628565854;36471
628582528;36472
628599202;36473
628615875;36474
628632549;36475
628649223;36476
628665896;36477
628682570;36478
628699244;36479
628715917;36480
628732591;36481
628749264;36482
628765938;36483
628782612;36484
628799285;36485
628815959;36486
628832633;36487
628849306;36488
628865980;36489
628882654;36490
628899327;36491
628932675;36492
628949348;36493
628966022;36494
628982696;36495
628999369;36496
629016043;36497
629032717;36498
629049390;36499
629066064;36500
629082738;36501
629099411;36502
629116085;36503
629132758;36504
629149432;36505
629166106;36506
629182779;36507
629199453;36508
629216127;36509
629232800;36510
629249474;36511
629266148;36512
629282821;36513
629299495;36514
629316169;36515
629332842;36516
629349516;36517
629366190;36518
629382863;36519
629399537;36520
629432884;36521
629449558;36522
629466231;36523
629482905;36524
629499579;36525
629516252;36526
629532926;36527
629549600;36528
629566273;36529
629582947;36530
629599621;36531
629616294;36532
629632968;36533
629649642;36534
629666315;36535
629682989;36536
629699662;36537
629716336;36538
629733010;36539
629749684;36540
629766357;36541
629783031;36542
629799704;36543
629816378;36544
629833052;36545
629849725;36546
629866399;36547
629883073;36548
629899746;36549
629933094;36550
629949767;36551
629966441;36552
629983114;36553
629999788;36554
630016462;36555
630033135;36556
630049809;36557
630066483;36558
630083156;36559
630099830;36560
630116504;36561
630133177;36562
630149851;36563
630166525;36564
630183198;36565
630199872;36566
630216546;36567
630233219;36568
630249893;36569
630266567;36570
630283240;36571
630299914;36572
630316588;36573
630333261;36574
630349935;36575
630366608;36576
630383282;36577
630399956;36578
630433303;36579
630449977;36580
630466650;36581
630483324;36582
630499998;36583
630516671;36584
630533345;36585
630550019;36586
630566692;36587
630583366;36588
630600039;36589
630616713;36590
630633387;36591
630650060;36592
630666734;36593
630683408;36594
630700081;36595
630716755;36596
630733429;36597
630750102;36598
630766776;36599
630783450;36600
630800123;36601
630816797;36602
630833471;36603
630850144;36604
630866818;36605
630883491;36606
630900165;36607
630933512;36608
630950186;36609
630966860;36610
630983533;36611
631000207;36612
631016881;36613
631033554;36614
631050228;36615
631066902;36616
631083575;36617
631100249;36618
631116923;36619
631133596;36620
631150270;36621
631166944;36622
631183617;36623
631200291;36624
631216964;36625
631233638;36626
631250312;36627
631266985;36628
631283659;36629
631300333;36630
631317006;36631
631333680;36632
631350354;36633
631367027;36634
631383701;36635
631400374;36636
631433722;36637
631450396;36638
631467069;36639
631483743;36640
631500416;36641
631517090;36642
631533764;36643
631550437;36644
631567111;36645
631583785;36646
631600458;36647
631617132;36648
631633806;36649
631650479;36650
631667153;36651
631683826;36652
631700500;36653
631717174;36654
631733847;36655
631750521;36656
631767195;36657
631783868;36658
631800542;36659
631817216;36660
631833889;36661
631850563;36662
631867237;36663
631883910;36664
631900584;36665
631933931;36666
631950605;36667
631967278;36668
631983952;36669
632000626;36670
632017299;36671
632033973;36672
632050647;36673
632067320;36674
632083994;36675
632100668;36676
632117341;36677
632134015;36678
632150689;36679
632167362;36680
632184036;36681
632200709;36682
632217383;36683
632234057;36684
632250730;36685
632267404;36686
632284078;36687
632300751;36688
632317425;36689
632334099;36690
632350772;36691
632367446;36692
632384120;36693
632400793;36694
632434140;36695
632450814;36696
632467488;36697
632484161;36698
632500835;36699
632517509;36700
632534182;36701
632550856;36702
632567530;36703
632584203;36704
632600877;36705
632617551;36706
632634224;36707
632650898;36708
632667571;36709
632684245;36710
632700919;36711
632717592;36712
632734266;36713
632750940;36714
632767613;36715
632784287;36716
632800961;36717
632817634;36718
632834308;36719
632850982;36720
-1;-1
-1;-1
-1;-1
-1;-1
-1;-1
-1;-1
-1;-1
-1;-1
-1;-1
-1;-1
-1;-1
-1;-1
-1;-1
-1;-1
-1;-1
-1;-1
-1;-1
-1;-1
-1;-1
-1;-1
-1;-1
-1;-1
-1;-1
-1;-1
-1;-1
-1;-1
-1;-1
-1;-1
-1;-1
-1;-1
-1;-1
-1;-1
-1;-1
-1;-1
-1;-1
-1;-1
-1;-1
-1;-1
-1;-1
-1;-1
-1;-1
-1;-1
-1;-1
-1;-1
-1;-1
-1;-1
-1;-1
-1;-1
-1;-1
-1;-1
-1;-1
-1;-1
-1;-1
-1;-1
-1;-1
-1;-1
-1;-1
-1;-1
-1;-1
-1;-1
-1;-1
-1;-1
-1;-1
-1;-1
-1;-1
-1;-1
-1;-1
-1;-1
-1;-1
-1;-1
-1;-1
-1;-1
-1;-1
-1;-1
-1;-1
-1;-1
-1;-1
-1;-1
-1;-1
-1;-1
-1;-1
-1;-1
-1;-1
-1;-1
-1;-1
-1;-1
-1;-1
-1;-1
-1;-1
-1;-1
-1;-1
-1;-1
-1;-1
-1;-1
-1;-1
-1;-1
-1;-1
-1;-1
-1;-1
-1;-1
-1;-1
-1;-1
-1;-1
-1;-1
-1;-1
-1;-1
-1;-1
-1;-1
-1;-1
-1;-1
-1;-1
-1;-1
-1;-1
-1;-1
-1;-1
-1;-1
-1;-1
-1;-1
-1;-1
-1;-1
-1;-1
-1;-1
-1;-1
-1;-1
-1;-1
-1;-1
-1;-1
-1;-1
-1;-1
-1;-1
-1;-1
-1;-1
-1;-1
-1;-1
-1;-1
-1;-1
-1;-1
-1;-1
-1;-1
-1;-1
-1;-1
-1;-1
-1;-1
-1;-1
-1;-1
-1;-1
