210674821;12245
210691495;12246
210708169;12247
210724842;12248
210741516;12249
210758190;12250
210774863;12251
210791537;12252
210808211;12253
210824884;12254
210841558;12255
210858232;12256
210874906;12257
210908253;12258
210924927;12259
210941600;12260
210958274;12261
210974948;12262
210991621;12263
211008295;12264
211024969;12265
211041642;12266
211058316;12267
211074990;12268
211091664;12269
211108337;12270
211125011;12271
211141684;12272
211158358;12273
211175032;12274
211191706;12275
211208379;12276
211225053;12277
211241727;12278
211258400;12279
211275074;12280
211291748;12281
211308421;12282
211325095;12283
211341769;12284
211358442;12285
211375116;12286
211408463;12287
211425137;12288
211441811;12289
211458484;12290
211475158;12291
211491832;12292
211508506;12293
211525179;12294
211541853;12295
211558527;12296
211575200;12297
211591874;12298
211608548;12299
211625221;12300
211641895;12301
211658569;12302
211675242;12303
211691916;12304
211708590;12305
211725263;12306
211741937;12307
211758611;12308
211775284;12309
211791958;12310
211808632;12311
211825306;12312
211841979;12313
211858653;12314
211875327;12315
211908674;12316
211925348;12317
211942021;12318
211958695;12319
211975369;12320
211992042;12321
212008716;12322
212025390;12323
212042063;12324
212058737;12325
212075411;12326
212092084;12327
212108758;12328
212125432;12329
212142106;12330
212158779;12331
212175453;12332
212192127;12333
212208800;12334
212225474;12335
212242148;12336
212258821;12337
212275495;12338
212292169;12339
212308842;12340
212325516;12341
212342190;12342
212358863;12343
212375537;12344
212408884;12345
212425558;12346
212442232;12347
212458905;12348
212475579;12349
212492253;12350
212508927;12351
212525600;12352
212542274;12353
212558948;12354
212575621;12355
212592295;12356
212608969;12357
212625642;12358
212642316;12359
212658990;12360
212675663;12361
212692337;12362
212709011;12363
212725684;12364
212742358;12365
212759032;12366
212775705;12367
212792379;12368
212809053;12369
212825727;12370
212842400;12371
212859074;12372
212875748;12373
212909095;12374
212925769;12375
212942442;12376
212959116;12377
212975790;12378
212992463;12379
213009137;12380
213025811;12381
213042484;12382
213059158;12383
213075832;12384
213092505;12385
213109179;12386
213125853;12387
213142526;12388
213159200;12389
213175874;12390
213192548;12391
213209221;12392
213225895;12393
213242569;12394
213259242;12395
213275916;12396
213292590;12397
213309263;12398
213325937;12399
213342611;12400
213359284;12401
213375958;12402
213409305;12403
213425979;12404
213442653;12405
213459326;12406
213476000;12407
213492674;12408
213509347;12409
213526021;12410
213542695;12411
213559369;12412
213576042;12413
213592716;12414
213609390;12415
213626063;12416
213642737;12417
213659411;12418
213676084;12419
213692758;12420
213709432;12421
213726105;12422
213742779;12423
213759453;12424
213776126;12425
213792800;12426
213809474;12427
213826147;12428
213842821;12429
213859495;12430
213876168;12431
213909516;12432
213926190;12433
213942863;12434
213959537;12435
213976211;12436
213992884;12437
214009558;12438
214026232;12439
214042905;12440
214059579;12441
214076253;12442
214092926;12443
214109600;12444
214126274;12445
214142947;12446
214159621;12447
214176295;12448
214192968;12449
214209642;12450
214226316;12451
214242990;12452
214259663;12453
214276337;12454
214293011;12455
214309684;12456
214326358;12457
214343031;12458
214359705;12459
214376379;12460
214409726;12461
214426400;12462
214443074;12463
214459747;12464
214476421;12465
214493095;12466
214509768;12467
214526442;12468
214543116;12469
214559789;12470
214576463;12471
214593137;12472
214609810;12473
214626484;12474
214643158;12475
214659831;12476
214676505;12477
214693179;12478
214709852;12479
214726526;12480
214743200;12481
214759874;12482
214776547;12483
214793221;12484
214809895;12485
214826568;12486
214843242;12487
214859916;12488
214876589;12489
214909937;12490
214926610;12491
214943284;12492
214959958;12493
214976631;12494
214993305;12495
215009979;12496
215026652;12497
215043326;12498
215060000;12499
215076673;12500
215093347;12501
215110021;12502
215126695;12503
215143368;12504
215160042;12505
215176715;12506
215193389;12507
215210063;12508
215226737;12509
215243410;12510
215260084;12511
215276758;12512
215293431;12513
215310105;12514
215326779;12515
215343452;12516
215360126;12517
215376800;12518
215410147;12519
215426821;12520
215443494;12521
215460168;12522
215476842;12523
215493515;12524
215510189;12525
215526863;12526
215543536;12527
215560210;12528
215576884;12529
215593557;12530
215610231;12531
215626905;12532
215643579;12533
215660252;12534
215676926;12535
215693600;12536
215710273;12537
215726947;12538
215743621;12539
215760294;12540
215776968;12541
215793642;12542
215810315;12543
215826989;12544
215843663;12545
215860336;12546
215877010;12547
215910357;12548
215927031;12549
215943705;12550
215960378;12551
215977052;12552
215993726;12553
216010400;12554
216027073;12555
216043747;12556
216060420;12557
216077094;12558
216093768;12559
216110442;12560
216127115;12561
216143789;12562
216160463;12563
216177136;12564
216193810;12565
216210484;12566
216227157;12567
216243831;12568
216260505;12569
216277178;12570
216293852;12571
216310526;12572
216327199;12573
216343873;12574
216360547;12575
216377220;12576
216410568;12577
216427241;12578
216443915;12579
216460589;12580
216477262;12581
216493936;12582
216510610;12583
216527284;12584
216543957;12585
216560631;12586
216577305;12587
216593978;12588
216610652;12589
216627326;12590
216643999;12591
216660673;12592
216677347;12593
216694020;12594
216710694;12595
216727368;12596
216744041;12597
216760715;12598
216777389;12599
216794062;12600
216810736;12601
216827410;12602
216844083;12603
216860757;12604
216877431;12605
216910778;12606
216927452;12607
216944125;12608
216960799;12609
216977473;12610
216994146;12611
217010820;12612
217027494;12613
217044168;12614
217060841;12615
217077515;12616
217094189;12617
217110862;12618
217127536;12619
217144210;12620
217160883;12621
217177557;12622
217194231;12623
217210904;12624
217227578;12625
217244252;12626
217260925;12627
217277599;12628
217294273;12629
217310946;12630
217327620;12631
217344294;12632
217360967;12633
217377641;12634
217410988;12635
217427662;12636
217444336;12637
217461010;12638
217477683;12639
217494357;12640
217511031;12641
217527704;12642
217544378;12643
217561052;12644
217577725;12645
217594399;12646
217611072;12647
217627746;12648
217644420;12649
217661094;12650
217677767;12651
217694441;12652
217711115;12653
217727788;12654
217744462;12655
217761136;12656
217777809;12657
217794483;12658
217811157;12659
217827830;12660
217844504;12661
217861178;12662
217877851;12663
217911199;12664
217927872;12665
217944546;12666
217961220;12667
217977893;12668
217994567;12669
218011241;12670
218027914;12671
218044588;12672
218061262;12673
218077936;12674
218094609;12675
218111283;12676
218127957;12677
218144630;12678
218161304;12679
218177978;12680
218194651;12681
218211325;12682
218227999;12683
218244672;12684
218261346;12685
218278020;12686
218294693;12687
218311367;12688
218328041;12689
218344714;12690
218361388;12691
218378062;12692
218411409;12693
218428083;12694
218444756;12695
218461430;12696
218478104;12697
218494777;12698
218511451;12699
218528125;12700
218544798;12701
218561472;12702
218578146;12703
218594819;12704
218611493;12705
218628167;12706
218644840;12707
218661514;12708
218678188;12709
218694861;12710
218711535;12711
218728209;12712
218744883;12713
218761556;12714
218778230;12715
218794903;12716
218811577;12717
218828251;12718
218844925;12719
218861598;12720
218878272;12721
218911619;12722
218928293;12723
218944967;12724
218961640;12725
218978314;12726
218994988;12727
219011661;12728
219028335;12729
219045009;12730
219061682;12731
219078356;12732
219095030;12733
219111703;12734
219128377;12735
219145051;12736
219161724;12737
219178398;12738
219195072;12739
219211745;12740
219228419;12741
219245093;12742
219261766;12743
219278440;12744
219295114;12745
219311787;12746
219328461;12747
219345135;12748
219361809;12749
219378482;12750
219411829;12751
219428503;12752
219445177;12753
219461851;12754
219478524;12755
219495198;12756
219511872;12757
219528545;12758
219545219;12759
219561893;12760
219578566;12761
219595240;12762
219611914;12763
219628587;12764
219645261;12765
219661935;12766
219678608;12767
219695282;12768
219711956;12769
219728629;12770
219745303;12771
219761977;12772
219778650;12773
219795324;12774
219811998;12775
219828671;12776
219845345;12777
219862019;12778
219878692;12779
219912040;12780
219928713;12781
219945387;12782
219962061;12783
219978734;12784
219995408;12785
220012082;12786
220028755;12787
220045429;12788
220062103;12789
220078777;12790
220095450;12791
220112124;12792
220128798;12793
220145471;12794
220162145;12795
220178819;12796
220195492;12797
220212166;12798
220228840;12799
220245513;12800
220262187;12801
220278861;12802
220295534;12803
220312208;12804
220328882;12805
220345555;12806
220362229;12807
220378903;12808
220412250;12809
220428924;12810
220445597;12811
220462271;12812
220478945;12813
220495618;12814
220512292;12815
220528966;12816
220545639;12817
220562313;12818
220578987;12819
220595660;12820
220612334;12821
220629008;12822
220645681;12823
220662355;12824
220679029;12825
220695702;12826
220712376;12827
220729050;12828
220745723;12829
220762397;12830
220779071;12831
220795745;12832
220812418;12833
220829092;12834
220845765;12835
220862439;12836
220879113;12837
220912460;12838
220929134;12839
220945808;12840
220962481;12841
220979155;12842
220995829;12843
221012502;12844
221029176;12845
221045849;12846
221062523;12847
221079197;12848
221095871;12849
221112544;12850
221129218;12851
221145892;12852
221162565;12853
221179239;12854
221195913;12855
221212586;12856
221229260;12857
221245934;12858
221262607;12859
221279281;12860
221295955;12861
221312628;12862
221329302;12863
221345976;12864
221362649;12865
221379323;12866
221412670;12867
221429344;12868
221446018;12869
221462691;12870
221479365;12871
221496039;12872
221512712;12873
221529386;12874
221546060;12875
221562733;12876
221579407;12877
221596081;12878
221612754;12879
221629428;12880
221646102;12881
221662775;12882
221679449;12883
221696123;12884
221712797;12885
221729470;12886
221746144;12887
221762818;12888
221779491;12889
221796165;12890
221812838;12891
221829512;12892
221846186;12893
221862860;12894
221879533;12895
221912880;12896
221929554;12897
221946228;12898
221962902;12899
221979575;12900
221996249;12901
222012923;12902
222029596;12903
222046270;12904
222062944;12905
222079617;12906
222096291;12907
222112965;12908
222129638;12909
222146312;12910
222162986;12911
222179659;12912
222196333;12913
222213007;12914
222229680;12915
222246354;12916
222263028;12917
222279701;12918
222296375;12919
222313049;12920
222329722;12921
222346396;12922
222363070;12923
222379743;12924
222413091;12925
222429764;12926
222446438;12927
222463112;12928
222479785;12929
222496459;12930
222513133;12931
222529806;12932
222546480;12933
222563154;12934
222579827;12935
222596501;12936
222613175;12937
222629848;12938
222646522;12939
222663196;12940
222679869;12941
222696543;12942
222713217;12943
222729890;12944
222746564;12945
222763238;12946
222779911;12947
222796585;12948
222813259;12949
222829933;12950
222846606;12951
222863280;12952
222879954;12953
222913301;12954
222929975;12955
222946648;12956
222963322;12957
222979996;12958
222996669;12959
223013343;12960
223030017;12961
223046690;12962
223063364;12963
223080038;12964
223096711;12965
223113385;12966
223130059;12967
223146732;12968
223163406;12969
223180080;12970
223196753;12971
223213427;12972
223230101;12973
223246774;12974
223263448;12975
223280122;12976
223296795;12977
223313469;12978
223330143;12979
223346816;12980
223363490;12981
223380164;12982
223413511;12983
223430185;12984
223446858;12985
223463532;12986
223480206;12987
223496879;12988
223513553;12989
223530227;12990
223546900;12991
223563574;12992
223580248;12993
223596921;12994
223613595;12995
223630269;12996
223646942;12997
223663616;12998
223680290;12999
223696963;13000
223713637;13001
223730311;13002
223746984;13003
223763658;13004
223780332;13005
223797005;13006
223813679;13007
223830353;13008
223847027;13009
223863700;13010
223880374;13011
223913721;13012
223930395;13013
223947068;13014
223963742;13015
223980416;13016
223997090;13017
224013763;13018
224030437;13019
224047110;13020
224063784;13021
224080458;13022
224097132;13023
224113805;13024
224130479;13025
224147153;13026
224163826;13027
224180500;13028
224197174;13029
224213847;13030
224230521;13031
224247195;13032
224263868;13033
224280542;13034
224297216;13035
224313889;13036
224330563;13037
224347237;13038
224363910;13039
224380584;13040
224413931;13041
224430605;13042
224447279;13043
224463952;13044
224480626;13045
224497300;13046
224513973;13047
224530647;13048
224547321;13049
224563994;13050
224580668;13051
224597342;13052
224614015;13053
224630689;13054
224647363;13055
224664036;13056
224680710;13057
224697384;13058
224714057;13059
224730731;13060
224747405;13061
224764078;13062
224780752;13063
224797426;13064
224814099;13065
224830773;13066
224847447;13067
224864120;13068
224880794;13069
224914141;13070
224930815;13071
224947489;13072
224964162;13073
224980836;13074
224997510;13075
225014183;13076
225030857;13077
225047531;13078
225064204;13079
225080878;13080
225097552;13081
225114225;13082
225130899;13083
225147573;13084
225164246;13085
225180920;13086
225197594;13087
225214267;13088
225230941;13089
225247615;13090
225264288;13091
225280962;13092
225297636;13093
225314309;13094
225330983;13095
225347657;13096
225364330;13097
225381004;13098
225414352;13099
225431025;13100
225447699;13101
225464373;13102
225481046;13103
225497720;13104
225514393;13105
225531067;13106
225547741;13107
225564415;13108
225581088;13109
225597762;13110
225614436;13111
225631109;13112
225647783;13113
225664457;13114
225681130;13115
225697804;13116
225714478;13117
225731151;13118
225747825;13119
225764499;13120
225781172;13121
225797846;13122
225814520;13123
225831193;13124
225847867;13125
225864541;13126
225881214;13127
225914562;13128
225931235;13129
225947909;13130
225964583;13131
225981256;13132
225997930;13133
226014604;13134
226031277;13135
226047951;13136
226064625;13137
226081298;13138
226097972;13139
226114646;13140
226131319;13141
226147993;13142
226164667;13143
226181340;13144
226198014;13145
226214688;13146
226231361;13147
226248035;13148
226264709;13149
226281382;13150
226298056;13151
226314730;13152
226331403;13153
226348077;13154
226364751;13155
226381424;13156
226414772;13157
226431445;13158
226448119;13159
226464793;13160
226481466;13161
226498140;13162
226514814;13163
226531487;13164
226548161;13165
226564835;13166
226581508;13167
226598182;13168
226614856;13169
226631529;13170
226648203;13171
226664877;13172
226681550;13173
226698224;13174
226714898;13175
226731571;13176
226748245;13177
226764919;13178
226781592;13179
226798266;13180
226814940;13181
226831613;13182
226848287;13183
226864961;13184
226881635;13185
226914982;13186
226931655;13187
226948329;13188
226965003;13189
226981677;13190
226998350;13191
227015024;13192
227031698;13193
227048371;13194
227065045;13195
227081719;13196
227098392;13197
227115066;13198
227131740;13199
227148413;13200
227165087;13201
227181761;13202
227198434;13203
227215108;13204
227231781;13205
227248455;13206
227265129;13207
227281803;13208
227298476;13209
227315150;13210
227331824;13211
227348497;13212
227365171;13213
227381845;13214
227415192;13215
227431866;13216
227448539;13217
227465213;13218
227481887;13219
227498560;13220
227515234;13221
227531908;13222
227548581;13223
227565255;13224
227581929;13225
227598602;13226
227615276;13227
227631950;13228
227648623;13229
227665297;13230
227681971;13231
227698644;13232
227715318;13233
227731992;13234
227748665;13235
227765339;13236
227782013;13237
227798686;13238
227815360;13239
227832034;13240
227848707;13241
227865381;13242
227882055;13243
227915402;13244
227932076;13245
227948749;13246
227965423;13247
227982097;13248
227998770;13249
228015444;13250
228032118;13251
228048791;13252
228065465;13253
228082139;13254
228098812;13255
228115486;13256
228132160;13257
228148833;13258
228165507;13259
228182181;13260
228198854;13261
228215528;13262
228232202;13263
228248875;13264
228265549;13265
228282223;13266
228298896;13267
228315570;13268
228332244;13269
228348917;13270
228365591;13271
228382265;13272
228415612;13273
228432286;13274
228448959;13275
228465633;13276
228482307;13277
228498980;13278
228515654;13279
228532328;13280
228549001;13281
228565675;13282
228582349;13283
228599022;13284
228615696;13285
228632370;13286
228649043;13287
228665717;13288
228682391;13289
228699064;13290
228715738;13291
228732412;13292
228749085;13293
228765759;13294
228782433;13295
228799106;13296
228815780;13297
228832454;13298
228849127;13299
228865801;13300
228882475;13301
228915822;13302
228932496;13303
228949169;13304
228965843;13305
228982517;13306
228999191;13307
229015864;13308
229032538;13309
229049211;13310
229065885;13311
229082559;13312
229099233;13313
229115906;13314
229132580;13315
229149253;13316
229165927;13317
229182601;13318
229199274;13319
229215948;13320
229232622;13321
229249295;13322
229265969;13323
229282643;13324
229299317;13325
229315990;13326
229332664;13327
229349338;13328
229366011;13329
229382685;13330
229416032;13331
229432706;13332
229449380;13333
229466053;13334
229482727;13335
229499401;13336
229516074;13337
229532748;13338
229549422;13339
229566095;13340
229582769;13341
229599443;13342
229616116;13343
229632790;13344
229649464;13345
229666137;13346
229682811;13347
229699485;13348
229716158;13349
229732832;13350
229749506;13351
229766179;13352
229782853;13353
229799527;13354
229816200;13355
229832874;13356
229849548;13357
229866221;13358
229882895;13359
229916242;13360
229932916;13361
229949590;13362
229966263;13363
229982937;13364
229999611;13365
230016284;13366
230032958;13367
230049632;13368
230066305;13369
230082979;13370
230099653;13371
230116326;13372
230133000;13373
230149674;13374
230166347;13375
230183021;13376
230199695;13377
230216368;13378
230233042;13379
230249716;13380
230266389;13381
230283063;13382
230299737;13383
230316410;13384
230333084;13385
230349758;13386
230366431;13387
230383105;13388
230416452;13389
230433126;13390
230449800;13391
230466473;13392
230483147;13393
230499821;13394
230516494;13395
230533168;13396
230549842;13397
230566515;13398
230583189;13399
230599863;13400
230616536;13401
230633210;13402
230649884;13403
230666557;13404
230683231;13405
230699905;13406
230716578;13407
230733252;13408
230749926;13409
230766599;13410
230783273;13411
230799947;13412
230816620;13413
230833294;13414
230849968;13415
230866641;13416
230883315;13417
230916662;13418
230933336;13419
230950010;13420
230966683;13421
230983357;13422
231000031;13423
231016704;13424
231033378;13425
231050052;13426
231066726;13427
231083399;13428
231100073;13429
231116747;13430
231133420;13431
231150094;13432
231166767;13433
231183441;13434
231200115;13435
231216788;13436
231233462;13437
231250136;13438
231266809;13439
231283483;13440
231300157;13441
231316830;13442
231333504;13443
231350178;13444
231366852;13445
231383525;13446
231416873;13447
231433546;13448
231450220;13449
231466894;13450
231483567;13451
231500241;13452
231516915;13453
231533588;13454
231550262;13455
231566936;13456
231583609;13457
231600283;13458
231616957;13459
231633630;13460
231650304;13461
231666978;13462
231683651;13463
231700325;13464
231716999;13465
231733672;13466
231750346;13467
231767020;13468
231783693;13469
231800367;13470
231817041;13471
231833714;13472
231850388;13473
231867062;13474
231883735;13475
231917083;13476
231933756;13477
231950430;13478
231967104;13479
231983777;13480
232000451;13481
232017125;13482
232033798;13483
232050472;13484
232067146;13485
232083819;13486
232100493;13487
232117167;13488
232133840;13489
232150514;13490
232167188;13491
232183861;13492
232200535;13493
232217209;13494
232233882;13495
232250556;13496
232267230;13497
232283903;13498
232300577;13499
232317251;13500
232333924;13501
232350598;13502
232367272;13503
232383945;13504
232417293;13505
232433966;13506
232450640;13507
232467314;13508
232483987;13509
232500661;13510
232517335;13511
232534008;13512
232550682;13513
232567356;13514
232584029;13515
232600703;13516
232617377;13517
232634051;13518
232650724;13519
232667398;13520
232684071;13521
232700745;13522
232717419;13523
232734093;13524
232750766;13525
232767440;13526
232784114;13527
232800787;13528
232817461;13529
232834135;13530
232850808;13531
232867482;13532
232884155;13533
232917503;13534
232934176;13535
232950850;13536
232967524;13537
232984198;13538
233000871;13539
233017545;13540
233034218;13541
233050892;13542
233067566;13543
233084239;13544
233100913;13545
233117587;13546
233134261;13547
233150934;13548
233167608;13549
233184282;13550
233200955;13551
233217629;13552
233234303;13553
233250976;13554
233267650;13555
233284324;13556
233300997;13557
233317671;13558
233334345;13559
233351018;13560
233367692;13561
233384366;13562
233417713;13563
233434387;13564
233451060;13565
233467734;13566
233484408;13567
233501081;13568
233517755;13569
233534429;13570
233551102;13571
233567776;13572
233584450;13573
233601123;13574
233617797;13575
233634471;13576
233651144;13577
233667818;13578
233684492;13579
233701165;13580
233717839;13581
233734513;13582
233751186;13583
233767860;13584
233784534;13585
233801207;13586
233817881;13587
233834555;13588
233851228;13589
233867902;13590
233884576;13591
233917923;13592
233934597;13593
233951271;13594
233967944;13595
233984618;13596
234001291;13597
234017965;13598
234034639;13599
234051312;13600
234067986;13601
234084660;13602
234101333;13603
234118007;13604
234134681;13605
234151355;13606
234168028;13607
234184702;13608
234201376;13609
234218049;13610
234234723;13611
234251396;13612
234268070;13613
234284744;13614
234301418;13615
234318091;13616
234334765;13617
234351439;13618
234368112;13619
234384786;13620
234418133;13621
234434807;13622
234451481;13623
234468154;13624
234484828;13625
234501502;13626
234518175;13627
234534849;13628
234551523;13629
234568196;13630
234584870;13631
234601544;13632
234618217;13633
234634891;13634
234651565;13635
234668238;13636
234684912;13637
234701586;13638
234718259;13639
234734933;13640
234751607;13641
234768280;13642
234784954;13643
234801628;13644
234818301;13645
234834975;13646
234851649;13647
234868322;13648
234884996;13649
234918343;13650
234935017;13651
234951691;13652
234968364;13653
234985038;13654
235001712;13655
235018385;13656
235035059;13657
235051733;13658
235068406;13659
235085080;13660
235101754;13661
235118427;13662
235135101;13663
235151775;13664
235168448;13665
235185122;13666
235201796;13667
235218469;13668
235235143;13669
235251817;13670
235268490;13671
235285164;13672
235301838;13673
235318511;13674
235335185;13675
235351859;13676
235368533;13677
235385206;13678
235418554;13679
235435227;13680
235451901;13681
235468575;13682
235485248;13683
235501922;13684
235518596;13685
235535269;13686
235551943;13687
235568617;13688
235585290;13689
235601964;13690
235618638;13691
235635311;13692
235651985;13693
235668659;13694
235685332;13695
235702006;13696
235718680;13697
235735353;13698
235752027;13699
235768701;13700
235785374;13701
235802048;13702
235818722;13703
235835395;13704
235852069;13705
235868743;13706
235885416;13707
235918764;13708
235935437;13709
235952111;13710
235968785;13711
235985458;13712
236002132;13713
236018806;13714
236035479;13715
236052153;13716
236068827;13717
236085500;13718
236102174;13719
236118848;13720
236135521;13721
236152195;13722
236168869;13723
236185542;13724
236202216;13725
236218890;13726
236235563;13727
236252237;13728
236268911;13729
236285584;13730
236302258;13731
236318932;13732
236335605;13733
236352279;13734
236368953;13735
236385626;13736
236418974;13737
236435647;13738
236452321;13739
236468995;13740
236485668;13741
236502342;13742
236519016;13743
236535690;13744
236552363;13745
236569037;13746
236585710;13747
236602384;13748
236619058;13749
236635731;13750
236652405;13751
236669079;13752
236685752;13753
236702426;13754
236719100;13755
236735773;13756
236752447;13757
236769121;13758
236785795;13759
236802468;13760
236819142;13761
236835816;13762
236852489;13763
236869163;13764
236885836;13765
236919184;13766
236935858;13767
236952531;13768
236969205;13769
236985878;13770
237002552;13771
237019226;13772
237035900;13773
237052573;13774
237069247;13775
237085921;13776
237102594;13777
237119268;13778
237135942;13779
237152615;13780
237169289;13781
237185963;13782
237202636;13783
237219310;13784
237235984;13785
237252657;13786
237269331;13787
237286005;13788
237302678;13789
237319352;13790
237336026;13791
237352699;13792
237369373;13793
237386047;13794
237419394;13795
237436068;13796
237452741;13797
237469415;13798
237486089;13799
237502762;13800
237519436;13801
237536110;13802
237552783;13803
237569457;13804
237586131;13805
237602804;13806
237619478;13807
237636152;13808
237652825;13809
237669499;13810
237686173;13811
237702846;13812
237719520;13813
237736194;13814
237752867;13815
237769541;13816
237786215;13817
237802888;13818
237819562;13819
237836236;13820
237852909;13821
237869583;13822
237886257;13823
237919604;13824
237936278;13825
237952951;13826
237969625;13827
237986299;13828
238002973;13829
238019646;13830
238036320;13831
238052994;13832
238069667;13833
238086341;13834
238103014;13835
238119688;13836
238136362;13837
238153036;13838
238169709;13839
238186383;13840
238203057;13841
238219730;13842
238236404;13843
238253078;13844
238269751;13845
238286425;13846
238303099;13847
238319772;13848
238336446;13849
238353120;13850
238369793;13851
238386467;13852
238419814;13853
238436488;13854
238453162;13855
238469835;13856
238486509;13857
238503183;13858
238519856;13859
238536530;13860
238553204;13861
238569877;13862
238586551;13863
238603225;13864
238619898;13865
238636572;13866
238653246;13867
238669919;13868
238686593;13869
238703267;13870
238719940;13871
238736614;13872
238753288;13873
238769961;13874
238786635;13875
238803309;13876
238819982;13877
238836656;13878
238853330;13879
238870003;13880
238886677;13881
238920024;13882
238936698;13883
238953372;13884
238970045;13885
238986719;13886
239003393;13887
239020066;13888
239036740;13889
239053414;13890
239070087;13891
239086761;13892
239103435;13893
239120108;13894
239136782;13895
239153456;13896
239170129;13897
239186803;13898
239203477;13899
239220150;13900
239236824;13901
239253498;13902
239270171;13903
239286845;13904
239303519;13905
239320193;13906
239336866;13907
239353540;13908
239370214;13909
239386887;13910
239420235;13911
239436908;13912
239453582;13913
239470256;13914
239486929;13915
239503603;13916
239520277;13917
239536950;13918
239553624;13919
239570298;13920
239586971;13921
239603645;13922
239620319;13923
239636992;13924
239653666;13925
239670340;13926
239687013;13927
239703687;13928
239720361;13929
239737034;13930
239753708;13931
239770382;13932
239787055;13933
239803729;13934
239820403;13935
239837076;13936
239853750;13937
239870424;13938
239887097;13939
239920445;13940
239937118;13941
239953792;13942
239970466;13943
239987139;13944
240003813;13945
240020487;13946
240037161;13947
240053834;13948
240070508;13949
240087182;13950
240103855;13951
240120529;13952
240137203;13953
240153876;13954
240170550;13955
240187224;13956
240203897;13957
240220571;13958
240237245;13959
240253918;13960
240270592;13961
240287266;13962
240303939;13963
240320613;13964
240337287;13965
240353960;13966
240370634;13967
240387308;13968
240420655;13969
240437329;13970
240454002;13971
240470676;13972
240487350;13973
240504023;13974
240520697;13975
240537371;13976
240554044;13977
240570718;13978
240587392;13979
240604065;13980
240620739;13981
240637413;13982
240654086;13983
240670760;13984
240687434;13985
240704107;13986
240720781;13987
240737455;13988
240754129;13989
240770802;13990
240787476;13991
240804150;13992
240820823;13993
240837497;13994
240854170;13995
240870844;13996
240887518;13997
240920865;13998
240937539;13999
240954212;14000
240970886;14001
240987560;14002
241004234;14003
241020907;14004
241037581;14005
241054255;14006
241070928;14007
241087602;14008
241104276;14009
241120949;14010
241137623;14011
241154297;14012
241170970;14013
241187644;14014
241204318;14015
241220991;14016
241237665;14017
241254339;14018
241271012;14019
241287686;14020
241304360;14021
241321033;14022
241337707;14023
241354381;14024
241371054;14025
241387728;14026
241421075;14027
241437749;14028
241454423;14029
241471096;14030
241487770;14031
241504444;14032
241521118;14033
241537791;14034
241554465;14035
241571138;14036
241587812;14037
241604486;14038
241621160;14039
241637833;14040
241654507;14041
241671181;14042
241687854;14043
241704528;14044
241721202;14045
241737875;14046
241754549;14047
241771223;14048
241787896;14049
241804570;14050
241821244;14051
241837917;14052
241854591;14053
241871265;14054
241887938;14055
241921286;14056
241937959;14057
241954633;14058
241971307;14059
241987980;14060
242004654;14061
242021328;14062
242038001;14063
242054675;14064
242071349;14065
242088022;14066
242104696;14067
242121370;14068
242138043;14069
242154717;14070
242171391;14071
242188064;14072
242204738;14073
242221412;14074
242238085;14075
242254759;14076
242271433;14077
242288107;14078
242304780;14079
242321454;14080
242338128;14081
242354801;14082
242371475;14083
242388149;14084
242421496;14085
242438170;14086
242454843;14087
242471517;14088
242488191;14089
242504864;14090
242521538;14091
242538212;14092
242554885;14093
242571559;14094
242588233;14095
242604906;14096
242621580;14097
242638254;14098
242654927;14099
242671601;14100
242688275;14101
242704949;14102
242721622;14103
242738296;14104
242754969;14105
242771643;14106
242788317;14107
242804991;14108
242821664;14109
242838338;14110
242855012;14111
242871685;14112
242888359;14113
242921706;14114
242938380;14115
242955054;14116
242971727;14117
242988401;14118
243005075;14119
243021748;14120
243038422;14121
243055096;14122
243071769;14123
243088443;14124
243105117;14125
243121790;14126
243138464;14127
243155138;14128
243171811;14129
243188485;14130
243205159;14131
243221832;14132
243238506;14133
243255180;14134
243271854;14135
243288527;14136
243305201;14137
243321875;14138
243338548;14139
243355222;14140
243371896;14141
243388569;14142
243421917;14143
243438590;14144
243455264;14145
243471938;14146
243488611;14147
243505285;14148
243521959;14149
243538632;14150
243555306;14151
243571980;14152
243588653;14153
243605327;14154
243622001;14155
243638674;14156
243655348;14157
243672022;14158
243688695;14159
243705369;14160
243722043;14161
243738716;14162
243755390;14163
243772064;14164
243788738;14165
243805411;14166
243822085;14167
243838759;14168
243855432;14169
243872106;14170
243888780;14171
243922127;14172
243938801;14173
243955474;14174
243972148;14175
243988822;14176
244005495;14177
244022169;14178
244038843;14179
244055516;14180
244072190;14181
244088864;14182
244105537;14183
244122211;14184
244138885;14185
244155558;14186
244172232;14187
244188906;14188
244205579;14189
244222253;14190
244238927;14191
244255601;14192
244272274;14193
244288948;14194
244305622;14195
244322295;14196
244338969;14197
244355643;14198
244372316;14199
244388990;14200
244422337;14201
244439011;14202
244455685;14203
244472358;14204
244489032;14205
244505706;14206
244522379;14207
244539053;14208
244555727;14209
244572401;14210
244589074;14211
244605748;14212
244622421;14213
244639095;14214
244655769;14215
244672442;14216
244689116;14217
244705790;14218
244722464;14219
244739137;14220
244755811;14221
244772485;14222
244789158;14223
244805832;14224
244822506;14225
244839179;14226
244855853;14227
244872527;14228
244889200;14229
244922548;14230
244939221;14231
244955895;14232
244972569;14233
244989242;14234
245005916;14235
245022590;14236
245039264;14237
245055937;14238
245072611;14239
245089284;14240
245105958;14241
245122632;14242
245139306;14243
245155979;14244
245172653;14245
245189327;14246
245206000;14247
245222674;14248
245239348;14249
245256021;14250
245272695;14251
245289369;14252
245306042;14253
245322716;14254
245339390;14255
245356063;14256
245372737;14257
245389411;14258
245422758;14259
245439432;14260
245456105;14261
245472779;14262
245489453;14263
245506127;14264
245522800;14265
245539474;14266
245556148;14267
245572821;14268
245589495;14269
245606169;14270
245622842;14271
245639516;14272
245656190;14273
245672863;14274
245689537;14275
245706211;14276
245722884;14277
245739558;14278
245756232;14279
245772906;14280
245789579;14281
245806253;14282
245822927;14283
245839600;14284
245856274;14285
245872948;14286
245889621;14287
245922969;14288
245939642;14289
245956316;14290
245972990;14291
245989663;14292
246006337;14293
246023011;14294
246039684;14295
246056358;14296
246073032;14297
246089705;14298
246106379;14299
246123053;14300
246139726;14301
246156400;14302
246173074;14303
246189748;14304
246206421;14305
246223095;14306
246239769;14307
246256442;14308
246273116;14309
246289790;14310
246306463;14311
246323137;14312
246339811;14313
246356484;14314
246373158;14315
246389832;14316
246423179;14317
246439853;14318
246456526;14319
246473200;14320
246489874;14321
246506547;14322
246523221;14323
246539895;14324
246556569;14325
246573242;14326
246589916;14327
246606590;14328
246623263;14329
246639937;14330
246656611;14331
246673284;14332
246689958;14333
246706632;14334
246723305;14335
246739979;14336
246756653;14337
246773326;14338
246790000;14339
246806674;14340
246823347;14341
246840021;14342
246856695;14343
246873369;14344
246890042;14345
246923390;14346
246940063;14347
246956737;14348
246973411;14349
246990084;14350
247006758;14351
247023432;14352
247040105;14353
247056779;14354
247073453;14355
247090126;14356
247106800;14357
247123474;14358
247140147;14359
247156821;14360
247173495;14361
247190169;14362
247206842;14363
247223516;14364
247240190;14365
247256863;14366
247273537;14367
247290211;14368
247306884;14369
247323558;14370
247340232;14371
247356905;14372
247373579;14373
247390253;14374
247423600;14375
247440274;14376
247456947;14377
247473621;14378
247490295;14379
247506968;14380
247523642;14381
247540316;14382
247556990;14383
247573663;14384
247590337;14385
247607011;14386
247623684;14387
247640358;14388
247657032;14389
247673705;14390
247690379;14391
247707053;14392
247723726;14393
247740400;14394
247757074;14395
247773747;14396
247790421;14397
247807095;14398
247823769;14399
247840442;14400
247857116;14401
247873790;14402
247890463;14403
247923811;14404
247940484;14405
247957158;14406
247973832;14407
247990505;14408
248007179;14409
248023853;14410
248040526;14411
248057200;14412
248073874;14413
248090548;14414
248107221;14415
248123895;14416
248140569;14417
248157242;14418
248173916;14419
248190590;14420
248207263;14421
248223937;14422
248240611;14423
248257284;14424
248273958;14425
248290632;14426
248307305;14427
248323979;14428
248340653;14429
248357326;14430
248374000;14431
248390674;14432
248424021;14433
248440695;14434
248457369;14435
248474042;14436
248490716;14437
248507390;14438
248524063;14439
248540737;14440
248557411;14441
248574084;14442
248590758;14443
248607432;14444
248624105;14445
248640779;14446
248657453;14447
248674126;14448
248690800;14449
248707474;14450
248724148;14451
248740821;14452
248757495;14453
248774169;14454
248790842;14455
248807516;14456
248824190;14457
248840863;14458
248857537;14459
248874211;14460
248890884;14461
248924232;14462
248940905;14463
248957579;14464
248974253;14465
248990927;14466
249007600;14467
249024274;14468
249040948;14469
249057621;14470
249074295;14471
249090969;14472
249107642;14473
249124316;14474
249140990;14475
249157663;14476
249174337;14477
249191011;14478
249207684;14479
249224358;14480
249241032;14481
249257706;14482
249274379;14483
249291053;14484
249307727;14485
249324400;14486
249341074;14487
249357748;14488
249374421;14489
249391095;14490
249424442;14491
249441116;14492
249457790;14493
249474463;14494
249491137;14495
249507811;14496
249524485;14497
249541158;14498
249557832;14499
249574506;14500
249591179;14501
249607853;14502
249624527;14503
249641200;14504
249657874;14505
249674548;14506
249691221;14507
249707895;14508
249724569;14509
249741243;14510
249757916;14511
249774590;14512
249791264;14513
249807937;14514
249824611;14515
249841285;14516
249857958;14517
249874632;14518
249891306;14519
249924653;14520
249941327;14521
249958000;14522
249974674;14523
249991348;14524
250008021;14525
250024695;14526
250041369;14527
250058042;14528
250074716;14529
250091390;14530
250108064;14531
250124737;14532
250141411;14533
250158085;14534
250174758;14535
250191432;14536
250208106;14537
250224779;14538
250241453;14539
250258127;14540
250274800;14541
250291474;14542
250308148;14543
250324822;14544
250341495;14545
250358169;14546
250374843;14547
250391516;14548
250424864;14549
250441537;14550
250458211;14551
250474885;14552
250491558;14553
250508232;14554
250524906;14555
250541579;14556
250558253;14557
250574927;14558
250591601;14559
250608274;14560
250624948;14561
250641622;14562
250658295;14563
250674969;14564
250691643;14565
250708316;14566
250724990;14567
250741664;14568
250758337;14569
250775011;14570
250791685;14571
250808359;14572
250825032;14573
250841706;14574
250858380;14575
250875053;14576
250891727;14577
250925074;14578
250941748;14579
250958422;14580
250975095;14581
250991769;14582
251008443;14583
251025116;14584
251041790;14585
251058464;14586
251075138;14587
251091811;14588
251108485;14589
251125159;14590
251141832;14591
251158506;14592
251175180;14593
251191853;14594
251208527;14595
251225201;14596
251241874;14597
251258548;14598
251275222;14599
251291896;14600
251308569;14601
251325243;14602
251341917;14603
251358590;14604
251375264;14605
251391938;14606
251425285;14607
251441959;14608
251458632;14609
251475306;14610
251491980;14611
251508653;14612
251525327;14613
251542001;14614
251558675;14615
251575348;14616
251592022;14617
251608696;14618
251625369;14619
251642043;14620
251658717;14621
251675390;14622
251692064;14623
251708738;14624
251725411;14625
251742085;14626
251758759;14627
251775432;14628
251792106;14629
251808780;14630
251825454;14631
251842127;14632
251858801;14633
251875475;14634
251892148;14635
251925496;14636
251942169;14637
251958843;14638
251975517;14639
251992190;14640
252008864;14641
252025538;14642
252042212;14643
252058885;14644
252075559;14645
252092233;14646
252108906;14647
252125580;14648
252142254;14649
252158927;14650
252175601;14651
252192275;14652
252208948;14653
252225622;14654
252242296;14655
252258970;14656
252275643;14657
252292317;14658
252308991;14659
252325664;14660
252342338;14661
252359012;14662
252375685;14663
252392359;14664
252425706;14665
252442380;14666
252459054;14667
252475728;14668
252492401;14669
252509075;14670
252525749;14671
252542422;14672
252559096;14673
252575770;14674
252592443;14675
252609117;14676
252625791;14677
252642465;14678
252659138;14679
252675812;14680
252692486;14681
252709159;14682
252725833;14683
252742507;14684
252759180;14685
252775854;14686
252792528;14687
252809201;14688
252825875;14689
252842549;14690
252859222;14691
252875896;14692
252892570;14693
252925917;14694
252942591;14695
252959265;14696
252975938;14697
252992612;14698
253009286;14699
253025959;14700
253042633;14701
253059307;14702
253075980;14703
253092654;14704
253109328;14705
253126001;14706
253142675;14707
253159349;14708
253176023;14709
253192696;14710
253209370;14711
253226044;14712
253242717;14713
253259391;14714
253276065;14715
253292738;14716
253309412;14717
253326086;14718
253342759;14719
253359433;14720
253376107;14721
253392781;14722
253426128;14723
253442802;14724
253459475;14725
253476149;14726
253492823;14727
253509496;14728
253526170;14729
253542844;14730
253559518;14731
253576191;14732
253592865;14733
253609539;14734
253626212;14735
253642886;14736
253659560;14737
253676233;14738
253692907;14739
253709581;14740
253726254;14741
253742928;14742
253759602;14743
253776275;14744
253792949;14745
253809623;14746
253826297;14747
253842970;14748
253859644;14749
253876318;14750
253892991;14751
253926339;14752
253943012;14753
253959686;14754
253976360;14755
253993034;14756
254009707;14757
254026381;14758
254043054;14759
254059728;14760
254076402;14761
254093076;14762
254109749;14763
254126423;14764
254143097;14765
254159770;14766
254176444;14767
254193118;14768
254209791;14769
254226465;14770
254243139;14771
254259813;14772
254276486;14773
254293160;14774
254309834;14775
254326507;14776
254343181;14777
254359855;14778
254376528;14779
254393202;14780
254426549;14781
254443223;14782
254459897;14783
254476571;14784
254493244;14785
254509918;14786
254526592;14787
254543265;14788
254559939;14789
254576613;14790
254593286;14791
254609960;14792
254626634;14793
254643307;14794
254659981;14795
254676655;14796
254693329;14797
254710002;14798
254726676;14799
254743350;14800
254760023;14801
254776697;14802
254793371;14803
254810044;14804
254826718;14805
254843392;14806
254860065;14807
254876739;14808
254893413;14809
254926760;14810
254943434;14811
254960108;14812
254976781;14813
254993455;14814
255010129;14815
255026802;14816
255043476;14817
255060150;14818
255076824;14819
255093497;14820
255110171;14821
255126845;14822
255143518;14823
255160192;14824
255176866;14825
255193539;14826
255210213;14827
255226887;14828
255243560;14829
255260234;14830
255276908;14831
255293581;14832
255310255;14833
255326929;14834
255343603;14835
255360276;14836
255376950;14837
255393624;14838
255426971;14839
255443645;14840
255460318;14841
255476992;14842
255493666;14843
255510339;14844
255527013;14845
255543687;14846
255560361;14847
255577034;14848
255593708;14849
255610382;14850
255627055;14851
255643729;14852
255660403;14853
255677076;14854
255693750;14855
255710424;14856
255727097;14857
255743771;14858
255760445;14859
255777119;14860
255793792;14861
255810466;14862
255827140;14863
255843813;14864
255860487;14865
255877161;14866
255893834;14867
255927182;14868
255943856;14869
255960529;14870
255977203;14871
255993877;14872
256010550;14873
256027224;14874
256043898;14875
256060571;14876
256077245;14877
256093919;14878
256110592;14879
256127266;14880
256143940;14881
256160614;14882
256177287;14883
256193961;14884
256210635;14885
256227308;14886
256243982;14887
256260656;14888
256277329;14889
256294003;14890
256310677;14891
256327350;14892
256344024;14893
256360698;14894
256377372;14895
256394045;14896
256427393;14897
256444066;14898
256460740;14899
256477414;14900
256494087;14901
256510761;14902
256527435;14903
256544109;14904
256560782;14905
256577456;14906
256594130;14907
256610803;14908
256627477;14909
256644151;14910
256660824;14911
256677498;14912
256694172;14913
256710845;14914
256727519;14915
256744193;14916
256760867;14917
256777540;14918
256794214;14919
256810888;14920
256827561;14921
256844235;14922
256860909;14923
256877582;14924
256894256;14925
256927603;14926
256944277;14927
256960951;14928
256977624;14929
256994298;14930
257010972;14931
257027646;14932
257044319;14933
257060993;14934
257077667;14935
257094340;14936
257111014;14937
257127688;14938
257144361;14939
257161035;14940
257177709;14941
257194383;14942
257211056;14943
257227730;14944
257244404;14945
257261077;14946
257277751;14947
257294425;14948
257311098;14949
257327772;14950
257344446;14951
257361119;14952
257377793;14953
257394467;14954
257427814;14955
257444488;14956
257461162;14957
257477835;14958
257494509;14959
257511183;14960
257527856;14961
257544530;14962
257561204;14963
257577878;14964
257594551;14965
257611225;14966
257627899;14967
257644572;14968
257661246;14969
257677920;14970
257694593;14971
257711267;14972
257727941;14973
257744614;14974
257761288;14975
257777962;14976
257794635;14977
257811309;14978
257827983;14979
257844657;14980
257861330;14981
257878004;14982
257894678;14983
257928025;14984
257944699;14985
257961372;14986
257978046;14987
257994720;14988
258011394;14989
258028067;14990
258044741;14991
258061415;14992
258078088;14993
258094762;14994
258111436;14995
258128109;14996
258144783;14997
258161457;14998
258178130;14999
258194804;15000
258211478;15001
258228152;15002
258244825;15003
258261499;15004
258278173;15005
258294846;15006
258311520;15007
258328194;15008
258344867;15009
258361541;15010
258378215;15011
258394889;15012
258428236;15013
258444910;15014
258461583;15015
258478257;15016
258494931;15017
258511604;15018
258528278;15019
258544952;15020
258561625;15021
258578299;15022
258594973;15023
258611647;15024
258628320;15025
258644994;15026
258661668;15027
258678341;15028
258695015;15029
258711689;15030
258728362;15031
258745036;15032
258761710;15033
258778384;15034
258795057;15035
258811731;15036
258828405;15037
258845078;15038
258861752;15039
258878426;15040
258895099;15041
258928447;15042
258945120;15043
258961794;15044
258978468;15045
258995142;15046
259011815;15047
259028489;15048
259045163;15049
259061836;15050
259078510;15051
259095184;15052
259111857;15053
259128531;15054
259145205;15055
259161879;15056
259178552;15057
259195226;15058
259211900;15059
259228573;15060
259245247;15061
259261921;15062
259278594;15063
259295268;15064
259311942;15065
259328615;15066
259345289;15067
259361963;15068
259378637;15069
259395310;15070
259428658;15071
259445331;15072
259462005;15073
259478679;15074
259495352;15075
259512026;15076
259528700;15077
259545373;15078
259562047;15079
259578721;15080
259595395;15081
259612068;15082
259628742;15083
259645416;15084
259662089;15085
259678763;15086
259695437;15087
259712110;15088
259728784;15089
259745458;15090
259762131;15091
259778805;15092
259795479;15093
259812153;15094
259828826;15095
259845500;15096
259862174;15097
259878847;15098
259895521;15099
259928868;15100
259945542;15101
259962216;15102
259978890;15103
259995563;15104
260012237;15105
260028911;15106
260045584;15107
260062258;15108
260078932;15109
260095605;15110
260112279;15111
260128953;15112
260145626;15113
260162300;15114
260178974;15115
260195648;15116
260212321;15117
260228995;15118
260245669;15119
260262342;15120
260279016;15121
260295690;15122
260312363;15123
260329037;15124
260345711;15125
260362385;15126
260379058;15127
260395732;15128
260429079;15129
260445753;15130
260462427;15131
260479100;15132
260495774;15133
260512448;15134
260529121;15135
260545795;15136
260562469;15137
260579143;15138
260595816;15139
260612490;15140
260629164;15141
260645837;15142
260662511;15143
260679185;15144
260695858;15145
260712532;15146
260729206;15147
260745880;15148
260762553;15149
260779227;15150
260795901;15151
260812574;15152
260829248;15153
260845922;15154
260862595;15155
260879269;15156
260895943;15157
260929290;15158
260945964;15159
260962638;15160
260979311;15161
260995985;15162
261012659;15163
261029332;15164
261046006;15165
261062680;15166
261079353;15167
261096027;15168
261112701;15169
261129374;15170
261146048;15171
261162722;15172
261179396;15173
261196069;15174
261212743;15175
261229417;15176
261246090;15177
261262764;15178
261279438;15179
261296111;15180
261312785;15181
261329459;15182
261346132;15183
261362806;15184
261379480;15185
261396154;15186
261429501;15187
261446175;15188
261462848;15189
261479522;15190
261496196;15191
261512869;15192
261529543;15193
261546217;15194
261562890;15195
261579564;15196
261596238;15197
261612912;15198
261629585;15199
261646259;15200
261662933;15201
261679606;15202
261696280;15203
-1;-1
-1;-1
-1;-1
-1;-1
-1;-1
-1;-1
-1;-1
-1;-1
-1;-1
-1;-1
-1;-1
-1;-1
-1;-1
-1;-1
-1;-1
-1;-1
-1;-1
-1;-1
-1;-1
-1;-1
-1;-1
-1;-1
-1;-1
-1;-1
-1;-1
-1;-1
-1;-1
-1;-1
-1;-1
-1;-1
-1;-1
-1;-1
-1;-1
-1;-1
-1;-1
-1;-1
-1;-1
-1;-1
-1;-1
-1;-1
-1;-1
-1;-1
-1;-1
-1;-1
-1;-1
-1;-1
-1;-1
-1;-1
-1;-1
-1;-1
-1;-1
-1;-1
-1;-1
-1;-1
-1;-1
-1;-1
-1;-1
-1;-1
-1;-1
-1;-1
-1;-1
-1;-1
-1;-1
-1;-1
-1;-1
-1;-1
-1;-1
-1;-1
-1;-1
-1;-1
-1;-1
-1;-1
-1;-1
-1;-1
-1;-1
-1;-1
-1;-1
-1;-1
-1;-1
-1;-1
-1;-1
-1;-1
-1;-1
-1;-1
-1;-1
-1;-1
-1;-1
-1;-1
-1;-1
-1;-1
-1;-1
-1;-1
-1;-1
-1;-1
-1;-1
-1;-1
-1;-1
-1;-1
-1;-1
-1;-1
-1;-1
-1;-1
-1;-1
