210674619;12244
210707967;12245
210724640;12246
210741314;12247
210757987;12248
210774661;12249
210791335;12250
210808008;12251
210824682;12252
210841356;12253
210858029;12254
210874703;12255
210891376;12256
210908050;12257
210924724;12258
210941397;12259
210958071;12260
210974745;12261
210991418;12262
211008092;12263
211024766;12264
211041439;12265
211058113;12266
211074786;12267
211091460;12268
211108134;12269
211124807;12270
211141481;12271
211158155;12272
211174828;12273
211208176;12274
211224849;12275
211241523;12276
211258196;12277
211274870;12278
211291544;12279
211308217;12280
211324891;12281
211341565;12282
211358238;12283
211374912;12284
211391586;12285
211408259;12286
211424933;12287
211441606;12288
211458280;12289
211474954;12290
211491627;12291
211508301;12292
211524975;12293
211541648;12294
211558322;12295
211574995;12296
211591669;12297
211608343;12298
211625016;12299
211641690;12300
211658364;12301
211675037;12302
211708384;12303
211725058;12304
211741732;12305
211758405;12306
211775079;12307
211791753;12308
211808426;12309
211825100;12310
211841774;12311
211858447;12312
211875121;12313
211891794;12314
211908468;12315
211925142;12316
211941815;12317
211958489;12318
211975163;12319
211991836;12320
212008510;12321
212025184;12322
212041857;12323
212058531;12324
212075204;12325
212091878;12326
212108552;12327
212125225;12328
212141899;12329
212158573;12330
212175246;12331
212208593;12332
212225267;12333
212241941;12334
212258614;12335
212275288;12336
212291962;12337
212308635;12338
212325309;12339
212341983;12340
212358656;12341
212375330;12342
212392003;12343
212408677;12344
212425351;12345
212442024;12346
212458698;12347
212475372;12348
212492045;12349
212508719;12350
212525392;12351
212542066;12352
212558740;12353
212575413;12354
212592087;12355
212608761;12356
212625434;12357
212642108;12358
212658782;12359
212675455;12360
212708802;12361
212725476;12362
212742150;12363
212758823;12364
212775497;12365
212792171;12366
212808844;12367
212825518;12368
212842191;12369
212858865;12370
212875539;12371
212892212;12372
212908886;12373
212925560;12374
212942233;12375
212958907;12376
212975580;12377
212992254;12378
213008928;12379
213025601;12380
213042275;12381
213058949;12382
213075622;12383
213092296;12384
213108970;12385
213125643;12386
213142317;12387
213158990;12388
213175664;12389
213192338;12390
213225685;12391
213242359;12392
213259032;12393
213275706;12394
213292379;12395
213309053;12396
213325727;12397
213342400;12398
213359074;12399
213375748;12400
213392421;12401
213409095;12402
213425769;12403
213442442;12404
213459116;12405
213475789;12406
213492463;12407
213509137;12408
213525810;12409
213542484;12410
213559158;12411
213575831;12412
213592505;12413
213609179;12414
213625852;12415
213642526;12416
213659199;12417
213675873;12418
213692547;12419
213725894;12420
213742568;12421
213759241;12422
213775915;12423
213792588;12424
213809262;12425
213825936;12426
213842609;12427
213859283;12428
213875957;12429
213892630;12430
213909304;12431
213925978;12432
213942651;12433
213959325;12434
213975998;12435
213992672;12436
214009346;12437
214026019;12438
214042693;12439
214059366;12440
214076040;12441
214092714;12442
214109387;12443
214126061;12444
214142735;12445
214159408;12446
214176082;12447
214192756;12448
214226103;12449
214242776;12450
214259450;12451
214276124;12452
214292797;12453
214309471;12454
214326145;12455
214342818;12456
214359492;12457
214376165;12458
214392839;12459
214409513;12460
214426186;12461
214442860;12462
214459534;12463
214476207;12464
214492881;12465
214509555;12466
214526228;12467
214542902;12468
214559575;12469
214576249;12470
214592923;12471
214609596;12472
214626270;12473
214642943;12474
214659617;12475
214676291;12476
214692964;12477
214726312;12478
214742985;12479
214759659;12480
214776333;12481
214793006;12482
214809680;12483
214826353;12484
214843027;12485
214859701;12486
214876374;12487
214893048;12488
214909722;12489
214926395;12490
214943069;12491
214959742;12492
214976416;12493
214993090;12494
215009763;12495
215026437;12496
215043111;12497
215059784;12498
215076458;12499
215093132;12500
215109805;12501
215126479;12502
215143152;12503
215159826;12504
215176500;12505
215193173;12506
215226521;12507
215243194;12508
215259868;12509
215276541;12510
215293215;12511
215309889;12512
215326562;12513
215343236;12514
215359910;12515
215376583;12516
215393257;12517
215409930;12518
215426604;12519
215443278;12520
215459951;12521
215476625;12522
215493299;12523
215509972;12524
215526646;12525
215543319;12526
215559993;12527
215576667;12528
215593340;12529
215610014;12530
215626688;12531
215643361;12532
215660035;12533
215676709;12534
215693382;12535
215726729;12536
215743403;12537
215760077;12538
215776750;12539
215793424;12540
215810098;12541
215826771;12542
215843445;12543
215860118;12544
215876792;12545
215893466;12546
215910139;12547
215926813;12548
215943487;12549
215960160;12550
215976834;12551
215993507;12552
216010181;12553
216026855;12554
216043528;12555
216060202;12556
216076876;12557
216093549;12558
216110223;12559
216126896;12560
216143570;12561
216160244;12562
216176917;12563
216193591;12564
216226938;12565
216243612;12566
216260285;12567
216276959;12568
216293633;12569
216310306;12570
216326980;12571
216343654;12572
216360327;12573
216377001;12574
216393674;12575
216410348;12576
216427022;12577
216443695;12578
216460369;12579
216477043;12580
216493716;12581
216510390;12582
216527063;12583
216543737;12584
216560411;12585
216577084;12586
216593758;12587
216610432;12588
216627105;12589
216643779;12590
216660453;12591
216677126;12592
216693800;12593
216727147;12594
216743821;12595
216760494;12596
216777168;12597
216793841;12598
216810515;12599
216827189;12600
216843862;12601
216860536;12602
216877210;12603
216893883;12604
216910557;12605
216927230;12606
216943904;12607
216960578;12608
216977251;12609
216993925;12610
217010599;12611
217027272;12612
217043946;12613
217060620;12614
217077293;12615
217093967;12616
217110640;12617
217127314;12618
217143988;12619
217160661;12620
217177335;12621
217194009;12622
217227356;12623
217244029;12624
217260703;12625
217277377;12626
217294050;12627
217310724;12628
217327398;12629
217344071;12630
217360745;12631
217377418;12632
217394092;12633
217410766;12634
217427439;12635
217444113;12636
217460787;12637
217477460;12638
217494134;12639
217510807;12640
217527481;12641
217544155;12642
217560828;12643
217577502;12644
217594176;12645
217610849;12646
217627523;12647
217644196;12648
217660870;12649
217677544;12650
217694217;12651
217727565;12652
217744238;12653
217760912;12654
217777585;12655
217794259;12656
217810933;12657
217827606;12658
217844280;12659
217860954;12660
217877627;12661
217894301;12662
217910975;12663
217927648;12664
217944322;12665
217960995;12666
217977669;12667
217994343;12668
218011016;12669
218027690;12670
218044363;12671
218061037;12672
218077711;12673
218094384;12674
218111058;12675
218127732;12676
218144405;12677
218161079;12678
218177753;12679
218194426;12680
218227773;12681
218244447;12682
218261121;12683
218277794;12684
218294468;12685
218311141;12686
218327815;12687
218344489;12688
218361162;12689
218377836;12690
218394510;12691
218411183;12692
218427857;12693
218444530;12694
218461204;12695
218477878;12696
218494551;12697
218511225;12698
218527899;12699
218544572;12700
218561246;12701
218577919;12702
218594593;12703
218611267;12704
218627940;12705
218644614;12706
218661288;12707
218677961;12708
218694635;12709
218727982;12710
218744656;12711
218761329;12712
218778003;12713
218794677;12714
218811350;12715
218828024;12716
218844697;12717
218861371;12718
218878045;12719
218894718;12720
218911392;12721
218928066;12722
218944739;12723
218961413;12724
218978086;12725
218994760;12726
219011434;12727
219028107;12728
219044781;12729
219061455;12730
219078128;12731
219094802;12732
219111476;12733
219128149;12734
219144823;12735
219161496;12736
219178170;12737
219194844;12738
219228191;12739
219244864;12740
219261538;12741
219278212;12742
219294885;12743
219311559;12744
219328233;12745
219344906;12746
219361580;12747
219378253;12748
219394927;12749
219411601;12750
219428274;12751
219444948;12752
219461622;12753
219478295;12754
219494969;12755
219511642;12756
219528316;12757
219544990;12758
219561663;12759
219578337;12760
219595011;12761
219611684;12762
219628358;12763
219645031;12764
219661705;12765
219678379;12766
219695052;12767
219728400;12768
219745073;12769
219761747;12770
219778420;12771
219795094;12772
219811768;12773
219828441;12774
219845115;12775
219861789;12776
219878462;12777
219895136;12778
219911809;12779
219928483;12780
219945157;12781
219961830;12782
219978504;12783
219995177;12784
220011851;12785
220028525;12786
220045198;12787
220061872;12788
220078546;12789
220095219;12790
220111893;12791
220128567;12792
220145240;12793
220161914;12794
220178587;12795
220195261;12796
220228608;12797
220245282;12798
220261956;12799
220278629;12800
220295303;12801
220311976;12802
220328650;12803
220345324;12804
220361997;12805
220378671;12806
220395344;12807
220412018;12808
220428692;12809
220445365;12810
220462039;12811
220478713;12812
220495386;12813
220512060;12814
220528733;12815
220545407;12816
220562081;12817
220578754;12818
220595428;12819
220612102;12820
220628775;12821
220645449;12822
220662123;12823
220678796;12824
220695470;12825
220728817;12826
220745491;12827
220762164;12828
220778838;12829
220795511;12830
220812185;12831
220828859;12832
220845532;12833
220862206;12834
220878880;12835
220895553;12836
220912227;12837
220928900;12838
220945574;12839
220962248;12840
220978921;12841
220995595;12842
221012269;12843
221028942;12844
221045616;12845
221062289;12846
221078963;12847
221095637;12848
221112310;12849
221128984;12850
221145657;12851
221162331;12852
221179005;12853
221195678;12854
221229026;12855
221245699;12856
221262373;12857
221279046;12858
221295720;12859
221312394;12860
221329067;12861
221345741;12862
221362415;12863
221379088;12864
221395762;12865
221412435;12866
221429109;12867
221445783;12868
221462456;12869
221479130;12870
221495804;12871
221512477;12872
221529151;12873
221545824;12874
221562498;12875
221579172;12876
221595845;12877
221612519;12878
221629193;12879
221645866;12880
221662540;12881
221679213;12882
221695887;12883
221729234;12884
221745908;12885
221762582;12886
221779255;12887
221795929;12888
221812602;12889
221829276;12890
221845950;12891
221862623;12892
221879297;12893
221895971;12894
221912644;12895
221929318;12896
221945991;12897
221962665;12898
221979339;12899
221996012;12900
222012686;12901
222029359;12902
222046033;12903
222062707;12904
222079380;12905
222096054;12906
222112728;12907
222129401;12908
222146075;12909
222162748;12910
222179422;12911
222196096;12912
222229443;12913
222246117;12914
222262790;12915
222279464;12916
222296137;12917
222312811;12918
222329485;12919
222346158;12920
222362832;12921
222379506;12922
222396179;12923
222412853;12924
222429526;12925
222446200;12926
222462874;12927
222479547;12928
222496221;12929
222512895;12930
222529568;12931
222546242;12932
222562915;12933
222579589;12934
222596263;12935
222612936;12936
222629610;12937
222646284;12938
222662957;12939
222679631;12940
222696304;12941
222729652;12942
222746325;12943
222762999;12944
222779672;12945
222796346;12946
222813020;12947
222829693;12948
222846367;12949
222863041;12950
222879714;12951
222896388;12952
222913061;12953
222929735;12954
222946409;12955
222963082;12956
222979756;12957
222996429;12958
223013103;12959
223029777;12960
223046450;12961
223063124;12962
223079798;12963
223096471;12964
223113145;12965
223129819;12966
223146492;12967
223163166;12968
223179839;12969
223196513;12970
223229860;12971
223246534;12972
223263207;12973
223279881;12974
223296555;12975
223313228;12976
223329902;12977
223346576;12978
223363249;12979
223379923;12980
223396596;12981
223413270;12982
223429944;12983
223446617;12984
223463291;12985
223479965;12986
223496638;12987
223513312;12988
223529985;12989
223546659;12990
223563333;12991
223580006;12992
223596680;12993
223613353;12994
223630027;12995
223646701;12996
223663374;12997
223680048;12998
223696722;12999
223730069;13000
223746743;13001
223763416;13002
223780090;13003
223796763;13004
223813437;13005
223830111;13006
223846784;13007
223863458;13008
223880131;13009
223896805;13010
223913479;13011
223930152;13012
223946826;13013
223963500;13014
223980173;13015
223996847;13016
224013520;13017
224030194;13018
224046868;13019
224063541;13020
224080215;13021
224096888;13022
224113562;13023
224130236;13024
224146909;13025
224163583;13026
224180257;13027
224196930;13028
224230277;13029
224246951;13030
224263625;13031
224280298;13032
224296972;13033
224313646;13034
224330319;13035
224346993;13036
224363666;13037
224380340;13038
224397014;13039
224413687;13040
224430361;13041
224447035;13042
224463708;13043
224480382;13044
224497055;13045
224513729;13046
224530403;13047
224547076;13048
224563750;13049
224580424;13050
224597097;13051
224613771;13052
224630444;13053
224647118;13054
224663792;13055
224680465;13056
224697139;13057
224730486;13058
224747160;13059
224763833;13060
224780507;13061
224797181;13062
224813854;13063
224830528;13064
224847201;13065
224863875;13066
224880549;13067
224897222;13068
224913896;13069
224930569;13070
224947243;13071
224963917;13072
224980590;13073
224997264;13074
225013938;13075
225030611;13076
225047285;13077
225063959;13078
225080632;13079
225097306;13080
225113979;13081
225130653;13082
225147327;13083
225164000;13084
225180674;13085
225197348;13086
225230695;13087
225247368;13088
225264042;13089
225280716;13090
225297389;13091
225314063;13092
225330736;13093
225347410;13094
225364084;13095
225380757;13096
225397431;13097
225414105;13098
225430778;13099
225447452;13100
225464125;13101
225480799;13102
225497473;13103
225514146;13104
225530820;13105
225547494;13106
225564167;13107
225580841;13108
225597514;13109
225614188;13110
225630862;13111
225647535;13112
225664209;13113
225680882;13114
225697556;13115
225730903;13116
225747577;13117
225764251;13118
225780924;13119
225797598;13120
225814271;13121
225830945;13122
225847619;13123
225864292;13124
225880966;13125
225897639;13126
225914313;13127
225930987;13128
225947660;13129
225964334;13130
225981008;13131
225997681;13132
226014355;13133
226031028;13134
226047702;13135
226064376;13136
226081049;13137
226097723;13138
226114397;13139
226131070;13140
226147744;13141
226164417;13142
226181091;13143
226197765;13144
226231112;13145
226247786;13146
226264459;13147
226281133;13148
226297806;13149
226314480;13150
226331154;13151
226347827;13152
226364501;13153
226381175;13154
226397848;13155
226414522;13156
226431195;13157
226447869;13158
226464543;13159
226481216;13160
226497890;13161
226514563;13162
226531237;13163
226547911;13164
226564584;13165
226581258;13166
226597932;13167
226614605;13168
226631279;13169
226647952;13170
226664626;13171
226681300;13172
226697973;13173
226731321;13174
226747994;13175
226764668;13176
226781341;13177
226798015;13178
226814689;13179
226831362;13180
226848036;13181
226864709;13182
226881383;13183
226898057;13184
226914730;13185
226931404;13186
226948078;13187
226964751;13188
226981425;13189
226998098;13190
227014772;13191
227031446;13192
227048119;13193
227064793;13194
227081467;13195
227098140;13196
227114814;13197
227131487;13198
227148161;13199
227164835;13200
227181508;13201
227198182;13202
227231529;13203
227248203;13204
227264876;13205
227281550;13206
227298224;13207
227314897;13208
227331571;13209
227348244;13210
227364918;13211
227381592;13212
227398265;13213
227414939;13214
227431612;13215
227448286;13216
227464960;13217
227481633;13218
227498307;13219
227514981;13220
227531654;13221
227548328;13222
227565001;13223
227581675;13224
227598349;13225
227615022;13226
227631696;13227
227648370;13228
227665043;13229
227681717;13230
227698390;13231
227731738;13232
227748411;13233
227765085;13234
227781759;13235
227798432;13236
227815106;13237
227831779;13238
227848453;13239
227865127;13240
227881800;13241
227898474;13242
227915147;13243
227931821;13244
227948495;13245
227965168;13246
227981842;13247
227998516;13248
228015189;13249
228031863;13250
228048536;13251
228065210;13252
228081884;13253
228098557;13254
228115231;13255
228131905;13256
228148578;13257
228165252;13258
228181925;13259
228198599;13260
228231946;13261
228248620;13262
228265293;13263
228281967;13264
228298641;13265
228315314;13266
228331988;13267
228348662;13268
228365335;13269
228382009;13270
228398682;13271
228415356;13272
228432030;13273
228448703;13274
228465377;13275
228482051;13276
228498724;13277
228515398;13278
228532071;13279
228548745;13280
228565419;13281
228582092;13282
228598766;13283
228615439;13284
228632113;13285
228648787;13286
228665460;13287
228682134;13288
228698808;13289
228732155;13290
228748828;13291
228765502;13292
228782176;13293
228798849;13294
228815523;13295
228832197;13296
228848870;13297
228865544;13298
228882217;13299
228898891;13300
228915565;13301
228932238;13302
228948912;13303
228965585;13304
228982259;13305
228998933;13306
229015606;13307
229032280;13308
229048954;13309
229065627;13310
229082301;13311
229098974;13312
229115648;13313
229132322;13314
229148995;13315
229165669;13316
229182342;13317
229199016;13318
229232363;13319
229249037;13320
229265711;13321
229282384;13322
229299058;13323
229315731;13324
229332405;13325
229349079;13326
229365752;13327
229382426;13328
229399100;13329
229415773;13330
229432447;13331
229449121;13332
229465794;13333
229482468;13334
229499141;13335
229515815;13336
229532488;13337
229549162;13338
229565836;13339
229582509;13340
229599183;13341
229615857;13342
229632530;13343
229649204;13344
229665877;13345
229682551;13346
229699225;13347
229732572;13348
229749246;13349
229765919;13350
229782593;13351
229799266;13352
229815940;13353
229832614;13354
229849287;13355
229865961;13356
229882634;13357
229899308;13358
229915982;13359
229932655;13360
229949329;13361
229966003;13362
229982676;13363
229999350;13364
230016023;13365
230032697;13366
230049371;13367
230066044;13368
230082718;13369
230099392;13370
230116065;13371
230132739;13372
230149412;13373
230166086;13374
230182760;13375
230199433;13376
230232780;13377
230249454;13378
230266128;13379
230282801;13380
230299475;13381
230316149;13382
230332822;13383
230349496;13384
230366169;13385
230382843;13386
230399517;13387
230416190;13388
230432864;13389
230449538;13390
230466211;13391
230482885;13392
230499559;13393
230516232;13394
230532906;13395
230549579;13396
230566253;13397
230582927;13398
230599600;13399
230616274;13400
230632947;13401
230649621;13402
230666295;13403
230682968;13404
230699642;13405
230732989;13406
230749663;13407
230766336;13408
230783010;13409
230799684;13410
230816357;13411
230833031;13412
230849704;13413
230866378;13414
230883052;13415
230899725;13416
230916399;13417
230933073;13418
230949746;13419
230966420;13420
230983093;13421
230999767;13422
231016441;13423
231033114;13424
231049788;13425
231066462;13426
231083135;13427
231099809;13428
231116482;13429
231133156;13430
231149830;13431
231166503;13432
231183177;13433
231199850;13434
231233198;13435
231249871;13436
231266545;13437
231283219;13438
231299892;13439
231316566;13440
231333239;13441
231349913;13442
231366587;13443
231383260;13444
231399934;13445
231416607;13446
231433281;13447
231449955;13448
231466628;13449
231483302;13450
231499976;13451
231516649;13452
231533323;13453
231549996;13454
231566670;13455
231583344;13456
231600017;13457
231616691;13458
231633365;13459
231650038;13460
231666712;13461
231683386;13462
231700059;13463
231733406;13464
231750080;13465
231766754;13466
231783427;13467
231800101;13468
231816774;13469
231833448;13470
231850122;13471
231866795;13472
231883469;13473
231900142;13474
231916816;13475
231933490;13476
231950163;13477
231966837;13478
231983511;13479
232000184;13480
232016858;13481
232033532;13482
232050205;13483
232066879;13484
232083552;13485
232100226;13486
232116900;13487
232133573;13488
232150247;13489
232166920;13490
232183594;13491
232200268;13492
232233615;13493
232250289;13494
232266962;13495
232283636;13496
232300309;13497
232316983;13498
232333657;13499
232350330;13500
232367004;13501
232383677;13502
232400351;13503
232417025;13504
232433698;13505
232450372;13506
232467046;13507
232483719;13508
232500393;13509
232517066;13510
232533740;13511
232550414;13512
232567087;13513
232583761;13514
232600435;13515
232617108;13516
232633782;13517
232650455;13518
232667129;13519
232683803;13520
232700476;13521
232733824;13522
232750497;13523
232767171;13524
232783844;13525
232800518;13526
232817192;13527
232833865;13528
232850539;13529
232867212;13530
232883886;13531
232900560;13532
232917233;13533
232933907;13534
232950581;13535
232967254;13536
232983928;13537
233000601;13538
233017275;13539
233033949;13540
233050622;13541
233067296;13542
233083969;13543
233100643;13544
233117317;13545
233133990;13546
233150664;13547
233167338;13548
233184011;13549
233200685;13550
233234032;13551
233250706;13552
233267379;13553
233284053;13554
233300727;13555
233317400;13556
233334074;13557
233350747;13558
233367421;13559
233384095;13560
233400768;13561
233417442;13562
233434116;13563
233450789;13564
233467463;13565
233484136;13566
233500810;13567
233517484;13568
233534157;13569
233550831;13570
233567505;13571
233584178;13572
233600852;13573
233617525;13574
233634199;13575
233650873;13576
233667546;13577
233684220;13578
233700894;13579
233734241;13580
233750914;13581
233767588;13582
233784262;13583
233800935;13584
233817609;13585
233834283;13586
233850956;13587
233867630;13588
233884303;13589
233900977;13590
233917651;13591
233934324;13592
233950998;13593
233967671;13594
233984345;13595
234001019;13596
234017692;13597
234034366;13598
234051040;13599
234067713;13600
234084387;13601
234101060;13602
234117734;13603
234134408;13604
234151081;13605
234167755;13606
234184428;13607
234201102;13608
234234449;13609
234251123;13610
234267797;13611
234284470;13612
234301144;13613
234317818;13614
234334491;13615
234351165;13616
234367838;13617
234384512;13618
234401186;13619
234417859;13620
234434533;13621
234451206;13622
234467880;13623
234484554;13624
234501227;13625
234517901;13626
234534574;13627
234551248;13628
234567922;13629
234584595;13630
234601269;13631
234617943;13632
234634616;13633
234651290;13634
234667964;13635
234684637;13636
234701311;13637
234734658;13638
234751332;13639
234768005;13640
234784679;13641
234801353;13642
234818026;13643
234834700;13644
234851373;13645
234868047;13646
234884721;13647
234901394;13648
234918068;13649
234934741;13650
234951415;13651
234968089;13652
234984762;13653
235001436;13654
235018110;13655
235034783;13656
235051457;13657
235068130;13658
235084804;13659
235101478;13660
235118151;13661
235134825;13662
235151498;13663
235168172;13664
235184846;13665
235201519;13666
235234867;13667
235251540;13668
235268214;13669
235284887;13670
235301561;13671
235318235;13672
235334908;13673
235351582;13674
235368256;13675
235384929;13676
235401603;13677
235418276;13678
235434950;13679
235451624;13680
235468297;13681
235484971;13682
235501645;13683
235518318;13684
235534992;13685
235551665;13686
235568339;13687
235585013;13688
235601686;13689
235618360;13690
235635033;13691
235651707;13692
235668381;13693
235685054;13694
235701728;13695
235735075;13696
235751749;13697
235768422;13698
235785096;13699
235801770;13700
235818443;13701
235835117;13702
235851791;13703
235868464;13704
235885138;13705
235901811;13706
235918485;13707
235935159;13708
235951832;13709
235968506;13710
235985180;13711
236001853;13712
236018527;13713
236035200;13714
236051874;13715
236068548;13716
236085221;13717
236101895;13718
236118569;13719
236135242;13720
236151916;13721
236168589;13722
236185263;13723
236201937;13724
236235284;13725
236251958;13726
236268631;13727
236285305;13728
236301978;13729
236318652;13730
236335326;13731
236351999;13732
236368673;13733
236385346;13734
236402020;13735
236418694;13736
236435367;13737
236452041;13738
236468715;13739
236485388;13740
236502062;13741
236518735;13742
236535409;13743
236552083;13744
236568756;13745
236585430;13746
236602103;13747
236618777;13748
236635451;13749
236652124;13750
236668798;13751
236685472;13752
236702145;13753
236735492;13754
236752166;13755
236768840;13756
236785513;13757
236802187;13758
236818861;13759
236835534;13760
236852208;13761
236868881;13762
236885555;13763
236902229;13764
236918902;13765
236935576;13766
236952250;13767
236968923;13768
236985597;13769
237002270;13770
237018944;13771
237035618;13772
237052291;13773
237068965;13774
237085639;13775
237102312;13776
237118986;13777
237135659;13778
237152333;13779
237169007;13780
237185680;13781
237202354;13782
237235701;13783
237252375;13784
237269048;13785
237285722;13786
237302396;13787
237319069;13788
237335743;13789
237352416;13790
237369090;13791
237385764;13792
237402437;13793
237419111;13794
237435784;13795
237452458;13796
237469132;13797
237485805;13798
237502479;13799
237519153;13800
237535826;13801
237552500;13802
237569173;13803
237585847;13804
237602521;13805
237619194;13806
237635868;13807
237652542;13808
237669215;13809
237685889;13810
237702562;13811
237735910;13812
237752583;13813
237769257;13814
237785931;13815
237802604;13816
237819278;13817
237835951;13818
237852625;13819
237869299;13820
237885972;13821
237902646;13822
237919320;13823
237935993;13824
237952667;13825
237969340;13826
237986014;13827
238002688;13828
238019361;13829
238036035;13830
238052708;13831
238069382;13832
238086056;13833
238102729;13834
238119403;13835
238136077;13836
238152750;13837
238169424;13838
238186097;13839
238202771;13840
238236118;13841
238252792;13842
238269466;13843
238286139;13844
238302813;13845
238319486;13846
238336160;13847
238352834;13848
238369507;13849
238386181;13850
238402855;13851
238419528;13852
238436202;13853
238452875;13854
238469549;13855
238486223;13856
238502896;13857
238519570;13858
238536243;13859
238552917;13860
238569591;13861
238586264;13862
238602938;13863
238619612;13864
238636285;13865
238652959;13866
238669632;13867
238686306;13868
238702980;13869
238736327;13870
238753001;13871
238769674;13872
238786348;13873
238803021;13874
238819695;13875
238836369;13876
238853042;13877
238869716;13878
238886390;13879
238903063;13880
238919737;13881
238936410;13882
238953084;13883
238969758;13884
238986431;13885
239003105;13886
239019779;13887
239036452;13888
239053126;13889
239069799;13890
239086473;13891
239103147;13892
239119820;13893
239136494;13894
239153168;13895
239169841;13896
239186515;13897
239203188;13898
239236536;13899
239253209;13900
239269883;13901
239286556;13902
239303230;13903
239319904;13904
239336577;13905
239353251;13906
239369925;13907
239386598;13908
239403272;13909
239419945;13910
239436619;13911
239453293;13912
239469966;13913
239486640;13914
239503314;13915
239519987;13916
239536661;13917
239553334;13918
239570008;13919
239586682;13920
239603355;13921
239620029;13922
239636702;13923
239653376;13924
239670050;13925
239686723;13926
239703397;13927
239736744;13928
239753418;13929
239770091;13930
239786765;13931
239803439;13932
239820112;13933
239836786;13934
239853460;13935
239870133;13936
239886807;13937
239903481;13938
239920154;13939
239936828;13940
239953501;13941
239970175;13942
239986849;13943
240003522;13944
240020196;13945
240036869;13946
240053543;13947
240070217;13948
240086890;13949
240103564;13950
240120238;13951
240136911;13952
240153585;13953
240170258;13954
240186932;13955
240203606;13956
240236953;13957
240253627;13958
240270300;13959
240286974;13960
240303647;13961
240320321;13962
240336995;13963
240353668;13964
240370342;13965
240387016;13966
240403689;13967
240420363;13968
240437036;13969
240453710;13970
240470384;13971
240487057;13972
240503731;13973
240520405;13974
240537078;13975
240553752;13976
240570425;13977
240587099;13978
240603773;13979
240620446;13980
240637120;13981
240653793;13982
240670467;13983
240687141;13984
240703814;13985
240737162;13986
240753835;13987
240770509;13988
240787183;13989
240803856;13990
240820530;13991
240837203;13992
240853877;13993
240870551;13994
240887224;13995
240903898;13996
240920571;13997
240937245;13998
240953919;13999
240970592;14000
240987266;14001
241003940;14002
241020613;14003
241037287;14004
241053960;14005
241070634;14006
241087308;14007
241103981;14008
241120655;14009
241137329;14010
241154002;14011
241170676;14012
241187349;14013
241204023;14014
241237370;14015
241254044;14016
241270718;14017
241287391;14018
241304065;14019
241320738;14020
241337412;14021
241354086;14022
241370759;14023
241387433;14024
241404107;14025
241420780;14026
241437454;14027
241454128;14028
241470801;14029
241487475;14030
241504148;14031
241520822;14032
241537496;14033
241554169;14034
241570843;14035
241587517;14036
241604190;14037
241620864;14038
241637537;14039
241654211;14040
241670885;14041
241687558;14042
241704232;14043
241737579;14044
241754253;14045
241770926;14046
241787600;14047
241804274;14048
241820947;14049
241837621;14050
241854294;14051
241870968;14052
241887642;14053
241904315;14054
241920989;14055
241937663;14056
241954336;14057
241971010;14058
241987683;14059
242004357;14060
242021031;14061
242037704;14062
242054378;14063
242071052;14064
242087725;14065
242104399;14066
242121072;14067
242137746;14068
242154420;14069
242171093;14070
242187767;14071
242204441;14072
242237788;14073
242254461;14074
242271135;14075
242287809;14076
242304482;14077
242321156;14078
242337830;14079
242354503;14080
242371177;14081
242387850;14082
242404524;14083
242421198;14084
242437871;14085
242454545;14086
242471219;14087
242487892;14088
242504566;14089
242521239;14090
242537913;14091
242554587;14092
242571260;14093
242587934;14094
242604608;14095
242621281;14096
242637955;14097
242654629;14098
242671302;14099
242687976;14100
242704649;14101
242737997;14102
242754670;14103
242771344;14104
242788017;14105
242804691;14106
242821365;14107
242838038;14108
242854712;14109
242871386;14110
242888059;14111
242904733;14112
242921407;14113
242938080;14114
242954754;14115
242971427;14116
242988101;14117
243004775;14118
243021448;14119
243038122;14120
243054795;14121
243071469;14122
243088143;14123
243104816;14124
243121490;14125
243138164;14126
243154837;14127
243171511;14128
243188184;14129
243204858;14130
243238205;14131
243254879;14132
243271553;14133
243288226;14134
243304900;14135
243321574;14136
243338247;14137
243354921;14138
243371594;14139
243388268;14140
243404942;14141
243421615;14142
243438289;14143
243454962;14144
243471636;14145
243488310;14146
243504983;14147
243521657;14148
243538331;14149
243555004;14150
243571678;14151
243588351;14152
243605025;14153
243621699;14154
243638372;14155
243655046;14156
243671720;14157
243688393;14158
243705067;14159
243738414;14160
243755088;14161
243771761;14162
243788435;14163
243805109;14164
243821782;14165
243838456;14166
243855130;14167
243871803;14168
243888477;14169
243905150;14170
243921824;14171
243938498;14172
243955171;14173
243971845;14174
243988519;14175
244005192;14176
244021866;14177
244038539;14178
244055213;14179
244071887;14180
244088560;14181
244105234;14182
244121908;14183
244138581;14184
244155255;14185
244171929;14186
244188602;14187
244205276;14188
244238623;14189
244255297;14190
244271970;14191
244288644;14192
244305318;14193
244321991;14194
244338665;14195
244355338;14196
244372012;14197
244388686;14198
244405359;14199
244422033;14200
244438707;14201
244455380;14202
244472054;14203
244488728;14204
244505401;14205
244522075;14206
244538748;14207
244555422;14208
244572096;14209
244588769;14210
244605443;14211
244622117;14212
244638790;14213
244655464;14214
244672137;14215
244688811;14216
244705485;14217
244738832;14218
244755506;14219
244772179;14220
244788853;14221
244805526;14222
244822200;14223
244838874;14224
244855547;14225
244872221;14226
244888895;14227
244905568;14228
244922242;14229
244938915;14230
244955589;14231
244972263;14232
244988936;14233
245005610;14234
245022284;14235
245038957;14236
245055631;14237
245072305;14238
245088978;14239
245105652;14240
245122325;14241
245138999;14242
245155673;14243
245172346;14244
245189020;14245
245205693;14246
245239041;14247
245255714;14248
245272388;14249
245289062;14250
245305735;14251
245322409;14252
245339083;14253
245355756;14254
245372430;14255
245389103;14256
245405777;14257
245422451;14258
245439124;14259
245455798;14260
245472472;14261
245489145;14262
245505819;14263
245522493;14264
245539166;14265
245555840;14266
245572513;14267
245589187;14268
245605861;14269
245622534;14270
245639208;14271
245655882;14272
245672555;14273
245689229;14274
245705902;14275
245739250;14276
245755923;14277
245772597;14278
245789271;14279
245805944;14280
245822618;14281
245839291;14282
245855965;14283
245872639;14284
245889312;14285
245905986;14286
245922660;14287
245939333;14288
245956007;14289
245972680;14290
245989354;14291
246006028;14292
246022701;14293
246039375;14294
246056049;14295
246072722;14296
246089396;14297
246106069;14298
246122743;14299
246139417;14300
246156090;14301
246172764;14302
246189438;14303
246206111;14304
246239459;14305
246256132;14306
246272806;14307
246289480;14308
246306153;14309
246322827;14310
246339500;14311
246356174;14312
246372848;14313
246389521;14314
246406195;14315
246422869;14316
246439542;14317
246456216;14318
246472889;14319
246489563;14320
246506237;14321
246522910;14322
246539584;14323
246556258;14324
246572931;14325
246589605;14326
246606278;14327
246622952;14328
246639626;14329
246656299;14330
246672973;14331
246689647;14332
246706320;14333
246739668;14334
246756341;14335
246773015;14336
246789688;14337
246806362;14338
246823036;14339
246839709;14340
246856383;14341
246873057;14342
246889730;14343
246906404;14344
246923078;14345
246939751;14346
246956425;14347
246973098;14348
246989772;14349
247006446;14350
247023119;14351
247039793;14352
247056467;14353
247073140;14354
247089814;14355
247106487;14356
247123161;14357
247139835;14358
247156508;14359
247173182;14360
247189856;14361
247206529;14362
247239876;14363
247256550;14364
247273224;14365
247289897;14366
247306571;14367
247323245;14368
247339918;14369
247356592;14370
247373266;14371
247389939;14372
247406613;14373
247423287;14374
247439960;14375
247456634;14376
247473307;14377
247489981;14378
247506655;14379
247523328;14380
247540002;14381
247556676;14382
247573349;14383
247590023;14384
247606696;14385
247623370;14386
247640044;14387
247656717;14388
247673391;14389
247690065;14390
247706738;14391
247740085;14392
247756759;14393
247773433;14394
247790106;14395
247806780;14396
247823454;14397
247840127;14398
247856801;14399
247873475;14400
247890148;14401
247906822;14402
247923496;14403
247940169;14404
247956843;14405
247973516;14406
247990190;14407
248006864;14408
248023537;14409
248040211;14410
248056885;14411
248073558;14412
248090232;14413
248106905;14414
248123579;14415
248140253;14416
248156926;14417
248173600;14418
248190274;14419
248206947;14420
248240294;14421
248256968;14422
248273642;14423
248290315;14424
248306989;14425
248323663;14426
248340336;14427
248357010;14428
248373684;14429
248390357;14430
248407031;14431
248423705;14432
248440378;14433
248457052;14434
248473725;14435
248490399;14436
248507073;14437
248523746;14438
248540420;14439
248557094;14440
248573767;14441
248590441;14442
248607114;14443
248623788;14444
248640462;14445
248657135;14446
248673809;14447
248690483;14448
248707156;14449
248740504;14450
248757177;14451
248773851;14452
248790524;14453
248807198;14454
248823872;14455
248840545;14456
248857219;14457
248873893;14458
248890566;14459
248907240;14460
248923914;14461
248940587;14462
248957261;14463
248973934;14464
248990608;14465
249007282;14466
249023955;14467
249040629;14468
249057303;14469
249073976;14470
249090650;14471
249107324;14472
249123997;14473
249140671;14474
249157344;14475
249174018;14476
249190692;14477
249207365;14478
249240713;14479
249257386;14480
249274060;14481
249290734;14482
249307407;14483
249324081;14484
249340754;14485
249357428;14486
249374102;14487
249390775;14488
249407449;14489
249424123;14490
249440796;14491
249457470;14492
249474143;14493
249490817;14494
249507491;14495
249524164;14496
249540838;14497
249557512;14498
249574185;14499
249590859;14500
249607533;14501
249624206;14502
249640880;14503
249657554;14504
249674227;14505
249690901;14506
249707574;14507
249740922;14508
249757595;14509
249774269;14510
249790943;14511
249807616;14512
249824290;14513
249840964;14514
249857637;14515
249874311;14516
249890984;14517
249907658;14518
249924332;14519
249941005;14520
249957679;14521
249974353;14522
249991026;14523
250007700;14524
250024374;14525
250041047;14526
250057721;14527
250074394;14528
250091068;14529
250107742;14530
250124415;14531
250141089;14532
250157763;14533
250174436;14534
250191110;14535
250207784;14536
250241131;14537
250257805;14538
250274478;14539
250291152;14540
250307825;14541
250324499;14542
250341173;14543
250357846;14544
250374520;14545
250391194;14546
250407867;14547
250424541;14548
250441214;14549
250457888;14550
250474562;14551
250491235;14552
250507909;14553
250524583;14554
250541256;14555
250557930;14556
250574604;14557
250591277;14558
250607951;14559
250624624;14560
250641298;14561
250657972;14562
250674645;14563
250691319;14564
250707993;14565
250741340;14566
250758014;14567
250774687;14568
250791361;14569
250808034;14570
250824708;14571
250841382;14572
250858055;14573
250874729;14574
250891403;14575
250908076;14576
250924750;14577
250941424;14578
250958097;14579
250974771;14580
250991444;14581
251008118;14582
251024792;14583
251041465;14584
251058139;14585
251074813;14586
251091486;14587
251108160;14588
251124834;14589
251141507;14590
251158181;14591
251174854;14592
251191528;14593
251208202;14594
251241549;14595
251258223;14596
251274896;14597
251291570;14598
251308244;14599
251324917;14600
251341591;14601
251358265;14602
251374938;14603
251391612;14604
251408285;14605
251424959;14606
251441633;14607
251458306;14608
251474980;14609
251491654;14610
251508327;14611
251525001;14612
251541675;14613
251558348;14614
251575022;14615
251591696;14616
251608369;14617
251625043;14618
251641716;14619
251658390;14620
251675064;14621
251691737;14622
251708411;14623
251741758;14624
251758432;14625
251775106;14626
251791779;14627
251808453;14628
251825126;14629
251841800;14630
251858474;14631
251875147;14632
251891821;14633
251908495;14634
251925168;14635
251941842;14636
251958516;14637
251975189;14638
251991863;14639
252008536;14640
252025210;14641
252041884;14642
252058557;14643
252075231;14644
252091905;14645
252108578;14646
252125252;14647
252141926;14648
252158599;14649
252175273;14650
252191947;14651
252208620;14652
252241967;14653
252258641;14654
252275315;14655
252291988;14656
252308662;14657
252325336;14658
252342009;14659
252358683;14660
252375357;14661
252392030;14662
252408704;14663
252425377;14664
252442051;14665
252458725;14666
252475398;14667
252492072;14668
252508746;14669
252525419;14670
252542093;14671
252558767;14672
252575440;14673
252592114;14674
252608787;14675
252625461;14676
252642135;14677
252658808;14678
252675482;14679
252692156;14680
252708829;14681
252742177;14682
252758850;14683
252775524;14684
252792197;14685
252808871;14686
252825545;14687
252842218;14688
252858892;14689
252875566;14690
252892239;14691
252908913;14692
252925587;14693
252942260;14694
252958934;14695
252975607;14696
252992281;14697
253008955;14698
253025628;14699
253042302;14700
253058976;14701
253075649;14702
253092323;14703
253108997;14704
253125670;14705
253142344;14706
253159018;14707
253175691;14708
253192365;14709
253209039;14710
253242386;14711
253259059;14712
253275733;14713
253292407;14714
253309080;14715
253325754;14716
253342428;14717
253359101;14718
253375775;14719
253392448;14720
253409122;14721
253425796;14722
253442470;14723
253459143;14724
253475817;14725
253492490;14726
253509164;14727
253525838;14728
253542511;14729
253559185;14730
253575859;14731
253592532;14732
253609206;14733
253625879;14734
253642553;14735
253659227;14736
253675900;14737
253692574;14738
253709248;14739
253742595;14740
253759269;14741
253775942;14742
253792616;14743
253809290;14744
253825963;14745
253842637;14746
253859310;14747
253875984;14748
253892658;14749
253909331;14750
253926005;14751
253942679;14752
253959352;14753
253976026;14754
253992700;14755
254009373;14756
254026047;14757
254042720;14758
254059394;14759
254076068;14760
254092741;14761
254109415;14762
254126089;14763
254142762;14764
254159436;14765
254176110;14766
254192783;14767
254209457;14768
254242804;14769
254259478;14770
254276152;14771
254292825;14772
254309499;14773
254326172;14774
254342846;14775
254359520;14776
254376193;14777
254392867;14778
254409541;14779
254426214;14780
254442888;14781
254459561;14782
254476235;14783
254492909;14784
254509582;14785
254526256;14786
254542930;14787
254559603;14788
254576277;14789
254592951;14790
254609624;14791
254626298;14792
254642972;14793
254659645;14794
254676319;14795
254692993;14796
254709666;14797
254743013;14798
254759687;14799
254776361;14800
254793034;14801
254809708;14802
254826382;14803
254843055;14804
254859729;14805
254876403;14806
254893076;14807
254909750;14808
254926423;14809
254943097;14810
254959771;14811
254976444;14812
254993118;14813
255009792;14814
255026465;14815
255043139;14816
255059813;14817
255076486;14818
255093160;14819
255109834;14820
255126507;14821
255143181;14822
255159854;14823
255176528;14824
255193202;14825
255209875;14826
255243223;14827
255259896;14828
255276570;14829
255293244;14830
255309917;14831
255326591;14832
255343265;14833
255359938;14834
255376612;14835
255393285;14836
255409959;14837
255426633;14838
255443306;14839
255459980;14840
255476654;14841
255493327;14842
255510001;14843
255526675;14844
255543348;14845
255560022;14846
255576695;14847
255593369;14848
255610043;14849
255626716;14850
255643390;14851
255660064;14852
255676737;14853
255693411;14854
255710085;14855
255743432;14856
255760105;14857
255776779;14858
255793453;14859
255810126;14860
255826800;14861
255843474;14862
255860147;14863
255876821;14864
255893495;14865
255910168;14866
255926842;14867
255943516;14868
255960189;14869
255976863;14870
255993536;14871
256010210;14872
256026884;14873
256043557;14874
256060231;14875
256076905;14876
256093578;14877
256110252;14878
256126926;14879
256143599;14880
256160273;14881
256176947;14882
256193620;14883
256210294;14884
256243641;14885
256260315;14886
256276988;14887
256293662;14888
256310336;14889
256327009;14890
256343683;14891
256360357;14892
256377030;14893
256393704;14894
256410378;14895
256427051;14896
256443725;14897
256460398;14898
256477072;14899
256493746;14900
256510419;14901
256527093;14902
256543767;14903
256560440;14904
256577114;14905
256593788;14906
256610461;14907
256627135;14908
256643808;14909
256660482;14910
256677156;14911
256693829;14912
256710503;14913
256743850;14914
256760524;14915
256777198;14916
256793871;14917
256810545;14918
256827219;14919
256843892;14920
256860566;14921
256877239;14922
256893913;14923
256910587;14924
256927261;14925
256943934;14926
256960608;14927
256977281;14928
256993955;14929
257010629;14930
257027302;14931
257043976;14932
257060650;14933
257077323;14934
257093997;14935
257110671;14936
257127344;14937
257144018;14938
257160692;14939
257177365;14940
257194039;14941
257210712;14942
257244060;14943
257260733;14944
257277407;14945
257294081;14946
257310754;14947
257327428;14948
257344102;14949
257360775;14950
257377449;14951
257394122;14952
257410796;14953
257427470;14954
257444143;14955
257460817;14956
257477491;14957
257494164;14958
257510838;14959
257527512;14960
257544185;14961
257560859;14962
257577532;14963
257594206;14964
257610880;14965
257627553;14966
257644227;14967
257660901;14968
257677574;14969
257694248;14970
257710922;14971
257744269;14972
257760943;14973
257777616;14974
257794290;14975
257810963;14976
257827637;14977
257844311;14978
257860984;14979
257877658;14980
257894332;14981
257911005;14982
257927679;14983
257944353;14984
257961026;14985
257977700;14986
257994374;14987
258011047;14988
258027721;14989
258044394;14990
258061068;14991
258077742;14992
258094415;14993
258111089;14994
258127763;14995
258144436;14996
258161110;14997
258177784;14998
258194457;14999
258211131;15000
258244478;15001
258261152;15002
258277826;15003
258294499;15004
258311173;15005
258327846;15006
258344520;15007
258361194;15008
258377867;15009
258394541;15010
258411215;15011
258427888;15012
258444562;15013
258461236;15014
258477909;15015
258494583;15016
258511257;15017
258527930;15018
258544604;15019
258561277;15020
258577951;15021
258594625;15022
258611298;15023
258627972;15024
258644646;15025
258661319;15026
258677993;15027
258694667;15028
258711340;15029
258744688;15030
258761361;15031
258778035;15032
258794708;15033
258811382;15034
258828056;15035
258844729;15036
258861403;15037
258878077;15038
258894750;15039
258911424;15040
258928098;15041
258944771;15042
258961445;15043
258978119;15044
258994792;15045
259011466;15046
259028139;15047
259044813;15048
259061487;15049
259078160;15050
259094834;15051
259111508;15052
259128181;15053
259144855;15054
259161529;15055
259178202;15056
259194876;15057
259211549;15058
259244897;15059
259261570;15060
259278244;15061
259294918;15062
259311591;15063
259328265;15064
259344939;15065
259361612;15066
259378286;15067
259394960;15068
259411633;15069
259428307;15070
259444981;15071
259461654;15072
259478328;15073
259495001;15074
259511675;15075
259528349;15076
259545022;15077
259561696;15078
259578370;15079
259595043;15080
259611717;15081
259628391;15082
259645064;15083
259661738;15084
259678412;15085
259695085;15086
259711759;15087
259745106;15088
259761780;15089
259778453;15090
259795127;15091
259811801;15092
259828474;15093
259845148;15094
259861822;15095
259878495;15096
259895169;15097
259911843;15098
259928516;15099
259945190;15100
259961863;15101
259978537;15102
259995211;15103
260011884;15104
260028558;15105
260045232;15106
260061905;15107
260078579;15108
260095253;15109
260111926;15110
260128600;15111
260145273;15112
260161947;15113
260178621;15114
260195294;15115
260211968;15116
260245315;15117
260261989;15118
260278663;15119
260295336;15120
260312010;15121
260328684;15122
260345357;15123
260362031;15124
260378705;15125
260395378;15126
260412052;15127
260428725;15128
260445399;15129
260462073;15130
260478746;15131
260495420;15132
260512094;15133
260528767;15134
260545441;15135
260562115;15136
260578788;15137
260595462;15138
260612136;15139
260628809;15140
260645483;15141
260662157;15142
260678830;15143
260695504;15144
260712177;15145
260745525;15146
260762198;15147
260778872;15148
260795546;15149
260812219;15150
260828893;15151
260845567;15152
260862240;15153
260878914;15154
260895587;15155
260912261;15156
260928935;15157
260945608;15158
260962282;15159
260978956;15160
260995629;15161
261012303;15162
261028977;15163
261045650;15164
261062324;15165
261078998;15166
261095671;15167
261112345;15168
261129018;15169
261145692;15170
261162366;15171
261179039;15172
261195713;15173
261212387;15174
261245734;15175
261262408;15176
261279081;15177
261295755;15178
261312429;15179
261329102;15180
261345776;15181
261362449;15182
261379123;15183
261395797;15184
261412470;15185
261429144;15186
261445818;15187
261462491;15188
261479165;15189
261495839;15190
261512512;15191
261529186;15192
261545859;15193
261562533;15194
261579207;15195
261595880;15196
261612554;15197
261629228;15198
261645901;15199
261662575;15200
261679249;15201
261695922;15202
-1;-1
-1;-1
-1;-1
-1;-1
-1;-1
-1;-1
-1;-1
-1;-1
-1;-1
-1;-1
-1;-1
-1;-1
-1;-1
-1;-1
-1;-1
-1;-1
-1;-1
-1;-1
-1;-1
-1;-1
-1;-1
-1;-1
-1;-1
-1;-1
-1;-1
-1;-1
-1;-1
-1;-1
-1;-1
-1;-1
-1;-1
-1;-1
-1;-1
-1;-1
-1;-1
-1;-1
-1;-1
-1;-1
-1;-1
-1;-1
-1;-1
-1;-1
-1;-1
-1;-1
-1;-1
-1;-1
-1;-1
-1;-1
-1;-1
-1;-1
-1;-1
-1;-1
-1;-1
-1;-1
-1;-1
-1;-1
-1;-1
-1;-1
-1;-1
-1;-1
-1;-1
-1;-1
-1;-1
-1;-1
-1;-1
-1;-1
-1;-1
-1;-1
-1;-1
-1;-1
-1;-1
-1;-1
-1;-1
-1;-1
-1;-1
-1;-1
-1;-1
-1;-1
-1;-1
-1;-1
-1;-1
-1;-1
-1;-1
-1;-1
-1;-1
-1;-1
-1;-1
-1;-1
-1;-1
-1;-1
-1;-1
-1;-1
-1;-1
-1;-1
-1;-1
-1;-1
-1;-1
-1;-1
-1;-1
-1;-1
-1;-1
-1;-1
-1;-1
