210674622;12244
210691296;12245
210707970;12246
210724643;12247
210741317;12248
210757991;12249
210774664;12250
210791338;12251
210808012;12252
210824685;12253
210841359;12254
210874706;12255
210891380;12256
210908054;12257
210924727;12258
210941401;12259
210958074;12260
210974748;12261
210991422;12262
211008095;12263
211024769;12264
211041443;12265
211058116;12266
211074790;12267
211091464;12268
211108137;12269
211124811;12270
211141485;12271
211158158;12272
211174832;12273
211191506;12274
211208179;12275
211224853;12276
211241526;12277
211258200;12278
211274874;12279
211291547;12280
211308221;12281
211324895;12282
211341568;12283
211374916;12284
211391589;12285
211408263;12286
211424937;12287
211441610;12288
211458284;12289
211474958;12290
211491631;12291
211508305;12292
211524978;12293
211541652;12294
211558326;12295
211574999;12296
211591673;12297
211608347;12298
211625020;12299
211641694;12300
211658368;12301
211675041;12302
211691715;12303
211708389;12304
211725062;12305
211741736;12306
211758409;12307
211775083;12308
211791757;12309
211808430;12310
211825104;12311
211841778;12312
211875125;12313
211891799;12314
211908472;12315
211925146;12316
211941820;12317
211958493;12318
211975167;12319
211991841;12320
212008514;12321
212025188;12322
212041861;12323
212058535;12324
212075209;12325
212091882;12326
212108556;12327
212125230;12328
212141903;12329
212158577;12330
212175251;12331
212191924;12332
212208598;12333
212225272;12334
212241945;12335
212258619;12336
212275293;12337
212291966;12338
212308640;12339
212325313;12340
212341987;12341
212375334;12342
212392008;12343
212408682;12344
212425355;12345
212442029;12346
212458703;12347
212475376;12348
212492050;12349
212508723;12350
212525397;12351
212542071;12352
212558744;12353
212575418;12354
212592092;12355
212608765;12356
212625439;12357
212642113;12358
212658786;12359
212675460;12360
212692134;12361
212708807;12362
212725481;12363
212742155;12364
212758828;12365
212775502;12366
212792175;12367
212808849;12368
212825523;12369
212842196;12370
212875544;12371
212892217;12372
212908891;12373
212925565;12374
212942238;12375
212958912;12376
212975586;12377
212992259;12378
213008933;12379
213025607;12380
213042280;12381
213058954;12382
213075627;12383
213092301;12384
213108975;12385
213125648;12386
213142322;12387
213158996;12388
213175669;12389
213192343;12390
213209017;12391
213225690;12392
213242364;12393
213259037;12394
213275711;12395
213292385;12396
213309058;12397
213325732;12398
213342406;12399
213375753;12400
213392427;12401
213409100;12402
213425774;12403
213442448;12404
213459121;12405
213475795;12406
213492469;12407
213509142;12408
213525816;12409
213542489;12410
213559163;12411
213575837;12412
213592510;12413
213609184;12414
213625858;12415
213642531;12416
213659205;12417
213675879;12418
213692552;12419
213709226;12420
213725900;12421
213742573;12422
213759247;12423
213775920;12424
213792594;12425
213809268;12426
213825941;12427
213842615;12428
213875962;12429
213892636;12430
213909310;12431
213925983;12432
213942657;12433
213959331;12434
213976004;12435
213992678;12436
214009351;12437
214026025;12438
214042699;12439
214059372;12440
214076046;12441
214092720;12442
214109393;12443
214126067;12444
214142741;12445
214159414;12446
214176088;12447
214192761;12448
214209435;12449
214226109;12450
214242782;12451
214259456;12452
214276130;12453
214292803;12454
214309477;12455
214326151;12456
214342824;12457
214376171;12458
214392845;12459
214409519;12460
214426192;12461
214442866;12462
214459540;12463
214476213;12464
214492887;12465
214509561;12466
214526234;12467
214542908;12468
214559582;12469
214576255;12470
214592929;12471
214609602;12472
214626276;12473
214642950;12474
214659623;12475
214676297;12476
214692971;12477
214709644;12478
214726318;12479
214742992;12480
214759665;12481
214776339;12482
214793013;12483
214809686;12484
214826360;12485
214843033;12486
214876381;12487
214893054;12488
214909728;12489
214926402;12490
214943075;12491
214959749;12492
214976423;12493
214993096;12494
215009770;12495
215026444;12496
215043117;12497
215059791;12498
215076464;12499
215093138;12500
215109812;12501
215126485;12502
215143159;12503
215159833;12504
215176506;12505
215193180;12506
215209854;12507
215226527;12508
215243201;12509
215259875;12510
215276548;12511
215293222;12512
215309895;12513
215326569;12514
215343243;12515
215376590;12516
215393264;12517
215409937;12518
215426611;12519
215443285;12520
215459958;12521
215476632;12522
215493305;12523
215509979;12524
215526653;12525
215543326;12526
215560000;12527
215576674;12528
215593347;12529
215610021;12530
215626695;12531
215643368;12532
215660042;12533
215676716;12534
215693389;12535
215710063;12536
215726736;12537
215743410;12538
215760084;12539
215776757;12540
215793431;12541
215810105;12542
215826778;12543
215843452;12544
215876799;12545
215893473;12546
215910146;12547
215926820;12548
215943494;12549
215960167;12550
215976841;12551
215993515;12552
216010188;12553
216026862;12554
216043536;12555
216060209;12556
216076883;12557
216093556;12558
216110230;12559
216126904;12560
216143577;12561
216160251;12562
216176925;12563
216193598;12564
216210272;12565
216226946;12566
216243619;12567
216260293;12568
216276966;12569
216293640;12570
216310314;12571
216326987;12572
216343661;12573
216377008;12574
216393682;12575
216410356;12576
216427029;12577
216443703;12578
216460377;12579
216477050;12580
216493724;12581
216510398;12582
216527071;12583
216543745;12584
216560418;12585
216577092;12586
216593766;12587
216610439;12588
216627113;12589
216643787;12590
216660460;12591
216677134;12592
216693807;12593
216710481;12594
216727155;12595
216743828;12596
216760502;12597
216777176;12598
216793849;12599
216810523;12600
216827197;12601
216843870;12602
216877218;12603
216893891;12604
216910565;12605
216927238;12606
216943912;12607
216960586;12608
216977259;12609
216993933;12610
217010607;12611
217027280;12612
217043954;12613
217060628;12614
217077301;12615
217093975;12616
217110648;12617
217127322;12618
217143996;12619
217160669;12620
217177343;12621
217194017;12622
217210690;12623
217227364;12624
217244038;12625
217260711;12626
217277385;12627
217294059;12628
217310732;12629
217327406;12630
217344079;12631
217377427;12632
217394100;12633
217410774;12634
217427448;12635
217444121;12636
217460795;12637
217477469;12638
217494142;12639
217510816;12640
217527489;12641
217544163;12642
217560837;12643
217577510;12644
217594184;12645
217610858;12646
217627531;12647
217644205;12648
217660879;12649
217677552;12650
217694226;12651
217710899;12652
217727573;12653
217744247;12654
217760920;12655
217777594;12656
217794268;12657
217810941;12658
217827615;12659
217844289;12660
217877636;12661
217894309;12662
217910983;12663
217927657;12664
217944330;12665
217961004;12666
217977678;12667
217994351;12668
218011025;12669
218027698;12670
218044372;12671
218061046;12672
218077719;12673
218094393;12674
218111067;12675
218127740;12676
218144414;12677
218161088;12678
218177761;12679
218194435;12680
218211109;12681
218227782;12682
218244456;12683
218261130;12684
218277803;12685
218294477;12686
218311150;12687
218327824;12688
218344498;12689
218377845;12690
218394518;12691
218411192;12692
218427866;12693
218444539;12694
218461213;12695
218477887;12696
218494560;12697
218511234;12698
218527908;12699
218544581;12700
218561255;12701
218577929;12702
218594602;12703
218611276;12704
218627950;12705
218644623;12706
218661297;12707
218677970;12708
218694644;12709
218711318;12710
218727991;12711
218744665;12712
218761338;12713
218778012;12714
218794686;12715
218811359;12716
218828033;12717
218844707;12718
218878054;12719
218894728;12720
218911401;12721
218928075;12722
218944749;12723
218961422;12724
218978096;12725
218994769;12726
219011443;12727
219028117;12728
219044790;12729
219061464;12730
219078138;12731
219094811;12732
219111485;12733
219128159;12734
219144832;12735
219161506;12736
219178179;12737
219194853;12738
219211527;12739
219228200;12740
219244874;12741
219261548;12742
219278221;12743
219294895;12744
219311568;12745
219328242;12746
219344916;12747
219378263;12748
219394937;12749
219411610;12750
219428284;12751
219444958;12752
219461631;12753
219478305;12754
219494979;12755
219511652;12756
219528326;12757
219544999;12758
219561673;12759
219578347;12760
219595020;12761
219611694;12762
219628368;12763
219645041;12764
219661715;12765
219678389;12766
219695062;12767
219711736;12768
219728409;12769
219745083;12770
219761757;12771
219778430;12772
219795104;12773
219811778;12774
219828451;12775
219845125;12776
219878472;12777
219895146;12778
219911819;12779
219928493;12780
219945167;12781
219961840;12782
219978514;12783
219995188;12784
220011861;12785
220028535;12786
220045208;12787
220061882;12788
220078556;12789
220095229;12790
220111903;12791
220128577;12792
220145250;12793
220161924;12794
220178597;12795
220195271;12796
220211945;12797
220228618;12798
220245292;12799
220261966;12800
220278639;12801
220295313;12802
220311987;12803
220328660;12804
220345334;12805
220378681;12806
220395355;12807
220412028;12808
220428702;12809
220445376;12810
220462049;12811
220478723;12812
220495397;12813
220512070;12814
220528744;12815
220545418;12816
220562091;12817
220578765;12818
220595438;12819
220612112;12820
220628786;12821
220645459;12822
220662133;12823
220678807;12824
220695480;12825
220712154;12826
220728827;12827
220745501;12828
220762175;12829
220778848;12830
220795522;12831
220812196;12832
220828869;12833
220845543;12834
220878890;12835
220895564;12836
220912237;12837
220928911;12838
220945585;12839
220962258;12840
220978932;12841
220995606;12842
221012279;12843
221028953;12844
221045626;12845
221062300;12846
221078974;12847
221095647;12848
221112321;12849
221128995;12850
221145668;12851
221162342;12852
221179016;12853
221195689;12854
221212363;12855
221229036;12856
221245710;12857
221262384;12858
221279057;12859
221295731;12860
221312405;12861
221329078;12862
221345752;12863
221379099;12864
221395773;12865
221412446;12866
221429120;12867
221445794;12868
221462467;12869
221479141;12870
221495815;12871
221512488;12872
221529162;12873
221545836;12874
221562509;12875
221579183;12876
221595856;12877
221612530;12878
221629204;12879
221645877;12880
221662551;12881
221679225;12882
221695898;12883
221712572;12884
221729245;12885
221745919;12886
221762593;12887
221779266;12888
221795940;12889
221812614;12890
221829287;12891
221845961;12892
221879308;12893
221895982;12894
221912655;12895
221929329;12896
221946003;12897
221962676;12898
221979350;12899
221996024;12900
222012697;12901
222029371;12902
222046044;12903
222062718;12904
222079392;12905
222096065;12906
222112739;12907
222129413;12908
222146086;12909
222162760;12910
222179434;12911
222196107;12912
222212781;12913
222229454;12914
222246128;12915
222262802;12916
222279475;12917
222296149;12918
222312823;12919
222329496;12920
222346170;12921
222379517;12922
222396191;12923
222412864;12924
222429538;12925
222446212;12926
222462885;12927
222479559;12928
222496232;12929
222512906;12930
222529580;12931
222546253;12932
222562927;12933
222579601;12934
222596274;12935
222612948;12936
222629622;12937
222646295;12938
222662969;12939
222679642;12940
222696316;12941
222712990;12942
222729663;12943
222746337;12944
222763011;12945
222779684;12946
222796358;12947
222813031;12948
222829705;12949
222846379;12950
222879726;12951
222896400;12952
222913073;12953
222929747;12954
222946421;12955
222963094;12956
222979768;12957
222996441;12958
223013115;12959
223029789;12960
223046462;12961
223063136;12962
223079810;12963
223096483;12964
223113157;12965
223129830;12966
223146504;12967
223163178;12968
223179851;12969
223196525;12970
223213199;12971
223229872;12972
223246546;12973
223263219;12974
223279893;12975
223296567;12976
223313240;12977
223329914;12978
223346588;12979
223379935;12980
223396609;12981
223413282;12982
223429956;12983
223446629;12984
223463303;12985
223479977;12986
223496650;12987
223513324;12988
223529998;12989
223546671;12990
223563345;12991
223580019;12992
223596692;12993
223613366;12994
223630039;12995
223646713;12996
223663387;12997
223680060;12998
223696734;12999
223713408;13000
223730081;13001
223746755;13002
223763429;13003
223780102;13004
223796776;13005
223813449;13006
223830123;13007
223846797;13008
223880144;13009
223896818;13010
223913491;13011
223930165;13012
223946838;13013
223963512;13014
223980186;13015
223996859;13016
224013533;13017
224030206;13018
224046880;13019
224063554;13020
224080227;13021
224096901;13022
224113575;13023
224130248;13024
224146922;13025
224163596;13026
224180269;13027
224196943;13028
224213616;13029
224230290;13030
224246964;13031
224263637;13032
224280311;13033
224296985;13034
224313658;13035
224330332;13036
224347006;13037
224380353;13038
224397026;13039
224413700;13040
224430374;13041
224447047;13042
224463721;13043
224480395;13044
224497068;13045
224513742;13046
224530415;13047
224547089;13048
224563763;13049
224580436;13050
224597110;13051
224613784;13052
224630457;13053
224647131;13054
224663804;13055
224680478;13056
224697152;13057
224713825;13058
224730499;13059
224747173;13060
224763846;13061
224780520;13062
224797194;13063
224813867;13064
224830541;13065
224847214;13066
224880562;13067
224897235;13068
224913909;13069
224930582;13070
224947256;13071
224963930;13072
224980603;13073
224997277;13074
225013951;13075
225030624;13076
225047298;13077
225063972;13078
225080645;13079
225097319;13080
225113992;13081
225130666;13082
225147340;13083
225164013;13084
225180687;13085
225197361;13086
225214034;13087
225230708;13088
225247382;13089
225264055;13090
225280729;13091
225297402;13092
225314076;13093
225330750;13094
225347423;13095
225380771;13096
225397444;13097
225414118;13098
225430791;13099
225447465;13100
225464139;13101
225480812;13102
225497486;13103
225514160;13104
225530833;13105
225547507;13106
225564180;13107
225580854;13108
225597528;13109
225614201;13110
225630875;13111
225647549;13112
225664222;13113
225680896;13114
225697570;13115
225714243;13116
225730917;13117
225747590;13118
225764264;13119
225780938;13120
225797611;13121
225814285;13122
225830959;13123
225847632;13124
225880979;13125
225897653;13126
225914327;13127
225931000;13128
225947674;13129
225964348;13130
225981021;13131
225997695;13132
226014368;13133
226031042;13134
226047716;13135
226064389;13136
226081063;13137
226097736;13138
226114410;13139
226131084;13140
226147757;13141
226164431;13142
226181105;13143
226197778;13144
226214452;13145
226231126;13146
226247799;13147
226264473;13148
226281147;13149
226297820;13150
226314494;13151
226331167;13152
226347841;13153
226381188;13154
226397862;13155
226414535;13156
226431209;13157
226447883;13158
226464556;13159
226481230;13160
226497904;13161
226514577;13162
226531251;13163
226547925;13164
226564598;13165
226581272;13166
226597945;13167
226614619;13168
226631293;13169
226647966;13170
226664640;13171
226681314;13172
226697987;13173
226714661;13174
226731334;13175
226748008;13176
226764682;13177
226781355;13178
226798029;13179
226814703;13180
226831376;13181
226848050;13182
226881397;13183
226898071;13184
226914744;13185
226931418;13186
226948092;13187
226964765;13188
226981439;13189
226998112;13190
227014786;13191
227031460;13192
227048133;13193
227064807;13194
227081481;13195
227098154;13196
227114828;13197
227131502;13198
227148175;13199
227164849;13200
227181522;13201
227198196;13202
227214870;13203
227231543;13204
227248217;13205
227264890;13206
227281564;13207
227298238;13208
227314911;13209
227331585;13210
227348259;13211
227381606;13212
227398279;13213
227414953;13214
227431627;13215
227448300;13216
227464974;13217
227481648;13218
227498321;13219
227514995;13220
227531669;13221
227548342;13222
227565016;13223
227581689;13224
227598363;13225
227615037;13226
227631710;13227
227648384;13228
227665058;13229
227681731;13230
227698405;13231
227715078;13232
227731752;13233
227748426;13234
227765099;13235
227781773;13236
227798447;13237
227815120;13238
227831794;13239
227848468;13240
227881815;13241
227898488;13242
227915162;13243
227931836;13244
227948509;13245
227965183;13246
227981856;13247
227998530;13248
228015204;13249
228031877;13250
228048551;13251
228065225;13252
228081898;13253
228098572;13254
228115245;13255
228131919;13256
228148593;13257
228165266;13258
228181940;13259
228198614;13260
228215287;13261
228231961;13262
228248635;13263
228265308;13264
228281982;13265
228298655;13266
228315329;13267
228332003;13268
228348676;13269
228382024;13270
228398697;13271
228415371;13272
228432044;13273
228448718;13274
228465392;13275
228482065;13276
228498739;13277
228515413;13278
228532086;13279
228548760;13280
228565433;13281
228582107;13282
228598781;13283
228615454;13284
228632128;13285
228648801;13286
228665475;13287
228682149;13288
228698822;13289
228715496;13290
228732170;13291
228748843;13292
228765517;13293
228782190;13294
228798864;13295
228815538;13296
228832211;13297
228848885;13298
228882232;13299
228898906;13300
228915580;13301
228932253;13302
228948927;13303
228965600;13304
228982274;13305
228998948;13306
229015621;13307
229032295;13308
229048969;13309
229065642;13310
229082316;13311
229098989;13312
229115663;13313
229132337;13314
229149010;13315
229165684;13316
229182358;13317
229199031;13318
229215705;13319
229232378;13320
229249052;13321
229265726;13322
229282399;13323
229299073;13324
229315746;13325
229332420;13326
229349094;13327
229382441;13328
229399115;13329
229415788;13330
229432462;13331
229449136;13332
229465809;13333
229482483;13334
229499156;13335
229515830;13336
229532504;13337
229549177;13338
229565851;13339
229582525;13340
229599198;13341
229615872;13342
229632546;13343
229649219;13344
229665893;13345
229682566;13346
229699240;13347
229715914;13348
229732587;13349
229749261;13350
229765934;13351
229782608;13352
229799282;13353
229815955;13354
229832629;13355
229849303;13356
229882650;13357
229899324;13358
229915997;13359
229932671;13360
229949344;13361
229966018;13362
229982692;13363
229999365;13364
230016039;13365
230032712;13366
230049386;13367
230066060;13368
230082733;13369
230099407;13370
230116081;13371
230132754;13372
230149428;13373
230166101;13374
230182775;13375
230199449;13376
230216122;13377
230232796;13378
230249470;13379
230266143;13380
230282817;13381
230299490;13382
230316164;13383
230332838;13384
230349511;13385
230382859;13386
230399532;13387
230416206;13388
230432880;13389
230449553;13390
230466227;13391
230482900;13392
230499574;13393
230516248;13394
230532921;13395
230549595;13396
230566269;13397
230582942;13398
230599616;13399
230616289;13400
230632963;13401
230649637;13402
230666310;13403
230682984;13404
230699658;13405
230716331;13406
230733005;13407
230749678;13408
230766352;13409
230783026;13410
230799699;13411
230816373;13412
230833046;13413
230849720;13414
230883067;13415
230899741;13416
230916415;13417
230933088;13418
230949762;13419
230966435;13420
230983109;13421
230999783;13422
231016456;13423
231033130;13424
231049804;13425
231066477;13426
231083151;13427
231099824;13428
231116498;13429
231133172;13430
231149845;13431
231166519;13432
231183193;13433
231199866;13434
231216540;13435
231233214;13436
231249887;13437
231266561;13438
231283234;13439
231299908;13440
231316582;13441
231333255;13442
231349929;13443
231383276;13444
231399950;13445
231416623;13446
231433297;13447
231449971;13448
231466644;13449
231483318;13450
231499992;13451
231516665;13452
231533339;13453
231550012;13454
231566686;13455
231583360;13456
231600033;13457
231616707;13458
231633381;13459
231650054;13460
231666728;13461
231683401;13462
231700075;13463
231716749;13464
231733422;13465
231750096;13466
231766770;13467
231783443;13468
231800117;13469
231816790;13470
231833464;13471
231850138;13472
231883485;13473
231900159;13474
231916832;13475
231933506;13476
231950179;13477
231966853;13478
231983527;13479
232000200;13480
232016874;13481
232033548;13482
232050221;13483
232066895;13484
232083568;13485
232100242;13486
232116916;13487
232133589;13488
232150263;13489
232166937;13490
232183610;13491
232200284;13492
232216957;13493
232233631;13494
232250305;13495
232266978;13496
232283652;13497
232300326;13498
232316999;13499
232333673;13500
232350346;13501
232383694;13502
232400367;13503
232417041;13504
232433715;13505
232450388;13506
232467062;13507
232483735;13508
232500409;13509
232517083;13510
232533756;13511
232550430;13512
232567104;13513
232583777;13514
232600451;13515
232617124;13516
232633798;13517
232650472;13518
232667145;13519
232683819;13520
232700493;13521
232717166;13522
232733840;13523
232750514;13524
232767187;13525
232783861;13526
232800534;13527
232817208;13528
232833882;13529
232850555;13530
232883902;13531
232900576;13532
232917250;13533
232933923;13534
232950597;13535
232967271;13536
232983944;13537
233000618;13538
233017292;13539
233033965;13540
233050639;13541
233067312;13542
233083986;13543
233100660;13544
233117333;13545
233134007;13546
233150681;13547
233167354;13548
233184028;13549
233200701;13550
233217375;13551
233234049;13552
233250722;13553
233267396;13554
233284069;13555
233300743;13556
233317417;13557
233334090;13558
233350764;13559
233384111;13560
233400785;13561
233417458;13562
233434132;13563
233450806;13564
233467479;13565
233484153;13566
233500827;13567
233517500;13568
233534174;13569
233550848;13570
233567521;13571
233584195;13572
233600868;13573
233617542;13574
233634216;13575
233650889;13576
233667563;13577
233684236;13578
233700910;13579
233717584;13580
233734257;13581
233750931;13582
233767605;13583
233784278;13584
233800952;13585
233817626;13586
233834299;13587
233850973;13588
233884320;13589
233900994;13590
233917667;13591
233934341;13592
233951015;13593
233967688;13594
233984362;13595
234001035;13596
234017709;13597
234034383;13598
234051056;13599
234067730;13600
234084404;13601
234101077;13602
234117751;13603
234134424;13604
234151098;13605
234167772;13606
234184445;13607
234201119;13608
234217793;13609
234234466;13610
234251140;13611
234267813;13612
234284487;13613
234301161;13614
234317834;13615
234334508;13616
234351182;13617
234384529;13618
234401203;13619
234417876;13620
234434550;13621
234451223;13622
234467897;13623
234484571;13624
234501244;13625
234517918;13626
234534591;13627
234551265;13628
234567939;13629
234584612;13630
234601286;13631
234617960;13632
234634633;13633
234651307;13634
234667980;13635
234684654;13636
234701328;13637
234718001;13638
234734675;13639
234751349;13640
234768022;13641
234784696;13642
234801369;13643
234818043;13644
234834717;13645
234851390;13646
234884738;13647
234901411;13648
234918085;13649
234934759;13650
234951432;13651
234968106;13652
234984779;13653
235001453;13654
235018127;13655
235034800;13656
235051474;13657
235068147;13658
235084821;13659
235101495;13660
235118168;13661
235134842;13662
235151516;13663
235168189;13664
235184863;13665
235201537;13666
235218210;13667
235234884;13668
235251557;13669
235268231;13670
235284905;13671
235301578;13672
235318252;13673
235334926;13674
235351599;13675
235384946;13676
235401620;13677
235418294;13678
235434967;13679
235451641;13680
235468315;13681
235484988;13682
235501662;13683
235518335;13684
235535009;13685
235551683;13686
235568356;13687
235585030;13688
235601704;13689
235618377;13690
235635051;13691
235651724;13692
235668398;13693
235685072;13694
235701745;13695
235718419;13696
235735093;13697
235751766;13698
235768440;13699
235785113;13700
235801787;13701
235818461;13702
235835134;13703
235851808;13704
235885155;13705
235901829;13706
235918502;13707
235935176;13708
235951850;13709
235968523;13710
235985197;13711
236001871;13712
236018544;13713
236035218;13714
236051891;13715
236068565;13716
236085239;13717
236101912;13718
236118586;13719
236135260;13720
236151933;13721
236168607;13722
236185280;13723
236201954;13724
236218628;13725
236235301;13726
236251975;13727
236268649;13728
236285322;13729
236301996;13730
236318669;13731
236335343;13732
236352017;13733
236385364;13734
236402038;13735
236418711;13736
236435385;13737
236452058;13738
236468732;13739
236485406;13740
236502079;13741
236518753;13742
236535427;13743
236552100;13744
236568774;13745
236585447;13746
236602121;13747
236618795;13748
236635468;13749
236652142;13750
236668816;13751
236685489;13752
236702163;13753
236718836;13754
236735510;13755
236752184;13756
236768857;13757
236785531;13758
236802205;13759
236818878;13760
236835552;13761
236852225;13762
236885573;13763
236902246;13764
236918920;13765
236935593;13766
236952267;13767
236968941;13768
236985614;13769
237002288;13770
237018962;13771
237035635;13772
237052309;13773
237068983;13774
237085656;13775
237102330;13776
237119003;13777
237135677;13778
237152351;13779
237169024;13780
237185698;13781
237202372;13782
237219045;13783
237235719;13784
237252392;13785
237269066;13786
237285740;13787
237302413;13788
237319087;13789
237335760;13790
237352434;13791
237385781;13792
237402455;13793
237419129;13794
237435802;13795
237452476;13796
237469149;13797
237485823;13798
237502497;13799
237519170;13800
237535844;13801
237552518;13802
237569191;13803
237585865;13804
237602538;13805
237619212;13806
237635886;13807
237652559;13808
237669233;13809
237685907;13810
237702580;13811
237719254;13812
237735928;13813
237752601;13814
237769275;13815
237785948;13816
237802622;13817
237819296;13818
237835969;13819
237852643;13820
237885990;13821
237902664;13822
237919337;13823
237936011;13824
237952685;13825
237969358;13826
237986032;13827
238002705;13828
238019379;13829
238036053;13830
238052726;13831
238069400;13832
238086074;13833
238102747;13834
238119421;13835
238136094;13836
238152768;13837
238169442;13838
238186115;13839
238202789;13840
238219463;13841
238236136;13842
238252810;13843
238269483;13844
238286157;13845
238302831;13846
238319504;13847
238336178;13848
238352852;13849
238386199;13850
238402873;13851
238419546;13852
238436220;13853
238452893;13854
238469567;13855
238486241;13856
238502914;13857
238519588;13858
238536262;13859
238552935;13860
238569609;13861
238586282;13862
238602956;13863
238619630;13864
238636303;13865
238652977;13866
238669650;13867
238686324;13868
238702998;13869
238719671;13870
238736345;13871
238753019;13872
238769692;13873
238786366;13874
238803039;13875
238819713;13876
238836387;13877
238853060;13878
238886408;13879
238903081;13880
238919755;13881
238936429;13882
238953102;13883
238969776;13884
238986449;13885
239003123;13886
239019797;13887
239036470;13888
239053144;13889
239069817;13890
239086491;13891
239103165;13892
239119838;13893
239136512;13894
239153186;13895
239169859;13896
239186533;13897
239203206;13898
239219880;13899
239236554;13900
239253227;13901
239269901;13902
239286575;13903
239303248;13904
239319922;13905
239336596;13906
239353269;13907
239386616;13908
239403290;13909
239419964;13910
239436637;13911
239453311;13912
239469985;13913
239486658;13914
239503332;13915
239520005;13916
239536679;13917
239553353;13918
239570026;13919
239586700;13920
239603374;13921
239620047;13922
239636721;13923
239653394;13924
239670068;13925
239686742;13926
239703415;13927
239720089;13928
239736762;13929
239753436;13930
239770110;13931
239786783;13932
239803457;13933
239820131;13934
239836804;13935
239853478;13936
239886825;13937
239903499;13938
239920172;13939
239936846;13940
239953520;13941
239970193;13942
239986867;13943
240003541;13944
240020214;13945
240036888;13946
240053561;13947
240070235;13948
240086909;13949
240103582;13950
240120256;13951
240136930;13952
240153603;13953
240170277;13954
240186950;13955
240203624;13956
240220298;13957
240236971;13958
240253645;13959
240270319;13960
240286992;13961
240303666;13962
240320339;13963
240337013;13964
240353687;13965
240387034;13966
240403708;13967
240420381;13968
240437055;13969
240453729;13970
240470402;13971
240487076;13972
240503749;13973
240520423;13974
240537097;13975
240553770;13976
240570444;13977
240587118;13978
240603791;13979
240620465;13980
240637138;13981
240653812;13982
240670486;13983
240687159;13984
240703833;13985
240720507;13986
240737180;13987
240753854;13988
240770527;13989
240787201;13990
240803875;13991
240820548;13992
240837222;13993
240853896;13994
240887243;13995
240903916;13996
240920590;13997
240937264;13998
240953937;13999
240970611;14000
240987285;14001
241003958;14002
241020632;14003
241037305;14004
241053979;14005
241070653;14006
241087326;14007
241104000;14008
241120674;14009
241137347;14010
241154021;14011
241170694;14012
241187368;14013
241204042;14014
241220715;14015
241237389;14016
241254063;14017
241270736;14018
241287410;14019
241304084;14020
241320757;14021
241337431;14022
241354104;14023
241387452;14024
241404125;14025
241420799;14026
241437473;14027
241454146;14028
241470820;14029
241487493;14030
241504167;14031
241520841;14032
241537514;14033
241554188;14034
241570862;14035
241587535;14036
241604209;14037
241620882;14038
241637556;14039
241654230;14040
241670903;14041
241687577;14042
241704251;14043
241720924;14044
241737598;14045
241754271;14046
241770945;14047
241787619;14048
241804292;14049
241820966;14050
241837640;14051
241854313;14052
241887660;14053
241904334;14054
241921008;14055
241937681;14056
241954355;14057
241971029;14058
241987702;14059
242004376;14060
242021049;14061
242037723;14062
242054397;14063
242071070;14064
242087744;14065
242104418;14066
242121091;14067
242137765;14068
242154438;14069
242171112;14070
242187786;14071
242204459;14072
242221133;14073
242237807;14074
242254480;14075
242271154;14076
242287828;14077
242304501;14078
242321175;14079
242337848;14080
242354522;14081
242387869;14082
242404543;14083
242421217;14084
242437890;14085
242454564;14086
242471238;14087
242487911;14088
242504585;14089
242521258;14090
242537932;14091
242554606;14092
242571279;14093
242587953;14094
242604626;14095
242621300;14096
242637974;14097
242654647;14098
242671321;14099
242687995;14100
242704668;14101
242721342;14102
242738016;14103
242754689;14104
242771363;14105
242788036;14106
242804710;14107
242821384;14108
242838057;14109
242854731;14110
242888078;14111
242904752;14112
242921425;14113
242938099;14114
242954773;14115
242971446;14116
242988120;14117
243004794;14118
243021467;14119
243038141;14120
243054815;14121
243071488;14122
243088162;14123
243104835;14124
243121509;14125
243138183;14126
243154856;14127
243171530;14128
243188204;14129
243204877;14130
243221551;14131
243238224;14132
243254898;14133
243271572;14134
243288245;14135
243304919;14136
243321593;14137
243338266;14138
243354940;14139
243388287;14140
243404961;14141
243421634;14142
243438308;14143
243454982;14144
243471655;14145
243488329;14146
243505003;14147
243521676;14148
243538350;14149
243555023;14150
243571697;14151
243588371;14152
243605044;14153
243621718;14154
243638392;14155
243655065;14156
243671739;14157
243688412;14158
243705086;14159
243721760;14160
243738433;14161
243755107;14162
243771781;14163
243788454;14164
243805128;14165
243821802;14166
243838475;14167
243855149;14168
243888496;14169
243905170;14170
243921843;14171
243938517;14172
243955191;14173
243971864;14174
243988538;14175
244005211;14176
244021885;14177
244038559;14178
244055232;14179
244071906;14180
244088580;14181
244105253;14182
244121927;14183
244138601;14184
244155274;14185
244171948;14186
244188621;14187
244205295;14188
244221969;14189
244238642;14190
244255316;14191
244271990;14192
244288663;14193
244305337;14194
244322011;14195
244338684;14196
244355358;14197
244388705;14198
244405379;14199
244422052;14200
244438726;14201
244455400;14202
244472073;14203
244488747;14204
244505420;14205
244522094;14206
244538768;14207
244555441;14208
244572115;14209
244588789;14210
244605462;14211
244622136;14212
244638809;14213
244655483;14214
244672157;14215
244688830;14216
244705504;14217
244722178;14218
244738851;14219
244755525;14220
244772199;14221
244788872;14222
244805546;14223
244822220;14224
244838893;14225
244855567;14226
244888914;14227
244905588;14228
244922261;14229
244938935;14230
244955609;14231
244972282;14232
244988956;14233
245005629;14234
245022303;14235
245038977;14236
245055650;14237
245072324;14238
245088998;14239
245105671;14240
245122345;14241
245139019;14242
245155692;14243
245172366;14244
245189039;14245
245205713;14246
245222387;14247
245239060;14248
245255734;14249
245272408;14250
245289081;14251
245305755;14252
245322429;14253
245339102;14254
245355776;14255
245389123;14256
245405797;14257
245422470;14258
245439144;14259
245455818;14260
245472491;14261
245489165;14262
245505839;14263
245522512;14264
245539186;14265
245555859;14266
245572533;14267
245589207;14268
245605880;14269
245622554;14270
245639228;14271
245655901;14272
245672575;14273
245689248;14274
245705922;14275
245722596;14276
245739269;14277
245755943;14278
245772617;14279
245789290;14280
245805964;14281
245822638;14282
245839311;14283
245855985;14284
245889332;14285
245906006;14286
245922679;14287
245939353;14288
245956027;14289
245972700;14290
245989374;14291
246006047;14292
246022721;14293
246039395;14294
246056068;14295
246072742;14296
246089416;14297
246106089;14298
246122763;14299
246139437;14300
246156110;14301
246172784;14302
246189457;14303
246206131;14304
246222805;14305
246239478;14306
246256152;14307
246272826;14308
246289499;14309
246306173;14310
246322847;14311
246339520;14312
246356194;14313
246389541;14314
246406215;14315
246422888;14316
246439562;14317
246456236;14318
246472909;14319
246489583;14320
246506257;14321
246522930;14322
246539604;14323
246556278;14324
246572951;14325
246589625;14326
246606298;14327
246622972;14328
246639646;14329
246656319;14330
246672993;14331
246689667;14332
246706340;14333
246723014;14334
246739688;14335
246756361;14336
246773035;14337
246789708;14338
246806382;14339
246823056;14340
246839729;14341
246856403;14342
246889750;14343
246906424;14344
246923097;14345
246939771;14346
246956445;14347
246973118;14348
246989792;14349
247006466;14350
247023139;14351
247039813;14352
247056487;14353
247073160;14354
247089834;14355
247106507;14356
247123181;14357
247139855;14358
247156528;14359
247173202;14360
247189876;14361
247206549;14362
247223223;14363
247239897;14364
247256570;14365
247273244;14366
247289918;14367
247306591;14368
247323265;14369
247339938;14370
247356612;14371
247389959;14372
247406633;14373
247423307;14374
247439980;14375
247456654;14376
247473327;14377
247490001;14378
247506675;14379
247523348;14380
247540022;14381
247556696;14382
247573369;14383
247590043;14384
247606717;14385
247623390;14386
247640064;14387
247656737;14388
247673411;14389
247690085;14390
247706758;14391
247723432;14392
247740106;14393
247756779;14394
247773453;14395
247790127;14396
247806800;14397
247823474;14398
247840147;14399
247856821;14400
247890168;14401
247906842;14402
247923516;14403
247940189;14404
247956863;14405
247973537;14406
247990210;14407
248006884;14408
248023557;14409
248040231;14410
248056905;14411
248073578;14412
248090252;14413
248106926;14414
248123599;14415
248140273;14416
248156947;14417
248173620;14418
248190294;14419
248206968;14420
248223641;14421
248240315;14422
248256988;14423
248273662;14424
248290336;14425
248307009;14426
248323683;14427
248340357;14428
248357030;14429
248390378;14430
248407051;14431
248423725;14432
248440398;14433
248457072;14434
248473746;14435
248490419;14436
248507093;14437
248523767;14438
248540440;14439
248557114;14440
248573788;14441
248590461;14442
248607135;14443
248623809;14444
248640482;14445
248657156;14446
248673829;14447
248690503;14448
248707177;14449
248723850;14450
248740524;14451
248757198;14452
248773871;14453
248790545;14454
248807219;14455
248823892;14456
248840566;14457
248857239;14458
248890587;14459
248907260;14460
248923934;14461
248940608;14462
248957281;14463
248973955;14464
248990629;14465
249007302;14466
249023976;14467
249040649;14468
249057323;14469
249073997;14470
249090670;14471
249107344;14472
249124018;14473
249140691;14474
249157365;14475
249174039;14476
249190712;14477
249207386;14478
249224060;14479
249240733;14480
249257407;14481
249274081;14482
249290754;14483
249307428;14484
249324101;14485
249340775;14486
249357449;14487
249390796;14488
249407470;14489
249424143;14490
249440817;14491
249457490;14492
249474164;14493
249490838;14494
249507511;14495
249524185;14496
249540859;14497
249557532;14498
249574206;14499
249590880;14500
249607553;14501
249624227;14502
249640901;14503
249657574;14504
249674248;14505
249690921;14506
249707595;14507
249724269;14508
249740942;14509
249757616;14510
249774290;14511
249790963;14512
249807637;14513
249824311;14514
249840984;14515
249857658;14516
249891005;14517
249907679;14518
249924352;14519
249941026;14520
249957700;14521
249974373;14522
249991047;14523
250007721;14524
250024394;14525
250041068;14526
250057741;14527
250074415;14528
250091089;14529
250107762;14530
250124436;14531
250141110;14532
250157783;14533
250174457;14534
250191131;14535
250207804;14536
250224478;14537
250241152;14538
250257825;14539
250274499;14540
250291173;14541
250307846;14542
250324520;14543
250341193;14544
250357867;14545
250391214;14546
250407888;14547
250424562;14548
250441235;14549
250457909;14550
250474583;14551
250491256;14552
250507930;14553
250524604;14554
250541277;14555
250557951;14556
250574624;14557
250591298;14558
250607972;14559
250624645;14560
250641319;14561
250657993;14562
250674666;14563
250691340;14564
250708014;14565
250724687;14566
250741361;14567
250758035;14568
250774708;14569
250791382;14570
250808056;14571
250824729;14572
250841403;14573
250858076;14574
250891424;14575
250908097;14576
250924771;14577
250941445;14578
250958118;14579
250974792;14580
250991466;14581
251008139;14582
251024813;14583
251041486;14584
251058160;14585
251074834;14586
251091507;14587
251108181;14588
251124855;14589
251141528;14590
251158202;14591
251174876;14592
251191549;14593
251208223;14594
251224897;14595
251241570;14596
251258244;14597
251274917;14598
251291591;14599
251308265;14600
251324938;14601
251341612;14602
251358286;14603
251391633;14604
251408307;14605
251424980;14606
251441654;14607
251458328;14608
251475001;14609
251491675;14610
251508348;14611
251525022;14612
251541696;14613
251558369;14614
251575043;14615
251591717;14616
251608390;14617
251625064;14618
251641738;14619
251658411;14620
251675085;14621
251691759;14622
251708432;14623
251725106;14624
251741780;14625
251758453;14626
251775127;14627
251791800;14628
251808474;14629
251825148;14630
251841821;14631
251858495;14632
251891842;14633
251908516;14634
251925190;14635
251941863;14636
251958537;14637
251975210;14638
251991884;14639
252008558;14640
252025231;14641
252041905;14642
252058579;14643
252075252;14644
252091926;14645
252108600;14646
252125273;14647
252141947;14648
252158621;14649
252175294;14650
252191968;14651
252208642;14652
252225315;14653
252241989;14654
252258662;14655
252275336;14656
252292010;14657
252308683;14658
252325357;14659
252342031;14660
252358704;14661
252392052;14662
252408725;14663
252425399;14664
252442073;14665
252458746;14666
252475420;14667
252492093;14668
252508767;14669
252525441;14670
252542114;14671
252558788;14672
252575462;14673
252592135;14674
252608809;14675
252625483;14676
252642156;14677
252658830;14678
252675504;14679
252692177;14680
252708851;14681
252725525;14682
252742198;14683
252758872;14684
252775545;14685
252792219;14686
252808893;14687
252825566;14688
252842240;14689
252858914;14690
252892261;14691
252908935;14692
252925608;14693
252942282;14694
252958956;14695
252975629;14696
252992303;14697
253008976;14698
253025650;14699
253042324;14700
253058997;14701
253075671;14702
253092345;14703
253109018;14704
253125692;14705
253142366;14706
253159039;14707
253175713;14708
253192387;14709
253209060;14710
253225734;14711
253242407;14712
253259081;14713
253275755;14714
253292428;14715
253309102;14716
253325776;14717
253342449;14718
253359123;14719
253392470;14720
253409144;14721
253425818;14722
253442491;14723
253459165;14724
253475839;14725
253492512;14726
253509186;14727
253525859;14728
253542533;14729
253559207;14730
253575880;14731
253592554;14732
253609228;14733
253625901;14734
253642575;14735
253659249;14736
253675922;14737
253692596;14738
253709270;14739
253725943;14740
253742617;14741
253759291;14742
253775964;14743
253792638;14744
253809311;14745
253825985;14746
253842659;14747
253859332;14748
253892680;14749
253909353;14750
253926027;14751
253942701;14752
253959374;14753
253976048;14754
253992722;14755
254009395;14756
254026069;14757
254042743;14758
254059416;14759
254076090;14760
254092763;14761
254109437;14762
254126111;14763
254142784;14764
254159458;14765
254176132;14766
254192805;14767
254209479;14768
254226153;14769
254242826;14770
254259500;14771
254276174;14772
254292847;14773
254309521;14774
254326195;14775
254342868;14776
254359542;14777
254392889;14778
254409563;14779
254426236;14780
254442910;14781
254459584;14782
254476257;14783
254492931;14784
254509605;14785
254526278;14786
254542952;14787
254559626;14788
254576299;14789
254592973;14790
254609646;14791
254626320;14792
254642994;14793
254659667;14794
254676341;14795
254693015;14796
254709688;14797
254726362;14798
254743036;14799
254759709;14800
254776383;14801
254793057;14802
254809730;14803
254826404;14804
254843077;14805
254859751;14806
254893099;14807
254909772;14808
254926446;14809
254943119;14810
254959793;14811
254976467;14812
254993140;14813
255009814;14814
255026488;14815
255043161;14816
255059835;14817
255076509;14818
255093182;14819
255109856;14820
255126530;14821
255143203;14822
255159877;14823
255176551;14824
255193224;14825
255209898;14826
255226571;14827
255243245;14828
255259919;14829
255276592;14830
255293266;14831
255309940;14832
255326613;14833
255343287;14834
255359961;14835
255393308;14836
255409982;14837
255426655;14838
255443329;14839
255460002;14840
255476676;14841
255493350;14842
255510023;14843
255526697;14844
255543371;14845
255560044;14846
255576718;14847
255593392;14848
255610065;14849
255626739;14850
255643413;14851
255660086;14852
255676760;14853
255693434;14854
255710107;14855
255726781;14856
255743455;14857
255760128;14858
255776802;14859
255793475;14860
255810149;14861
255826823;14862
255843496;14863
255860170;14864
255893517;14865
255910191;14866
255926865;14867
255943538;14868
255960212;14869
255976886;14870
255993559;14871
256010233;14872
256026907;14873
256043580;14874
256060254;14875
256076928;14876
256093601;14877
256110275;14878
256126948;14879
256143622;14880
256160296;14881
256176969;14882
256193643;14883
256210317;14884
256226990;14885
256243664;14886
256260338;14887
256277011;14888
256293685;14889
256310359;14890
256327032;14891
256343706;14892
256360379;14893
256393727;14894
256410400;14895
256427074;14896
256443748;14897
256460421;14898
256477095;14899
256493769;14900
256510442;14901
256527116;14902
256543790;14903
256560463;14904
256577137;14905
256593811;14906
256610484;14907
256627158;14908
256643832;14909
256660505;14910
256677179;14911
256693852;14912
256710526;14913
256727200;14914
256743873;14915
256760547;14916
256777221;14917
256793894;14918
256810568;14919
256827242;14920
256843915;14921
256860589;14922
256893936;14923
256910610;14924
256927284;14925
256943957;14926
256960631;14927
256977304;14928
256993978;14929
257010652;14930
257027326;14931
257043999;14932
257060673;14933
257077346;14934
257094020;14935
257110694;14936
257127367;14937
257144041;14938
257160715;14939
257177388;14940
257194062;14941
257210736;14942
257227409;14943
257244083;14944
257260757;14945
257277430;14946
257294104;14947
257310778;14948
257327451;14949
257344125;14950
257360798;14951
257394146;14952
257410819;14953
257427493;14954
257444167;14955
257460840;14956
257477514;14957
257494188;14958
257510861;14959
257527535;14960
257544209;14961
257560882;14962
257577556;14963
257594230;14964
257610903;14965
257627577;14966
257644251;14967
257660924;14968
257677598;14969
257694271;14970
257710945;14971
257727619;14972
257744292;14973
257760966;14974
257777640;14975
257794313;14976
257810987;14977
257827661;14978
257844334;14979
257861008;14980
257894355;14981
257911029;14982
257927703;14983
257944376;14984
257961050;14985
257977723;14986
257994397;14987
258011071;14988
258027744;14989
258044418;14990
258061092;14991
258077765;14992
258094439;14993
258111113;14994
258127786;14995
258144460;14996
258161134;14997
258177807;14998
258194481;14999
258211155;15000
258227828;15001
258244502;15002
258261176;15003
258277849;15004
258294523;15005
258311197;15006
258327870;15007
258344544;15008
258361217;15009
258394565;15010
258411238;15011
258427912;15012
258444586;15013
258461259;15014
258477933;15015
258494607;15016
258511280;15017
258527954;15018
258544628;15019
258561301;15020
258577975;15021
258594649;15022
258611322;15023
258627996;15024
258644670;15025
258661343;15026
258678017;15027
258694690;15028
258711364;15029
258728038;15030
258744711;15031
258761385;15032
258778059;15033
258794732;15034
258811406;15035
258828080;15036
258844753;15037
258861427;15038
258894774;15039
258911448;15040
258928121;15041
258944795;15042
258961469;15043
258978142;15044
258994816;15045
259011490;15046
259028163;15047
259044837;15048
259061511;15049
259078184;15050
259094858;15051
259111532;15052
259128205;15053
259144879;15054
259161553;15055
259178226;15056
259194900;15057
259211574;15058
259228247;15059
259244921;15060
259261595;15061
259278268;15062
259294942;15063
259311616;15064
259328289;15065
259344963;15066
259361637;15067
259394984;15068
259411657;15069
259428331;15070
259445005;15071
259461678;15072
259478352;15073
259495026;15074
259511699;15075
259528373;15076
259545047;15077
259561720;15078
259578394;15079
259595068;15080
259611741;15081
259628415;15082
259645089;15083
259661762;15084
259678436;15085
259695110;15086
259711783;15087
259728457;15088
259745130;15089
259761804;15090
259778478;15091
259795151;15092
259811825;15093
259828499;15094
259845172;15095
259861846;15096
259895193;15097
259911867;15098
259928541;15099
259945214;15100
259961888;15101
259978562;15102
259995235;15103
260011909;15104
260028583;15105
260045256;15106
260061930;15107
260078603;15108
260095277;15109
260111951;15110
260128624;15111
260145298;15112
260161972;15113
260178645;15114
260195319;15115
260211993;15116
260228666;15117
260245340;15118
260262014;15119
260278687;15120
260295361;15121
260312035;15122
260328708;15123
260345382;15124
260362055;15125
260395403;15126
260412076;15127
260428750;15128
260445424;15129
260462097;15130
260478771;15131
260495445;15132
260512118;15133
260528792;15134
260545466;15135
260562139;15136
260578813;15137
260595487;15138
260612160;15139
260628834;15140
260645508;15141
260662181;15142
260678855;15143
260695529;15144
260712202;15145
260728876;15146
260745550;15147
260762223;15148
260778897;15149
260795571;15150
260812244;15151
260828918;15152
260845591;15153
260862265;15154
260895612;15155
260912286;15156
260928960;15157
260945633;15158
260962307;15159
260978981;15160
260995654;15161
261012328;15162
261029002;15163
261045675;15164
261062349;15165
261079023;15166
261095696;15167
261112370;15168
261129044;15169
261145717;15170
261162391;15171
261179064;15172
261195738;15173
261212412;15174
261229085;15175
261245759;15176
261262433;15177
261279106;15178
261295780;15179
261312454;15180
261329127;15181
261345801;15182
261362475;15183
261395822;15184
261412495;15185
261429169;15186
261445843;15187
261462517;15188
261479190;15189
261495864;15190
261512537;15191
261529211;15192
261545885;15193
261562558;15194
261579232;15195
261595906;15196
261612579;15197
261629253;15198
261645927;15199
261662600;15200
261679274;15201
261695948;15202
-1;-1
-1;-1
-1;-1
-1;-1
-1;-1
-1;-1
-1;-1
-1;-1
-1;-1
-1;-1
-1;-1
-1;-1
-1;-1
-1;-1
-1;-1
-1;-1
-1;-1
-1;-1
-1;-1
-1;-1
-1;-1
-1;-1
-1;-1
-1;-1
-1;-1
-1;-1
-1;-1
-1;-1
-1;-1
-1;-1
-1;-1
-1;-1
-1;-1
-1;-1
-1;-1
-1;-1
-1;-1
-1;-1
-1;-1
-1;-1
-1;-1
-1;-1
-1;-1
-1;-1
-1;-1
-1;-1
-1;-1
-1;-1
-1;-1
-1;-1
-1;-1
-1;-1
-1;-1
-1;-1
-1;-1
-1;-1
-1;-1
-1;-1
-1;-1
-1;-1
-1;-1
-1;-1
-1;-1
-1;-1
-1;-1
-1;-1
-1;-1
-1;-1
-1;-1
-1;-1
-1;-1
-1;-1
-1;-1
-1;-1
-1;-1
-1;-1
-1;-1
-1;-1
-1;-1
-1;-1
-1;-1
-1;-1
-1;-1
-1;-1
-1;-1
-1;-1
-1;-1
-1;-1
-1;-1
-1;-1
-1;-1
-1;-1
-1;-1
-1;-1
-1;-1
-1;-1
-1;-1
-1;-1
-1;-1
-1;-1
-1;-1
-1;-1
-1;-1
