210674638;12243
210691312;12244
210707985;12245
210724659;12246
210741333;12247
210758006;12248
210774680;12249
210791354;12250
210808027;12251
210824701;12252
210841374;12253
210858048;12254
210891395;12255
210908069;12256
210924743;12257
210941416;12258
210958090;12259
210974764;12260
210991437;12261
211008111;12262
211024784;12263
211041458;12264
211058132;12265
211074805;12266
211091479;12267
211108153;12268
211124826;12269
211141500;12270
211158174;12271
211174847;12272
211191521;12273
211208194;12274
211224868;12275
211241542;12276
211258215;12277
211274889;12278
211291563;12279
211308236;12280
211324910;12281
211341584;12282
211358257;12283
211391604;12284
211408278;12285
211424952;12286
211441625;12287
211458299;12288
211474973;12289
211491646;12290
211508320;12291
211524993;12292
211541667;12293
211558341;12294
211575014;12295
211591688;12296
211608362;12297
211625035;12298
211641709;12299
211658383;12300
211675056;12301
211691730;12302
211708403;12303
211725077;12304
211741751;12305
211758424;12306
211775098;12307
211791772;12308
211808445;12309
211825119;12310
211841792;12311
211858466;12312
211891813;12313
211908487;12314
211925161;12315
211941834;12316
211958508;12317
211975182;12318
211991855;12319
212008529;12320
212025202;12321
212041876;12322
212058550;12323
212075223;12324
212091897;12325
212108571;12326
212125244;12327
212141918;12328
212158591;12329
212175265;12330
212191939;12331
212208612;12332
212225286;12333
212241960;12334
212258633;12335
212275307;12336
212291981;12337
212308654;12338
212325328;12339
212342001;12340
212358675;12341
212392022;12342
212408696;12343
212425369;12344
212442043;12345
212458717;12346
212475390;12347
212492064;12348
212508738;12349
212525411;12350
212542085;12351
212558759;12352
212575432;12353
212592106;12354
212608780;12355
212625453;12356
212642127;12357
212658800;12358
212675474;12359
212692148;12360
212708821;12361
212725495;12362
212742169;12363
212758842;12364
212775516;12365
212792189;12366
212808863;12367
212825537;12368
212842210;12369
212858884;12370
212892231;12371
212908905;12372
212925579;12373
212942252;12374
212958926;12375
212975599;12376
212992273;12377
213008947;12378
213025620;12379
213042294;12380
213058967;12381
213075641;12382
213092315;12383
213108988;12384
213125662;12385
213142336;12386
213159009;12387
213175683;12388
213192357;12389
213209030;12390
213225704;12391
213242377;12392
213259051;12393
213275725;12394
213292398;12395
213309072;12396
213325746;12397
213342419;12398
213359093;12399
213392440;12400
213409114;12401
213425787;12402
213442461;12403
213459135;12404
213475808;12405
213492482;12406
213509156;12407
213525829;12408
213542503;12409
213559176;12410
213575850;12411
213592524;12412
213609197;12413
213625871;12414
213642544;12415
213659218;12416
213675892;12417
213692565;12418
213709239;12419
213725913;12420
213742586;12421
213759260;12422
213775934;12423
213792607;12424
213809281;12425
213825954;12426
213842628;12427
213859302;12428
213892649;12429
213909323;12430
213925996;12431
213942670;12432
213959344;12433
213976017;12434
213992691;12435
214009364;12436
214026038;12437
214042712;12438
214059385;12439
214076059;12440
214092733;12441
214109406;12442
214126080;12443
214142753;12444
214159427;12445
214176101;12446
214192774;12447
214209448;12448
214226122;12449
214242795;12450
214259469;12451
214276142;12452
214292816;12453
214309490;12454
214326163;12455
214342837;12456
214359511;12457
214392858;12458
214409531;12459
214426205;12460
214442879;12461
214459552;12462
214476226;12463
214492900;12464
214509573;12465
214526247;12466
214542921;12467
214559594;12468
214576268;12469
214592941;12470
214609615;12471
214626289;12472
214642962;12473
214659636;12474
214676309;12475
214692983;12476
214709657;12477
214726330;12478
214743004;12479
214759678;12480
214776351;12481
214793025;12482
214809699;12483
214826372;12484
214843046;12485
214859719;12486
214893067;12487
214909740;12488
214926414;12489
214943087;12490
214959761;12491
214976435;12492
214993108;12493
215009782;12494
215026456;12495
215043129;12496
215059803;12497
215076477;12498
215093150;12499
215109824;12500
215126497;12501
215143171;12502
215159845;12503
215176518;12504
215193192;12505
215209866;12506
215226539;12507
215243213;12508
215259886;12509
215276560;12510
215293234;12511
215309907;12512
215326581;12513
215343255;12514
215359928;12515
215393275;12516
215409949;12517
215426623;12518
215443296;12519
215459970;12520
215476644;12521
215493317;12522
215509991;12523
215526664;12524
215543338;12525
215560012;12526
215576685;12527
215593359;12528
215610033;12529
215626706;12530
215643380;12531
215660054;12532
215676727;12533
215693401;12534
215710074;12535
215726748;12536
215743422;12537
215760095;12538
215776769;12539
215793443;12540
215810116;12541
215826790;12542
215843463;12543
215860137;12544
215893484;12545
215910158;12546
215926832;12547
215943505;12548
215960179;12549
215976852;12550
215993526;12551
216010200;12552
216026873;12553
216043547;12554
216060221;12555
216076894;12556
216093568;12557
216110241;12558
216126915;12559
216143589;12560
216160262;12561
216176936;12562
216193610;12563
216210283;12564
216226957;12565
216243630;12566
216260304;12567
216276978;12568
216293651;12569
216310325;12570
216326999;12571
216343672;12572
216360346;12573
216393693;12574
216410367;12575
216427040;12576
216443714;12577
216460388;12578
216477061;12579
216493735;12580
216510408;12581
216527082;12582
216543756;12583
216560429;12584
216577103;12585
216593777;12586
216610450;12587
216627124;12588
216643797;12589
216660471;12590
216677145;12591
216693818;12592
216710492;12593
216727166;12594
216743839;12595
216760513;12596
216777186;12597
216793860;12598
216810534;12599
216827207;12600
216843881;12601
216860555;12602
216893902;12603
216910575;12604
216927249;12605
216943923;12606
216960596;12607
216977270;12608
216993944;12609
217010617;12610
217027291;12611
217043965;12612
217060638;12613
217077312;12614
217093985;12615
217110659;12616
217127333;12617
217144006;12618
217160680;12619
217177353;12620
217194027;12621
217210701;12622
217227374;12623
217244048;12624
217260722;12625
217277395;12626
217294069;12627
217310742;12628
217327416;12629
217344090;12630
217360763;12631
217394111;12632
217410784;12633
217427458;12634
217444131;12635
217460805;12636
217477479;12637
217494152;12638
217510826;12639
217527500;12640
217544173;12641
217560847;12642
217577521;12643
217594194;12644
217610868;12645
217627541;12646
217644215;12647
217660889;12648
217677562;12649
217694236;12650
217710909;12651
217727583;12652
217744257;12653
217760930;12654
217777604;12655
217794278;12656
217810951;12657
217827625;12658
217844299;12659
217860972;12660
217894319;12661
217910993;12662
217927667;12663
217944340;12664
217961014;12665
217977687;12666
217994361;12667
218011035;12668
218027708;12669
218044382;12670
218061056;12671
218077729;12672
218094403;12673
218111076;12674
218127750;12675
218144424;12676
218161097;12677
218177771;12678
218194445;12679
218211118;12680
218227792;12681
218244465;12682
218261139;12683
218277813;12684
218294486;12685
218311160;12686
218327834;12687
218344507;12688
218361181;12689
218394528;12690
218411202;12691
218427875;12692
218444549;12693
218461223;12694
218477896;12695
218494570;12696
218511243;12697
218527917;12698
218544591;12699
218561264;12700
218577938;12701
218594612;12702
218611285;12703
218627959;12704
218644632;12705
218661306;12706
218677980;12707
218694653;12708
218711327;12709
218728001;12710
218744674;12711
218761348;12712
218778021;12713
218794695;12714
218811369;12715
218828042;12716
218844716;12717
218861389;12718
218894737;12719
218911410;12720
218928084;12721
218944758;12722
218961431;12723
218978105;12724
218994779;12725
219011452;12726
219028126;12727
219044799;12728
219061473;12729
219078147;12730
219094820;12731
219111494;12732
219128168;12733
219144841;12734
219161515;12735
219178188;12736
219194862;12737
219211536;12738
219228209;12739
219244883;12740
219261557;12741
219278230;12742
219294904;12743
219311577;12744
219328251;12745
219344925;12746
219361598;12747
219394945;12748
219411619;12749
219428293;12750
219444966;12751
219461640;12752
219478314;12753
219494987;12754
219511661;12755
219528334;12756
219545008;12757
219561682;12758
219578355;12759
219595029;12760
219611702;12761
219628376;12762
219645050;12763
219661723;12764
219678397;12765
219695071;12766
219711744;12767
219728418;12768
219745091;12769
219761765;12770
219778439;12771
219795112;12772
219811786;12773
219828460;12774
219845133;12775
219861807;12776
219895154;12777
219911828;12778
219928501;12779
219945175;12780
219961849;12781
219978522;12782
219995196;12783
220011869;12784
220028543;12785
220045217;12786
220061890;12787
220078564;12788
220095238;12789
220111911;12790
220128585;12791
220145258;12792
220161932;12793
220178606;12794
220195279;12795
220211953;12796
220228627;12797
220245300;12798
220261974;12799
220278647;12800
220295321;12801
220311995;12802
220328668;12803
220345342;12804
220362016;12805
220395363;12806
220412036;12807
220428710;12808
220445384;12809
220462057;12810
220478731;12811
220495404;12812
220512078;12813
220528752;12814
220545425;12815
220562099;12816
220578773;12817
220595446;12818
220612120;12819
220628793;12820
220645467;12821
220662141;12822
220678814;12823
220695488;12824
220712162;12825
220728835;12826
220745509;12827
220762182;12828
220778856;12829
220795530;12830
220812203;12831
220828877;12832
220845550;12833
220862224;12834
220895571;12835
220912245;12836
220928919;12837
220945592;12838
220962266;12839
220978939;12840
220995613;12841
221012287;12842
221028960;12843
221045634;12844
221062308;12845
221078981;12846
221095655;12847
221112328;12848
221129002;12849
221145676;12850
221162349;12851
221179023;12852
221195697;12853
221212370;12854
221229044;12855
221245717;12856
221262391;12857
221279065;12858
221295738;12859
221312412;12860
221329086;12861
221345759;12862
221362433;12863
221395780;12864
221412454;12865
221429127;12866
221445801;12867
221462475;12868
221479148;12869
221495822;12870
221512495;12871
221529169;12872
221545843;12873
221562516;12874
221579190;12875
221595864;12876
221612537;12877
221629211;12878
221645884;12879
221662558;12880
221679232;12881
221695905;12882
221712579;12883
221729252;12884
221745926;12885
221762600;12886
221779273;12887
221795947;12888
221812621;12889
221829294;12890
221845968;12891
221862641;12892
221895989;12893
221912662;12894
221929336;12895
221946009;12896
221962683;12897
221979357;12898
221996030;12899
222012704;12900
222029378;12901
222046051;12902
222062725;12903
222079398;12904
222096072;12905
222112746;12906
222129419;12907
222146093;12908
222162767;12909
222179440;12910
222196114;12911
222212787;12912
222229461;12913
222246135;12914
222262808;12915
222279482;12916
222296156;12917
222312829;12918
222329503;12919
222346176;12920
222362850;12921
222396197;12922
222412871;12923
222429545;12924
222446218;12925
222462892;12926
222479565;12927
222496239;12928
222512913;12929
222529586;12930
222546260;12931
222562933;12932
222579607;12933
222596281;12934
222612954;12935
222629628;12936
222646302;12937
222662975;12938
222679649;12939
222696322;12940
222712996;12941
222729670;12942
222746343;12943
222763017;12944
222779690;12945
222796364;12946
222813038;12947
222829711;12948
222846385;12949
222863059;12950
222896406;12951
222913079;12952
222929753;12953
222946427;12954
222963100;12955
222979774;12956
222996448;12957
223013121;12958
223029795;12959
223046468;12960
223063142;12961
223079816;12962
223096489;12963
223113163;12964
223129837;12965
223146510;12966
223163184;12967
223179857;12968
223196531;12969
223213205;12970
223229878;12971
223246552;12972
223263226;12973
223279899;12974
223296573;12975
223313246;12976
223329920;12977
223346594;12978
223363267;12979
223396614;12980
223413288;12981
223429962;12982
223446635;12983
223463309;12984
223479983;12985
223496656;12986
223513330;12987
223530003;12988
223546677;12989
223563351;12990
223580024;12991
223596698;12992
223613371;12993
223630045;12994
223646719;12995
223663392;12996
223680066;12997
223696740;12998
223713413;12999
223730087;13000
223746760;13001
223763434;13002
223780108;13003
223796781;13004
223813455;13005
223830129;13006
223846802;13007
223863476;13008
223896823;13009
223913497;13010
223930170;13011
223946844;13012
223963517;13013
223980191;13014
223996865;13015
224013538;13016
224030212;13017
224046886;13018
224063559;13019
224080233;13020
224096906;13021
224113580;13022
224130254;13023
224146927;13024
224163601;13025
224180275;13026
224196948;13027
224213622;13028
224230295;13029
224246969;13030
224263643;13031
224280316;13032
224296990;13033
224313664;13034
224330337;13035
224347011;13036
224363684;13037
224397032;13038
224413705;13039
224430379;13040
224447052;13041
224463726;13042
224480400;13043
224497073;13044
224513747;13045
224530421;13046
224547094;13047
224563768;13048
224580441;13049
224597115;13050
224613789;13051
224630462;13052
224647136;13053
224663809;13054
224680483;13055
224697157;13056
224713830;13057
224730504;13058
224747178;13059
224763851;13060
224780525;13061
224797198;13062
224813872;13063
224830546;13064
224847219;13065
224863893;13066
224897240;13067
224913914;13068
224930587;13069
224947261;13070
224963935;13071
224980608;13072
224997282;13073
225013955;13074
225030629;13075
225047303;13076
225063976;13077
225080650;13078
225097324;13079
225113997;13080
225130671;13081
225147344;13082
225164018;13083
225180692;13084
225197365;13085
225214039;13086
225230713;13087
225247386;13088
225264060;13089
225280733;13090
225297407;13091
225314081;13092
225330754;13093
225347428;13094
225364101;13095
225397449;13096
225414122;13097
225430796;13098
225447470;13099
225464143;13100
225480817;13101
225497490;13102
225514164;13103
225530838;13104
225547511;13105
225564185;13106
225580858;13107
225597532;13108
225614206;13109
225630879;13110
225647553;13111
225664227;13112
225680900;13113
225697574;13114
225714247;13115
225730921;13116
225747595;13117
225764268;13118
225780942;13119
225797616;13120
225814289;13121
225830963;13122
225847636;13123
225864310;13124
225897657;13125
225914331;13126
225931004;13127
225947678;13128
225964352;13129
225981025;13130
225997699;13131
226014373;13132
226031046;13133
226047720;13134
226064393;13135
226081067;13136
226097741;13137
226114414;13138
226131088;13139
226147762;13140
226164435;13141
226181109;13142
226197782;13143
226214456;13144
226231130;13145
226247803;13146
226264477;13147
226281150;13148
226297824;13149
226314498;13150
226331171;13151
226347845;13152
226364519;13153
226397866;13154
226414539;13155
226431213;13156
226447887;13157
226464560;13158
226481234;13159
226497907;13160
226514581;13161
226531255;13162
226547928;13163
226564602;13164
226581276;13165
226597949;13166
226614623;13167
226631296;13168
226647970;13169
226664644;13170
226681317;13171
226697991;13172
226714665;13173
226731338;13174
226748012;13175
226764685;13176
226781359;13177
226798033;13178
226814706;13179
226831380;13180
226848054;13181
226864727;13182
226898074;13183
226914748;13184
226931422;13185
226948095;13186
226964769;13187
226981442;13188
226998116;13189
227014790;13190
227031463;13191
227048137;13192
227064810;13193
227081484;13194
227098158;13195
227114831;13196
227131505;13197
227148179;13198
227164852;13199
227181526;13200
227198199;13201
227214873;13202
227231547;13203
227248220;13204
227264894;13205
227281567;13206
227298241;13207
227314915;13208
227331588;13209
227348262;13210
227364936;13211
227398283;13212
227414956;13213
227431630;13214
227448304;13215
227464977;13216
227481651;13217
227498325;13218
227514998;13219
227531672;13220
227548345;13221
227565019;13222
227581693;13223
227598366;13224
227615040;13225
227631713;13226
227648387;13227
227665061;13228
227681734;13229
227698408;13230
227715082;13231
227731755;13232
227748429;13233
227765102;13234
227781776;13235
227798450;13236
227815123;13237
227831797;13238
227848471;13239
227865144;13240
227898491;13241
227915165;13242
227931839;13243
227948512;13244
227965186;13245
227981859;13246
227998533;13247
228015207;13248
228031880;13249
228048554;13250
228065228;13251
228081901;13252
228098575;13253
228115248;13254
228131922;13255
228148596;13256
228165269;13257
228181943;13258
228198616;13259
228215290;13260
228231964;13261
228248637;13262
228265311;13263
228281985;13264
228298658;13265
228315332;13266
228332005;13267
228348679;13268
228365353;13269
228398700;13270
228415374;13271
228432047;13272
228448721;13273
228465394;13274
228482068;13275
228498742;13276
228515415;13277
228532089;13278
228548762;13279
228565436;13280
228582110;13281
228598783;13282
228615457;13283
228632131;13284
228648804;13285
228665478;13286
228682151;13287
228698825;13288
228715499;13289
228732172;13290
228748846;13291
228765519;13292
228782193;13293
228798867;13294
228815540;13295
228832214;13296
228848888;13297
228865561;13298
228898908;13299
228915582;13300
228932256;13301
228948929;13302
228965603;13303
228982276;13304
228998950;13305
229015624;13306
229032297;13307
229048971;13308
229065645;13309
229082318;13310
229098992;13311
229115665;13312
229132339;13313
229149013;13314
229165686;13315
229182360;13316
229199033;13317
229215707;13318
229232381;13319
229249054;13320
229265728;13321
229282402;13322
229299075;13323
229315749;13324
229332423;13325
229349096;13326
229365770;13327
229399117;13328
229415791;13329
229432464;13330
229449138;13331
229465811;13332
229482485;13333
229499159;13334
229515832;13335
229532506;13336
229549179;13337
229565853;13338
229582527;13339
229599200;13340
229615874;13341
229632548;13342
229649221;13343
229665895;13344
229682568;13345
229699242;13346
229715916;13347
229732589;13348
229749263;13349
229765936;13350
229782610;13351
229799284;13352
229815957;13353
229832631;13354
229849305;13355
229865978;13356
229899325;13357
229915999;13358
229932673;13359
229949346;13360
229966020;13361
229982694;13362
229999367;13363
230016041;13364
230032714;13365
230049388;13366
230066062;13367
230082735;13368
230099409;13369
230116083;13370
230132756;13371
230149430;13372
230166103;13373
230182777;13374
230199451;13375
230216124;13376
230232798;13377
230249471;13378
230266145;13379
230282819;13380
230299492;13381
230316166;13382
230332839;13383
230349513;13384
230366187;13385
230399534;13386
230416208;13387
230432881;13388
230449555;13389
230466228;13390
230482902;13391
230499576;13392
230516249;13393
230532923;13394
230549596;13395
230566270;13396
230582944;13397
230599617;13398
230616291;13399
230632965;13400
230649638;13401
230666312;13402
230682985;13403
230699659;13404
230716333;13405
230733006;13406
230749680;13407
230766354;13408
230783027;13409
230799701;13410
230816374;13411
230833048;13412
230849722;13413
230866395;13414
230899742;13415
230916416;13416
230933090;13417
230949763;13418
230966437;13419
230983111;13420
230999784;13421
231016458;13422
231033131;13423
231049805;13424
231066479;13425
231083152;13426
231099826;13427
231116500;13428
231133173;13429
231149847;13430
231166520;13431
231183194;13432
231199868;13433
231216541;13434
231233215;13435
231249888;13436
231266562;13437
231283236;13438
231299909;13439
231316583;13440
231333257;13441
231349930;13442
231366604;13443
231399951;13444
231416625;13445
231433298;13446
231449972;13447
231466645;13448
231483319;13449
231499993;13450
231516666;13451
231533340;13452
231550014;13453
231566687;13454
231583361;13455
231600034;13456
231616708;13457
231633382;13458
231650055;13459
231666729;13460
231683403;13461
231700076;13462
231716750;13463
231733423;13464
231750097;13465
231766771;13466
231783444;13467
231800118;13468
231816792;13469
231833465;13470
231850139;13471
231866812;13472
231900160;13473
231916833;13474
231933507;13475
231950180;13476
231966854;13477
231983528;13478
232000201;13479
232016875;13480
232033548;13481
232050222;13482
232066896;13483
232083569;13484
232100243;13485
232116917;13486
232133590;13487
232150264;13488
232166938;13489
232183611;13490
232200285;13491
232216958;13492
232233632;13493
232250306;13494
232266979;13495
232283653;13496
232300326;13497
232317000;13498
232333674;13499
232350347;13500
232367021;13501
232400368;13502
232417042;13503
232433715;13504
232450389;13505
232467063;13506
232483736;13507
232500410;13508
232517083;13509
232533757;13510
232550431;13511
232567104;13512
232583778;13513
232600452;13514
232617125;13515
232633799;13516
232650472;13517
232667146;13518
232683820;13519
232700493;13520
232717167;13521
232733840;13522
232750514;13523
232767188;13524
232783861;13525
232800535;13526
232817209;13527
232833882;13528
232850556;13529
232867229;13530
232900577;13531
232917250;13532
232933924;13533
232950598;13534
232967271;13535
232983945;13536
233000618;13537
233017292;13538
233033966;13539
233050639;13540
233067313;13541
233083987;13542
233100660;13543
233117334;13544
233134007;13545
233150681;13546
233167355;13547
233184028;13548
233200702;13549
233217376;13550
233234049;13551
233250723;13552
233267396;13553
233284070;13554
233300744;13555
233317417;13556
233334091;13557
233350764;13558
233367438;13559
233400785;13560
233417459;13561
233434132;13562
233450806;13563
233467480;13564
233484153;13565
233500827;13566
233517501;13567
233534174;13568
233550848;13569
233567521;13570
233584195;13571
233600869;13572
233617542;13573
233634216;13574
233650890;13575
233667563;13576
233684237;13577
233700910;13578
233717584;13579
233734258;13580
233750931;13581
233767605;13582
233784278;13583
233800952;13584
233817626;13585
233834299;13586
233850973;13587
233867647;13588
233900994;13589
233917667;13590
233934341;13591
233951015;13592
233967688;13593
233984362;13594
234001035;13595
234017709;13596
234034383;13597
234051056;13598
234067730;13599
234084404;13600
234101077;13601
234117751;13602
234134425;13603
234151098;13604
234167772;13605
234184445;13606
234201119;13607
234217793;13608
234234466;13609
234251140;13610
234267813;13611
234284487;13612
234301161;13613
234317834;13614
234334508;13615
234351181;13616
234367855;13617
234401202;13618
234417876;13619
234434550;13620
234451223;13621
234467897;13622
234484571;13623
234501244;13624
234517918;13625
234534591;13626
234551265;13627
234567939;13628
234584612;13629
234601286;13630
234617960;13631
234634633;13632
234651307;13633
234667980;13634
234684654;13635
234701328;13636
234718001;13637
234734675;13638
234751348;13639
234768022;13640
234784696;13641
234801369;13642
234818043;13643
234834717;13644
234851390;13645
234868064;13646
234901411;13647
234918085;13648
234934758;13649
234951432;13650
234968106;13651
234984779;13652
235001453;13653
235018126;13654
235034800;13655
235051474;13656
235068147;13657
235084821;13658
235101494;13659
235118168;13660
235134842;13661
235151515;13662
235168189;13663
235184863;13664
235201536;13665
235218210;13666
235234883;13667
235251557;13668
235268231;13669
235284904;13670
235301578;13671
235318251;13672
235334925;13673
235351599;13674
235368272;13675
235401620;13676
235418293;13677
235434967;13678
235451640;13679
235468314;13680
235484988;13681
235501661;13682
235518335;13683
235535009;13684
235551682;13685
235568356;13686
235585029;13687
235601703;13688
235618377;13689
235635050;13690
235651724;13691
235668397;13692
235685071;13693
235701745;13694
235718418;13695
235735092;13696
235751766;13697
235768439;13698
235785113;13699
235801786;13700
235818460;13701
235835134;13702
235851807;13703
235868481;13704
235901828;13705
235918502;13706
235935175;13707
235951849;13708
235968523;13709
235985196;13710
236001870;13711
236018543;13712
236035217;13713
236051891;13714
236068564;13715
236085238;13716
236101912;13717
236118585;13718
236135259;13719
236151932;13720
236168606;13721
236185280;13722
236201953;13723
236218627;13724
236235300;13725
236251974;13726
236268648;13727
236285321;13728
236301995;13729
236318669;13730
236335342;13731
236352016;13732
236368689;13733
236402037;13734
236418710;13735
236435384;13736
236452058;13737
236468731;13738
236485405;13739
236502078;13740
236518752;13741
236535426;13742
236552099;13743
236568773;13744
236585447;13745
236602120;13746
236618794;13747
236635467;13748
236652141;13749
236668815;13750
236685488;13751
236702162;13752
236718836;13753
236735509;13754
236752183;13755
236768856;13756
236785530;13757
236802204;13758
236818877;13759
236835551;13760
236852224;13761
236868898;13762
236902245;13763
236918919;13764
236935592;13765
236952266;13766
236968940;13767
236985613;13768
237002287;13769
237018961;13770
237035634;13771
237052308;13772
237068982;13773
237085655;13774
237102329;13775
237119002;13776
237135676;13777
237152350;13778
237169023;13779
237185697;13780
237202370;13781
237219044;13782
237235718;13783
237252391;13784
237269065;13785
237285738;13786
237302412;13787
237319086;13788
237335759;13789
237352433;13790
237369107;13791
237402454;13792
237419127;13793
237435801;13794
237452475;13795
237469148;13796
237485822;13797
237502496;13798
237519169;13799
237535843;13800
237552516;13801
237569190;13802
237585864;13803
237602537;13804
237619211;13805
237635884;13806
237652558;13807
237669232;13808
237685905;13809
237702579;13810
237719253;13811
237735926;13812
237752600;13813
237769273;13814
237785947;13815
237802621;13816
237819294;13817
237835968;13818
237852642;13819
237869315;13820
237902662;13821
237919336;13822
237936010;13823
237952683;13824
237969357;13825
237986031;13826
238002704;13827
238019378;13828
238036051;13829
238052725;13830
238069399;13831
238086072;13832
238102746;13833
238119419;13834
238136093;13835
238152767;13836
238169440;13837
238186114;13838
238202788;13839
238219461;13840
238236135;13841
238252808;13842
238269482;13843
238286156;13844
238302829;13845
238319503;13846
238336177;13847
238352850;13848
238369524;13849
238402871;13850
238419545;13851
238436218;13852
238452892;13853
238469565;13854
238486239;13855
238502913;13856
238519586;13857
238536260;13858
238552934;13859
238569607;13860
238586281;13861
238602954;13862
238619628;13863
238636302;13864
238652975;13865
238669649;13866
238686323;13867
238702996;13868
238719670;13869
238736343;13870
238753017;13871
238769691;13872
238786364;13873
238803038;13874
238819711;13875
238836385;13876
238853059;13877
238869732;13878
238903080;13879
238919753;13880
238936427;13881
238953100;13882
238969774;13883
238986448;13884
239003121;13885
239019795;13886
239036469;13887
239053142;13888
239069816;13889
239086489;13890
239103163;13891
239119837;13892
239136510;13893
239153184;13894
239169858;13895
239186531;13896
239203205;13897
239219878;13898
239236552;13899
239253226;13900
239269899;13901
239286573;13902
239303247;13903
239319920;13904
239336594;13905
239353267;13906
239369941;13907
239403288;13908
239419962;13909
239436636;13910
239453309;13911
239469983;13912
239486656;13913
239503330;13914
239520004;13915
239536677;13916
239553351;13917
239570024;13918
239586698;13919
239603372;13920
239620045;13921
239636719;13922
239653393;13923
239670066;13924
239686740;13925
239703413;13926
239720087;13927
239736761;13928
239753434;13929
239770108;13930
239786782;13931
239803455;13932
239820129;13933
239836802;13934
239853476;13935
239870150;13936
239903497;13937
239920171;13938
239936844;13939
239953518;13940
239970191;13941
239986865;13942
240003539;13943
240020212;13944
240036886;13945
240053559;13946
240070233;13947
240086907;13948
240103580;13949
240120254;13950
240136928;13951
240153601;13952
240170275;13953
240186948;13954
240203622;13955
240220296;13956
240236969;13957
240253643;13958
240270317;13959
240286990;13960
240303664;13961
240320337;13962
240337011;13963
240353685;13964
240370358;13965
240403705;13966
240420379;13967
240437053;13968
240453726;13969
240470400;13970
240487074;13971
240503747;13972
240520421;13973
240537094;13974
240553768;13975
240570442;13976
240587115;13977
240603789;13978
240620463;13979
240637136;13980
240653810;13981
240670483;13982
240687157;13983
240703831;13984
240720504;13985
240737178;13986
240753852;13987
240770525;13988
240787199;13989
240803872;13990
240820546;13991
240837220;13992
240853893;13993
240870567;13994
240903914;13995
240920588;13996
240937261;13997
240953935;13998
240970609;13999
240987282;14000
241003956;14001
241020629;14002
241037303;14003
241053977;14004
241070650;14005
241087324;14006
241103998;14007
241120671;14008
241137345;14009
241154018;14010
241170692;14011
241187366;14012
241204039;14013
241220713;14014
241237387;14015
241254060;14016
241270734;14017
241287408;14018
241304081;14019
241320755;14020
241337428;14021
241354102;14022
241370776;14023
241404123;14024
241420797;14025
241437470;14026
241454144;14027
241470817;14028
241487491;14029
241504165;14030
241520838;14031
241537512;14032
241554185;14033
241570859;14034
241587533;14035
241604206;14036
241620880;14037
241637554;14038
241654227;14039
241670901;14040
241687574;14041
241704248;14042
241720922;14043
241737595;14044
241754269;14045
241770943;14046
241787616;14047
241804290;14048
241820963;14049
241837637;14050
241854311;14051
241870984;14052
241904332;14053
241921005;14054
241937679;14055
241954352;14056
241971026;14057
241987700;14058
242004373;14059
242021047;14060
242037721;14061
242054394;14062
242071068;14063
242087741;14064
242104415;14065
242121089;14066
242137762;14067
242154436;14068
242171110;14069
242187783;14070
242204457;14071
242221130;14072
242237804;14073
242254478;14074
242271151;14075
242287825;14076
242304499;14077
242321172;14078
242337846;14079
242354519;14080
242371193;14081
242404540;14082
242421214;14083
242437888;14084
242454561;14085
242471235;14086
242487908;14087
242504582;14088
242521256;14089
242537929;14090
242554603;14091
242571277;14092
242587950;14093
242604624;14094
242621297;14095
242637971;14096
242654645;14097
242671318;14098
242687992;14099
242704666;14100
242721339;14101
242738013;14102
242754686;14103
242771360;14104
242788034;14105
242804707;14106
242821381;14107
242838054;14108
242854728;14109
242871402;14110
242904749;14111
242921423;14112
242938096;14113
242954770;14114
242971443;14115
242988117;14116
243004791;14117
243021464;14118
243038138;14119
243054812;14120
243071485;14121
243088159;14122
243104833;14123
243121506;14124
243138180;14125
243154853;14126
243171527;14127
243188201;14128
243204874;14129
243221548;14130
243238221;14131
243254895;14132
243271569;14133
243288242;14134
243304916;14135
243321590;14136
243338263;14137
243354937;14138
243371611;14139
243404958;14140
243421631;14141
243438305;14142
243454979;14143
243471652;14144
243488326;14145
243505000;14146
243521673;14147
243538347;14148
243555020;14149
243571694;14150
243588368;14151
243605041;14152
243621715;14153
243638389;14154
243655062;14155
243671736;14156
243688409;14157
243705083;14158
243721757;14159
243738430;14160
243755104;14161
243771778;14162
243788451;14163
243805125;14164
243821798;14165
243838472;14166
243855146;14167
243871819;14168
243905167;14169
243921840;14170
243938514;14171
243955188;14172
243971861;14173
243988535;14174
244005208;14175
244021882;14176
244038556;14177
244055229;14178
244071903;14179
244088576;14180
244105250;14181
244121924;14182
244138597;14183
244155271;14184
244171945;14185
244188618;14186
244205292;14187
244221966;14188
244238639;14189
244255313;14190
244271986;14191
244288660;14192
244305334;14193
244322007;14194
244338681;14195
244355354;14196
244372028;14197
244405375;14198
244422049;14199
244438723;14200
244455396;14201
244472070;14202
244488744;14203
244505417;14204
244522091;14205
244538764;14206
244555438;14207
244572112;14208
244588785;14209
244605459;14210
244622133;14211
244638806;14212
244655480;14213
244672153;14214
244688827;14215
244705501;14216
244722174;14217
244738848;14218
244755522;14219
244772195;14220
244788869;14221
244805543;14222
244822216;14223
244838890;14224
244855563;14225
244872237;14226
244905584;14227
244922258;14228
244938932;14229
244955605;14230
244972279;14231
244988952;14232
245005626;14233
245022300;14234
245038973;14235
245055647;14236
245072320;14237
245088994;14238
245105668;14239
245122341;14240
245139015;14241
245155689;14242
245172362;14243
245189036;14244
245205710;14245
245222383;14246
245239057;14247
245255730;14248
245272404;14249
245289078;14250
245305751;14251
245322425;14252
245339099;14253
245355772;14254
245372446;14255
245405793;14256
245422467;14257
245439140;14258
245455814;14259
245472488;14260
245489161;14261
245505835;14262
245522509;14263
245539182;14264
245555856;14265
245572529;14266
245589203;14267
245605877;14268
245622550;14269
245639224;14270
245655898;14271
245672571;14272
245689245;14273
245705918;14274
245722592;14275
245739266;14276
245755939;14277
245772613;14278
245789287;14279
245805960;14280
245822634;14281
245839308;14282
245855981;14283
245872655;14284
245906002;14285
245922676;14286
245939349;14287
245956023;14288
245972697;14289
245989370;14290
246006044;14291
246022717;14292
246039391;14293
246056065;14294
246072738;14295
246089412;14296
246106086;14297
246122759;14298
246139433;14299
246156107;14300
246172780;14301
246189454;14302
246206127;14303
246222801;14304
246239475;14305
246256148;14306
246272822;14307
246289496;14308
246306169;14309
246322843;14310
246339516;14311
246356190;14312
246372864;14313
246406211;14314
246422885;14315
246439558;14316
246456232;14317
246472905;14318
246489579;14319
246506253;14320
246522926;14321
246539600;14322
246556274;14323
246572947;14324
246589621;14325
246606295;14326
246622968;14327
246639642;14328
246656315;14329
246672989;14330
246689663;14331
246706336;14332
246723010;14333
246739684;14334
246756357;14335
246773031;14336
246789704;14337
246806378;14338
246823052;14339
246839725;14340
246856399;14341
246873073;14342
246906420;14343
246923093;14344
246939767;14345
246956441;14346
246973114;14347
246989788;14348
247006462;14349
247023135;14350
247039809;14351
247056483;14352
247073156;14353
247089830;14354
247106503;14355
247123177;14356
247139851;14357
247156524;14358
247173198;14359
247189872;14360
247206545;14361
247223219;14362
247239892;14363
247256566;14364
247273240;14365
247289913;14366
247306587;14367
247323261;14368
247339934;14369
247356608;14370
247373282;14371
247406629;14372
247423302;14373
247439976;14374
247456650;14375
247473323;14376
247489997;14377
247506671;14378
247523344;14379
247540018;14380
247556691;14381
247573365;14382
247590039;14383
247606712;14384
247623386;14385
247640060;14386
247656733;14387
247673407;14388
247690081;14389
247706754;14390
247723428;14391
247740101;14392
247756775;14393
247773449;14394
247790122;14395
247806796;14396
247823470;14397
247840143;14398
247856817;14399
247873491;14400
247906838;14401
247923511;14402
247940185;14403
247956859;14404
247973532;14405
247990206;14406
248006880;14407
248023553;14408
248040227;14409
248056901;14410
248073574;14411
248090248;14412
248106921;14413
248123595;14414
248140269;14415
248156942;14416
248173616;14417
248190290;14418
248206963;14419
248223637;14420
248240310;14421
248256984;14422
248273658;14423
248290331;14424
248307005;14425
248323679;14426
248340352;14427
248357026;14428
248373700;14429
248407047;14430
248423720;14431
248440394;14432
248457068;14433
248473741;14434
248490415;14435
248507089;14436
248523762;14437
248540436;14438
248557109;14439
248573783;14440
248590457;14441
248607130;14442
248623804;14443
248640478;14444
248657151;14445
248673825;14446
248690499;14447
248707172;14448
248723846;14449
248740520;14450
248757193;14451
248773867;14452
248790540;14453
248807214;14454
248823888;14455
248840561;14456
248857235;14457
248873909;14458
248907256;14459
248923929;14460
248940603;14461
248957277;14462
248973950;14463
248990624;14464
249007298;14465
249023971;14466
249040645;14467
249057319;14468
249073992;14469
249090666;14470
249107339;14471
249124013;14472
249140687;14473
249157360;14474
249174034;14475
249190708;14476
249207381;14477
249224055;14478
249240729;14479
249257402;14480
249274076;14481
249290749;14482
249307423;14483
249324097;14484
249340770;14485
249357444;14486
249374118;14487
249407465;14488
249424139;14489
249440812;14490
249457486;14491
249474159;14492
249490833;14493
249507507;14494
249524180;14495
249540854;14496
249557528;14497
249574201;14498
249590875;14499
249607549;14500
249624222;14501
249640896;14502
249657569;14503
249674243;14504
249690917;14505
249707590;14506
249724264;14507
249740938;14508
249757611;14509
249774285;14510
249790959;14511
249807632;14512
249824306;14513
249840979;14514
249857653;14515
249874327;14516
249907674;14517
249924348;14518
249941021;14519
249957695;14520
249974368;14521
249991042;14522
250007716;14523
250024389;14524
250041063;14525
250057737;14526
250074410;14527
250091084;14528
250107758;14529
250124431;14530
250141105;14531
250157778;14532
250174452;14533
250191126;14534
250207799;14535
250224473;14536
250241147;14537
250257820;14538
250274494;14539
250291168;14540
250307841;14541
250324515;14542
250341188;14543
250357862;14544
250374536;14545
250407883;14546
250424557;14547
250441230;14548
250457904;14549
250474578;14550
250491251;14551
250507925;14552
250524599;14553
250541272;14554
250557946;14555
250574619;14556
250591293;14557
250607967;14558
250624640;14559
250641314;14560
250657988;14561
250674661;14562
250691335;14563
250708009;14564
250724682;14565
250741356;14566
250758029;14567
250774703;14568
250791377;14569
250808050;14570
250824724;14571
250841398;14572
250858071;14573
250874745;14574
250908092;14575
250924766;14576
250941439;14577
250958113;14578
250974787;14579
250991460;14580
251008134;14581
251024808;14582
251041481;14583
251058155;14584
251074829;14585
251091502;14586
251108176;14587
251124849;14588
251141523;14589
251158197;14590
251174870;14591
251191544;14592
251208218;14593
251224891;14594
251241565;14595
251258239;14596
251274912;14597
251291586;14598
251308259;14599
251324933;14600
251341607;14601
251358280;14602
251374954;14603
251408301;14604
251424975;14605
251441649;14606
251458322;14607
251474996;14608
251491669;14609
251508343;14610
251525017;14611
251541690;14612
251558364;14613
251575038;14614
251591711;14615
251608385;14616
251625059;14617
251641732;14618
251658406;14619
251675080;14620
251691753;14621
251708427;14622
251725100;14623
251741774;14624
251758448;14625
251775121;14626
251791795;14627
251808469;14628
251825142;14629
251841816;14630
251858489;14631
251875163;14632
251908510;14633
251925184;14634
251941858;14635
251958531;14636
251975205;14637
251991879;14638
252008552;14639
252025226;14640
252041900;14641
252058573;14642
252075247;14643
252091920;14644
252108594;14645
252125268;14646
252141941;14647
252158615;14648
252175289;14649
252191962;14650
252208636;14651
252225310;14652
252241983;14653
252258657;14654
252275330;14655
252292004;14656
252308678;14657
252325351;14658
252342025;14659
252358699;14660
252375372;14661
252408720;14662
252425393;14663
252442067;14664
252458740;14665
252475414;14666
252492088;14667
252508761;14668
252525435;14669
252542109;14670
252558782;14671
252575456;14672
252592130;14673
252608803;14674
252625477;14675
252642151;14676
252658824;14677
252675498;14678
252692171;14679
252708845;14680
252725519;14681
252742192;14682
252758866;14683
252775540;14684
252792213;14685
252808887;14686
252825560;14687
252842234;14688
252858908;14689
252875581;14690
252908929;14691
252925602;14692
252942276;14693
252958950;14694
252975623;14695
252992297;14696
253008971;14697
253025644;14698
253042318;14699
253058992;14700
253075665;14701
253092339;14702
253109012;14703
253125686;14704
253142360;14705
253159033;14706
253175707;14707
253192381;14708
253209054;14709
253225728;14710
253242402;14711
253259075;14712
253275749;14713
253292422;14714
253309096;14715
253325770;14716
253342443;14717
253359117;14718
253375791;14719
253409138;14720
253425812;14721
253442485;14722
253459159;14723
253475832;14724
253492506;14725
253509180;14726
253525853;14727
253542527;14728
253559201;14729
253575874;14730
253592548;14731
253609222;14732
253625895;14733
253642569;14734
253659243;14735
253675916;14736
253692590;14737
253709263;14738
253725937;14739
253742611;14740
253759284;14741
253775958;14742
253792632;14743
253809305;14744
253825979;14745
253842653;14746
253859326;14747
253876000;14748
253909347;14749
253926021;14750
253942694;14751
253959368;14752
253976042;14753
253992715;14754
254009389;14755
254026063;14756
254042736;14757
254059410;14758
254076083;14759
254092757;14760
254109431;14761
254126104;14762
254142778;14763
254159452;14764
254176125;14765
254192799;14766
254209473;14767
254226146;14768
254242820;14769
254259494;14770
254276167;14771
254292841;14772
254309514;14773
254326188;14774
254342862;14775
254359535;14776
254376209;14777
254409556;14778
254426230;14779
254442904;14780
254459577;14781
254476251;14782
254492924;14783
254509598;14784
254526272;14785
254542945;14786
254559619;14787
254576293;14788
254592966;14789
254609640;14790
254626314;14791
254642987;14792
254659661;14793
254676335;14794
254693008;14795
254709682;14796
254726356;14797
254743029;14798
254759703;14799
254776376;14800
254793050;14801
254809724;14802
254826397;14803
254843071;14804
254859745;14805
254876418;14806
254909766;14807
254926439;14808
254943113;14809
254959786;14810
254976460;14811
254993134;14812
255009807;14813
255026481;14814
255043155;14815
255059828;14816
255076502;14817
255093176;14818
255109849;14819
255126523;14820
255143196;14821
255159870;14822
255176544;14823
255193217;14824
255209891;14825
255226565;14826
255243238;14827
255259912;14828
255276586;14829
255293259;14830
255309933;14831
255326607;14832
255343280;14833
255359954;14834
255376627;14835
255409975;14836
255426648;14837
255443322;14838
255459996;14839
255476669;14840
255493343;14841
255510017;14842
255526690;14843
255543364;14844
255560038;14845
255576711;14846
255593385;14847
255610058;14848
255626732;14849
255643406;14850
255660079;14851
255676753;14852
255693427;14853
255710100;14854
255726774;14855
255743448;14856
255760121;14857
255776795;14858
255793469;14859
255810142;14860
255826816;14861
255843489;14862
255860163;14863
255876837;14864
255910184;14865
255926858;14866
255943531;14867
255960205;14868
255976879;14869
255993552;14870
256010226;14871
256026899;14872
256043573;14873
256060247;14874
256076920;14875
256093594;14876
256110268;14877
256126941;14878
256143615;14879
256160289;14880
256176962;14881
256193636;14882
256210310;14883
256226983;14884
256243657;14885
256260330;14886
256277004;14887
256293678;14888
256310351;14889
256327025;14890
256343699;14891
256360372;14892
256377046;14893
256410393;14894
256427067;14895
256443741;14896
256460414;14897
256477088;14898
256493761;14899
256510435;14900
256527109;14901
256543782;14902
256560456;14903
256577130;14904
256593803;14905
256610477;14906
256627151;14907
256643824;14908
256660498;14909
256677172;14910
256693845;14911
256710519;14912
256727192;14913
256743866;14914
256760540;14915
256777213;14916
256793887;14917
256810561;14918
256827234;14919
256843908;14920
256860582;14921
256877255;14922
256910602;14923
256927276;14924
256943950;14925
256960623;14926
256977297;14927
256993971;14928
257010644;14929
257027318;14930
257043992;14931
257060665;14932
257077339;14933
257094013;14934
257110686;14935
257127360;14936
257144034;14937
257160707;14938
257177381;14939
257194054;14940
257210728;14941
257227402;14942
257244075;14943
257260749;14944
257277423;14945
257294096;14946
257310770;14947
257327444;14948
257344117;14949
257360791;14950
257377464;14951
257410812;14952
257427485;14953
257444159;14954
257460833;14955
257477506;14956
257494180;14957
257510854;14958
257527527;14959
257544201;14960
257560874;14961
257577548;14962
257594222;14963
257610895;14964
257627569;14965
257644243;14966
257660916;14967
257677590;14968
257694264;14969
257710937;14970
257727611;14971
257744285;14972
257760958;14973
257777632;14974
257794306;14975
257810979;14976
257827653;14977
257844326;14978
257861000;14979
257877674;14980
257911021;14981
257927695;14982
257944368;14983
257961042;14984
257977716;14985
257994389;14986
258011063;14987
258027737;14988
258044410;14989
258061084;14990
258077757;14991
258094431;14992
258111105;14993
258127778;14994
258144452;14995
258161126;14996
258177799;14997
258194473;14998
258211147;14999
258227820;15000
258244494;15001
258261167;15002
258277841;15003
258294515;15004
258311188;15005
258327862;15006
258344536;15007
258361209;15008
258377883;15009
258411230;15010
258427904;15011
258444578;15012
258461251;15013
258477925;15014
258494598;15015
258511272;15016
258527946;15017
258544619;15018
258561293;15019
258577967;15020
258594640;15021
258611314;15022
258627988;15023
258644661;15024
258661335;15025
258678009;15026
258694682;15027
258711356;15028
258728029;15029
258744703;15030
258761377;15031
258778050;15032
258794724;15033
258811398;15034
258828071;15035
258844745;15036
258861419;15037
258878092;15038
258911440;15039
258928113;15040
258944787;15041
258961460;15042
258978134;15043
258994808;15044
259011481;15045
259028155;15046
259044829;15047
259061502;15048
259078176;15049
259094850;15050
259111523;15051
259128197;15052
259144870;15053
259161544;15054
259178218;15055
259194891;15056
259211565;15057
259228239;15058
259244912;15059
259261586;15060
259278260;15061
259294933;15062
259311607;15063
259328281;15064
259344954;15065
259361628;15066
259378302;15067
259411649;15068
259428322;15069
259444996;15070
259461670;15071
259478343;15072
259495017;15073
259511691;15074
259528364;15075
259545038;15076
259561712;15077
259578385;15078
259595059;15079
259611733;15080
259628406;15081
259645080;15082
259661753;15083
259678427;15084
259695101;15085
259711774;15086
259728448;15087
259745122;15088
259761795;15089
259778469;15090
259795143;15091
259811816;15092
259828490;15093
259845164;15094
259861837;15095
259878511;15096
259911858;15097
259928532;15098
259945205;15099
259961879;15100
259978553;15101
259995226;15102
260011900;15103
260028574;15104
260045247;15105
260061921;15106
260078595;15107
260095268;15108
260111942;15109
260128615;15110
260145289;15111
260161963;15112
260178636;15113
260195310;15114
260211984;15115
260228657;15116
260245331;15117
260262005;15118
260278678;15119
260295352;15120
260312026;15121
260328699;15122
260345373;15123
260362046;15124
260378720;15125
260412067;15126
260428741;15127
260445415;15128
260462088;15129
260478762;15130
260495436;15131
260512109;15132
260528783;15133
260545456;15134
260562130;15135
260578804;15136
260595477;15137
260612151;15138
260628825;15139
260645498;15140
260662172;15141
260678846;15142
260695519;15143
260712193;15144
260728867;15145
260745540;15146
260762214;15147
260778887;15148
260795561;15149
260812235;15150
260828908;15151
260845582;15152
260862256;15153
260878929;15154
260912277;15155
260928950;15156
260945624;15157
260962298;15158
260978971;15159
260995645;15160
261012319;15161
261028992;15162
261045666;15163
261062339;15164
261079013;15165
261095687;15166
261112360;15167
261129034;15168
261145708;15169
261162381;15170
261179055;15171
261195729;15172
261212402;15173
261229076;15174
261245749;15175
261262423;15176
261279097;15177
261295770;15178
261312444;15179
261329118;15180
261345791;15181
261362465;15182
261379139;15183
261412486;15184
261429159;15185
261445833;15186
261462507;15187
261479180;15188
261495854;15189
261512528;15190
261529201;15191
261545875;15192
261562549;15193
261579222;15194
261595896;15195
261612570;15196
261629243;15197
261645917;15198
261662591;15199
261679264;15200
261695938;15201
-1;-1
-1;-1
-1;-1
-1;-1
-1;-1
-1;-1
-1;-1
-1;-1
-1;-1
-1;-1
-1;-1
-1;-1
-1;-1
-1;-1
-1;-1
-1;-1
-1;-1
-1;-1
-1;-1
-1;-1
-1;-1
-1;-1
-1;-1
-1;-1
-1;-1
-1;-1
-1;-1
-1;-1
-1;-1
-1;-1
-1;-1
-1;-1
-1;-1
-1;-1
-1;-1
-1;-1
-1;-1
-1;-1
-1;-1
-1;-1
-1;-1
-1;-1
-1;-1
-1;-1
-1;-1
-1;-1
-1;-1
-1;-1
-1;-1
-1;-1
-1;-1
-1;-1
-1;-1
-1;-1
-1;-1
-1;-1
-1;-1
-1;-1
-1;-1
-1;-1
-1;-1
-1;-1
-1;-1
-1;-1
-1;-1
-1;-1
-1;-1
-1;-1
-1;-1
-1;-1
-1;-1
-1;-1
-1;-1
-1;-1
-1;-1
-1;-1
-1;-1
-1;-1
-1;-1
-1;-1
-1;-1
-1;-1
-1;-1
-1;-1
-1;-1
-1;-1
-1;-1
-1;-1
-1;-1
-1;-1
-1;-1
-1;-1
-1;-1
-1;-1
-1;-1
-1;-1
-1;-1
-1;-1
-1;-1
-1;-1
-1;-1
-1;-1
-1;-1
