210674381;12245
210691054;12246
210707728;12247
210724402;12248
210741075;12249
210757749;12250
210774422;12251
210791096;12252
210807770;12253
210824443;12254
210841117;12255
210857791;12256
210874464;12257
210891138;12258
210907812;12259
210924485;12260
210941159;12261
210957833;12262
210974506;12263
210991180;12264
211007853;12265
211024527;12266
211041201;12267
211057874;12268
211074548;12269
211091222;12270
211124569;12271
211141243;12272
211157916;12273
211174590;12274
211191263;12275
211207937;12276
211224611;12277
211241284;12278
211257958;12279
211274632;12280
211291305;12281
211307979;12282
211324653;12283
211341326;12284
211358000;12285
211374673;12286
211391347;12287
211408021;12288
211424694;12289
211441368;12290
211458042;12291
211474715;12292
211491389;12293
211508063;12294
211524736;12295
211541410;12296
211558084;12297
211574757;12298
211591431;12299
211624778;12300
211641452;12301
211658125;12302
211674799;12303
211691473;12304
211708146;12305
211724820;12306
211741494;12307
211758167;12308
211774841;12309
211791515;12310
211808188;12311
211824862;12312
211841535;12313
211858209;12314
211874883;12315
211891556;12316
211908230;12317
211924904;12318
211941577;12319
211958251;12320
211974925;12321
211991598;12322
212008272;12323
212024946;12324
212041619;12325
212058293;12326
212074966;12327
212091640;12328
212124987;12329
212141661;12330
212158335;12331
212175008;12332
212191682;12333
212208356;12334
212225029;12335
212241703;12336
212258377;12337
212275050;12338
212291724;12339
212308397;12340
212325071;12341
212341745;12342
212358418;12343
212375092;12344
212391766;12345
212408439;12346
212425113;12347
212441787;12348
212458460;12349
212475134;12350
212491807;12351
212508481;12352
212525155;12353
212541828;12354
212558502;12355
212575176;12356
212591849;12357
212625197;12358
212641870;12359
212658544;12360
212675218;12361
212691891;12362
212708565;12363
212725239;12364
212741912;12365
212758586;12366
212775259;12367
212791933;12368
212808607;12369
212825280;12370
212841954;12371
212858628;12372
212875301;12373
212891975;12374
212908648;12375
212925322;12376
212941996;12377
212958669;12378
212975343;12379
212992017;12380
213008690;12381
213025364;12382
213042038;12383
213058711;12384
213075385;12385
213092058;12386
213125406;12387
213142080;12388
213158753;12389
213175427;12390
213192100;12391
213208774;12392
213225448;12393
213242121;12394
213258795;12395
213275469;12396
213292142;12397
213308816;12398
213325489;12399
213342163;12400
213358837;12401
213375510;12402
213392184;12403
213408858;12404
213425531;12405
213442205;12406
213458879;12407
213475552;12408
213492226;12409
213508900;12410
213525573;12411
213542247;12412
213558920;12413
213575594;12414
213592268;12415
213625615;12416
213642289;12417
213658962;12418
213675636;12419
213692310;12420
213708983;12421
213725657;12422
213742330;12423
213759004;12424
213775678;12425
213792351;12426
213809025;12427
213825699;12428
213842372;12429
213859046;12430
213875720;12431
213892393;12432
213909067;12433
213925741;12434
213942414;12435
213959088;12436
213975761;12437
213992435;12438
214009109;12439
214025782;12440
214042456;12441
214059130;12442
214075803;12443
214092477;12444
214125824;12445
214142498;12446
214159172;12447
214175845;12448
214192519;12449
214209192;12450
214225866;12451
214242540;12452
214259213;12453
214275887;12454
214292561;12455
214309234;12456
214325908;12457
214342581;12458
214359255;12459
214375929;12460
214392602;12461
214409276;12462
214425950;12463
214442623;12464
214459297;12465
214475971;12466
214492644;12467
214509318;12468
214525992;12469
214542665;12470
214559339;12471
214576012;12472
214592686;12473
214626033;12474
214642707;12475
214659381;12476
214676054;12477
214692728;12478
214709402;12479
214726075;12480
214742749;12481
214759422;12482
214776096;12483
214792770;12484
214809443;12485
214826117;12486
214842791;12487
214859464;12488
214876138;12489
214892812;12490
214909485;12491
214926159;12492
214942832;12493
214959506;12494
214976180;12495
214992853;12496
215009527;12497
215026201;12498
215042874;12499
215059548;12500
215076221;12501
215092895;12502
215126242;12503
215142916;12504
215159590;12505
215176263;12506
215192937;12507
215209611;12508
215226284;12509
215242958;12510
215259632;12511
215276305;12512
215292979;12513
215309652;12514
215326326;12515
215343000;12516
215359673;12517
215376347;12518
215393021;12519
215409694;12520
215426368;12521
215443042;12522
215459715;12523
215476389;12524
215493063;12525
215509736;12526
215526410;12527
215543083;12528
215559757;12529
215576431;12530
215593104;12531
215626452;12532
215643125;12533
215659799;12534
215676472;12535
215693146;12536
215709820;12537
215726493;12538
215743167;12539
215759841;12540
215776514;12541
215793188;12542
215809862;12543
215826535;12544
215843209;12545
215859882;12546
215876556;12547
215893230;12548
215909903;12549
215926577;12550
215943251;12551
215959924;12552
215976598;12553
215993272;12554
216009945;12555
216026619;12556
216043292;12557
216059966;12558
216076640;12559
216093313;12560
216126661;12561
216143334;12562
216160008;12563
216176682;12564
216193355;12565
216210029;12566
216226702;12567
216243376;12568
216260050;12569
216276723;12570
216293397;12571
216310071;12572
216326744;12573
216343418;12574
216360092;12575
216376765;12576
216393439;12577
216410112;12578
216426786;12579
216443460;12580
216460133;12581
216476807;12582
216493481;12583
216510154;12584
216526828;12585
216543502;12586
216560175;12587
216576849;12588
216593522;12589
216626870;12590
216643543;12591
216660217;12592
216676891;12593
216693564;12594
216710238;12595
216726912;12596
216743585;12597
216760259;12598
216776932;12599
216793606;12600
216810280;12601
216826953;12602
216843627;12603
216860301;12604
216876974;12605
216893648;12606
216910322;12607
216926995;12608
216943669;12609
216960342;12610
216977016;12611
216993690;12612
217010363;12613
217027037;12614
217043711;12615
217060384;12616
217077058;12617
217093732;12618
217127079;12619
217143752;12620
217160426;12621
217177100;12622
217193773;12623
217210447;12624
217227121;12625
217243794;12626
217260468;12627
217277142;12628
217293815;12629
217310489;12630
217327162;12631
217343836;12632
217360510;12633
217377183;12634
217393857;12635
217410531;12636
217427204;12637
217443878;12638
217460552;12639
217477225;12640
217493899;12641
217510572;12642
217527246;12643
217543920;12644
217560593;12645
217577267;12646
217593941;12647
217627288;12648
217643962;12649
217660635;12650
217677309;12651
217693982;12652
217710656;12653
217727330;12654
217744003;12655
217760677;12656
217777351;12657
217794024;12658
217810698;12659
217827371;12660
217844045;12661
217860719;12662
217877392;12663
217894066;12664
217910740;12665
217927413;12666
217944087;12667
217960761;12668
217977434;12669
217994108;12670
218010781;12671
218027455;12672
218044129;12673
218060802;12674
218077476;12675
218094150;12676
218127497;12677
218144170;12678
218160844;12679
218177518;12680
218194191;12681
218210865;12682
218227539;12683
218244212;12684
218260886;12685
218277560;12686
218294233;12687
218310907;12688
218327581;12689
218344254;12690
218360928;12691
218377601;12692
218394275;12693
218410949;12694
218427622;12695
218444296;12696
218460970;12697
218477643;12698
218494317;12699
218510991;12700
218527664;12701
218544338;12702
218561011;12703
218577685;12704
218594359;12705
218627706;12706
218644379;12707
218661053;12708
218677727;12709
218694400;12710
218711074;12711
218727748;12712
218744421;12713
218761095;12714
218777769;12715
218794442;12716
218811116;12717
218827790;12718
218844463;12719
218861137;12720
218877810;12721
218894484;12722
218911158;12723
218927831;12724
218944505;12725
218961179;12726
218977852;12727
218994526;12728
219011199;12729
219027873;12730
219044547;12731
219061220;12732
219077894;12733
219094568;12734
219127915;12735
219144589;12736
219161262;12737
219177936;12738
219194609;12739
219211283;12740
219227957;12741
219244630;12742
219261304;12743
219277978;12744
219294651;12745
219311325;12746
219327998;12747
219344672;12748
219361346;12749
219378019;12750
219394693;12751
219411367;12752
219428040;12753
219444714;12754
219461388;12755
219478061;12756
219494735;12757
219511408;12758
219528082;12759
219544756;12760
219561429;12761
219578103;12762
219594777;12763
219628124;12764
219644798;12765
219661471;12766
219678145;12767
219694818;12768
219711492;12769
219728166;12770
219744839;12771
219761513;12772
219778187;12773
219794860;12774
219811534;12775
219828207;12776
219844881;12777
219861555;12778
219878228;12779
219894902;12780
219911576;12781
219928249;12782
219944923;12783
219961597;12784
219978270;12785
219994944;12786
220011617;12787
220028291;12788
220044965;12789
220061638;12790
220078312;12791
220094986;12792
220128333;12793
220145007;12794
220161680;12795
220178354;12796
220195027;12797
220211701;12798
220228375;12799
220245048;12800
220261722;12801
220278395;12802
220295069;12803
220311743;12804
220328416;12805
220345090;12806
220361764;12807
220378437;12808
220395111;12809
220411785;12810
220428458;12811
220445132;12812
220461806;12813
220478479;12814
220495153;12815
220511826;12816
220528500;12817
220545174;12818
220561847;12819
220578521;12820
220595195;12821
220628542;12822
220645215;12823
220661889;12824
220678563;12825
220695236;12826
220711910;12827
220728584;12828
220745257;12829
220761931;12830
220778604;12831
220795278;12832
220811952;12833
220828625;12834
220845299;12835
220861973;12836
220878646;12837
220895320;12838
220911994;12839
220928667;12840
220945341;12841
220962014;12842
220978688;12843
220995362;12844
221012035;12845
221028709;12846
221045383;12847
221062056;12848
221078730;12849
221095403;12850
221128751;12851
221145424;12852
221162098;12853
221178772;12854
221195445;12855
221212119;12856
221228793;12857
221245466;12858
221262140;12859
221278813;12860
221295487;12861
221312161;12862
221328834;12863
221345508;12864
221362182;12865
221378855;12866
221395529;12867
221412202;12868
221428876;12869
221445550;12870
221462223;12871
221478897;12872
221495571;12873
221512244;12874
221528918;12875
221545592;12876
221562265;12877
221578939;12878
221595612;12879
221628960;12880
221645633;12881
221662307;12882
221678981;12883
221695654;12884
221712328;12885
221729001;12886
221745675;12887
221762349;12888
221779022;12889
221795696;12890
221812370;12891
221829043;12892
221845717;12893
221862390;12894
221879064;12895
221895738;12896
221912411;12897
221929085;12898
221945759;12899
221962432;12900
221979106;12901
221995779;12902
222012453;12903
222029127;12904
222045800;12905
222062474;12906
222079148;12907
222095821;12908
222129169;12909
222145842;12910
222162516;12911
222179189;12912
222195863;12913
222212537;12914
222229210;12915
222245884;12916
222262558;12917
222279231;12918
222295905;12919
222312578;12920
222329252;12921
222345926;12922
222362599;12923
222379273;12924
222395947;12925
222412620;12926
222429294;12927
222445968;12928
222462641;12929
222479315;12930
222495988;12931
222512662;12932
222529336;12933
222546009;12934
222562683;12935
222579357;12936
222596030;12937
222629377;12938
222646051;12939
222662725;12940
222679398;12941
222696072;12942
222712746;12943
222729419;12944
222746093;12945
222762766;12946
222779440;12947
222796114;12948
222812787;12949
222829461;12950
222846135;12951
222862808;12952
222879482;12953
222896156;12954
222912829;12955
222929503;12956
222946176;12957
222962850;12958
222979524;12959
222996197;12960
223012871;12961
223029545;12962
223046218;12963
223062892;12964
223079565;12965
223096239;12966
223129586;12967
223146260;12968
223162934;12969
223179607;12970
223196281;12971
223212955;12972
223229628;12973
223246302;12974
223262975;12975
223279649;12976
223296323;12977
223312996;12978
223329670;12979
223346344;12980
223363017;12981
223379691;12982
223396364;12983
223413038;12984
223429712;12985
223446385;12986
223463059;12987
223479733;12988
223496406;12989
223513080;12990
223529753;12991
223546427;12992
223563101;12993
223579774;12994
223596448;12995
223629795;12996
223646469;12997
223663142;12998
223679816;12999
223696490;13000
223713163;13001
223729837;13002
223746511;13003
223763184;13004
223779858;13005
223796532;13006
223813205;13007
223829879;13008
223846552;13009
223863226;13010
223879900;13011
223896573;13012
223913247;13013
223929921;13014
223946594;13015
223963268;13016
223979941;13017
223996615;13018
224013289;13019
224029962;13020
224046636;13021
224063310;13022
224079983;13023
224096657;13024
224130004;13025
224146678;13026
224163351;13027
224180025;13028
224196699;13029
224213372;13030
224230046;13031
224246719;13032
224263393;13033
224280067;13034
224296740;13035
224313414;13036
224330088;13037
224346761;13038
224363435;13039
224380108;13040
224396782;13041
224413456;13042
224430129;13043
224446803;13044
224463477;13045
224480150;13046
224496824;13047
224513498;13048
224530171;13049
224546845;13050
224563518;13051
224580192;13052
224596866;13053
224630213;13054
224646887;13055
224663560;13056
224680234;13057
224696907;13058
224713581;13059
224730255;13060
224746928;13061
224763602;13062
224780276;13063
224796949;13064
224813623;13065
224830296;13066
224846970;13067
224863644;13068
224880317;13069
224896991;13070
224913665;13071
224930338;13072
224947012;13073
224963686;13074
224980359;13075
224997033;13076
225013706;13077
225030380;13078
225047054;13079
225063727;13080
225080401;13081
225097074;13082
225130422;13083
225147095;13084
225163769;13085
225180443;13086
225197116;13087
225213790;13088
225230464;13089
225247137;13090
225263811;13091
225280484;13092
225297158;13093
225313832;13094
225330505;13095
225347179;13096
225363853;13097
225380526;13098
225397200;13099
225413874;13100
225430547;13101
225447221;13102
225463894;13103
225480568;13104
225497242;13105
225513915;13106
225530589;13107
225547262;13108
225563936;13109
225580610;13110
225597283;13111
225630631;13112
225647304;13113
225663978;13114
225680652;13115
225697325;13116
225713999;13117
225730672;13118
225747346;13119
225764020;13120
225780693;13121
225797367;13122
225814041;13123
225830714;13124
225847388;13125
225864061;13126
225880735;13127
225897409;13128
225914082;13129
225930756;13130
225947430;13131
225964103;13132
225980777;13133
225997450;13134
226014124;13135
226030798;13136
226047471;13137
226064145;13138
226080819;13139
226097492;13140
226130839;13141
226147513;13142
226164187;13143
226180860;13144
226197534;13145
226214208;13146
226230881;13147
226247555;13148
226264228;13149
226280902;13150
226297576;13151
226314249;13152
226330923;13153
226347597;13154
226364270;13155
226380944;13156
226397618;13157
226414291;13158
226430965;13159
226447638;13160
226464312;13161
226480986;13162
226497659;13163
226514333;13164
226531007;13165
226547680;13166
226564354;13167
226581027;13168
226597701;13169
226631048;13170
226647722;13171
226664396;13172
226681069;13173
226697743;13174
226714416;13175
226731090;13176
226747764;13177
226764437;13178
226781111;13179
226797785;13180
226814458;13181
226831132;13182
226847805;13183
226864479;13184
226881153;13185
226897826;13186
226914500;13187
226931174;13188
226947847;13189
226964521;13190
226981194;13191
226997868;13192
227014542;13193
227031215;13194
227047889;13195
227064563;13196
227081236;13197
227097910;13198
227131257;13199
227147931;13200
227164604;13201
227181278;13202
227197952;13203
227214625;13204
227231299;13205
227247972;13206
227264646;13207
227281320;13208
227297993;13209
227314667;13210
227331341;13211
227348014;13212
227364688;13213
227381361;13214
227398035;13215
227414709;13216
227431382;13217
227448056;13218
227464730;13219
227481403;13220
227498077;13221
227514751;13222
227531424;13223
227548098;13224
227564771;13225
227581445;13226
227598119;13227
227631466;13228
227648140;13229
227664813;13230
227681487;13231
227698160;13232
227714834;13233
227731508;13234
227748181;13235
227764855;13236
227781529;13237
227798202;13238
227814876;13239
227831550;13240
227848223;13241
227864897;13242
227881570;13243
227898244;13244
227914918;13245
227931591;13246
227948265;13247
227964939;13248
227981612;13249
227998286;13250
228014959;13251
228031633;13252
228048307;13253
228064980;13254
228081654;13255
228098327;13256
228131675;13257
228148348;13258
228165022;13259
228181696;13260
228198369;13261
228215043;13262
228231716;13263
228248390;13264
228265064;13265
228281737;13266
228298411;13267
228315085;13268
228331758;13269
228348432;13270
228365106;13271
228381779;13272
228398453;13273
228415126;13274
228431800;13275
228448474;13276
228465147;13277
228481821;13278
228498495;13279
228515168;13280
228531842;13281
228548515;13282
228565189;13283
228581863;13284
228598536;13285
228631883;13286
228648557;13287
228665231;13288
228681904;13289
228698578;13290
228715252;13291
228731925;13292
228748599;13293
228765273;13294
228781946;13295
228798620;13296
228815293;13297
228831967;13298
228848641;13299
228865314;13300
228881988;13301
228898662;13302
228915335;13303
228932009;13304
228948682;13305
228965356;13306
228982030;13307
228998703;13308
229015377;13309
229032051;13310
229048724;13311
229065398;13312
229082071;13313
229098745;13314
229132092;13315
229148766;13316
229165440;13317
229182113;13318
229198787;13319
229215461;13320
229232134;13321
229248808;13322
229265481;13323
229282155;13324
229298829;13325
229315502;13326
229332176;13327
229348850;13328
229365523;13329
229382197;13330
229398870;13331
229415544;13332
229432218;13333
229448891;13334
229465565;13335
229482238;13336
229498912;13337
229515586;13338
229532259;13339
229548933;13340
229565607;13341
229582280;13342
229598954;13343
229632301;13344
229648975;13345
229665648;13346
229682322;13347
229698996;13348
229715669;13349
229732343;13350
229749016;13351
229765690;13352
229782364;13353
229799037;13354
229815711;13355
229832385;13356
229849058;13357
229865732;13358
229882406;13359
229899079;13360
229915753;13361
229932426;13362
229949100;13363
229965774;13364
229982447;13365
229999121;13366
230015794;13367
230032468;13368
230049142;13369
230065815;13370
230082489;13371
230099163;13372
230132510;13373
230149184;13374
230165857;13375
230182531;13376
230199204;13377
230215878;13378
230232552;13379
230249225;13380
230265899;13381
230282573;13382
230299246;13383
230315920;13384
230332593;13385
230349267;13386
230365941;13387
230382614;13388
230399288;13389
230415962;13390
230432635;13391
230449309;13392
230465983;13393
230482656;13394
230499330;13395
230516003;13396
230532677;13397
230549351;13398
230566024;13399
230582698;13400
230599372;13401
230632719;13402
230649392;13403
230666066;13404
230682740;13405
230699413;13406
230716087;13407
230732760;13408
230749434;13409
230766108;13410
230782781;13411
230799455;13412
230816129;13413
230832802;13414
230849476;13415
230866149;13416
230882823;13417
230899497;13418
230916170;13419
230932844;13420
230949518;13421
230966191;13422
230982865;13423
230999539;13424
231016212;13425
231032886;13426
231049559;13427
231066233;13428
231082907;13429
231099580;13430
231132928;13431
231149601;13432
231166275;13433
231182948;13434
231199622;13435
231216296;13436
231232969;13437
231249643;13438
231266317;13439
231282990;13440
231299664;13441
231316337;13442
231333011;13443
231349685;13444
231366358;13445
231383032;13446
231399706;13447
231416379;13448
231433053;13449
231449726;13450
231466400;13451
231483074;13452
231499747;13453
231516421;13454
231533095;13455
231549768;13456
231566442;13457
231583115;13458
231599789;13459
231633136;13460
231649810;13461
231666484;13462
231683157;13463
231699831;13464
231716505;13465
231733178;13466
231749852;13467
231766525;13468
231783199;13469
231799873;13470
231816546;13471
231833220;13472
231849893;13473
231866567;13474
231883241;13475
231899914;13476
231916588;13477
231933262;13478
231949935;13479
231966609;13480
231983282;13481
231999956;13482
232016630;13483
232033303;13484
232049977;13485
232066651;13486
232083324;13487
232099998;13488
232133345;13489
232150019;13490
232166692;13491
232183366;13492
232200040;13493
232216713;13494
232233387;13495
232250061;13496
232266734;13497
232283408;13498
232300082;13499
232316755;13500
232333429;13501
232350102;13502
232366776;13503
232383450;13504
232400123;13505
232416797;13506
232433471;13507
232450144;13508
232466818;13509
232483491;13510
232500165;13511
232516839;13512
232533512;13513
232550186;13514
232566859;13515
232583533;13516
232600207;13517
232633554;13518
232650228;13519
232666901;13520
232683575;13521
232700249;13522
232716922;13523
232733596;13524
232750269;13525
232766943;13526
232783617;13527
232800290;13528
232816964;13529
232833638;13530
232850311;13531
232866985;13532
232883658;13533
232900332;13534
232917006;13535
232933679;13536
232950353;13537
232967027;13538
232983700;13539
233000374;13540
233017047;13541
233033721;13542
233050395;13543
233067068;13544
233083742;13545
233100416;13546
233133763;13547
233150436;13548
233167110;13549
233183784;13550
233200457;13551
233217131;13552
233233805;13553
233250478;13554
233267152;13555
233283826;13556
233300499;13557
233317173;13558
233333846;13559
233350520;13560
233367194;13561
233383867;13562
233400541;13563
233417215;13564
233433888;13565
233450562;13566
233467235;13567
233483909;13568
233500583;13569
233517256;13570
233533930;13571
233550603;13572
233567277;13573
233583951;13574
233600624;13575
233633972;13576
233650645;13577
233667319;13578
233683993;13579
233700666;13580
233717340;13581
233734014;13582
233750687;13583
233767361;13584
233784034;13585
233800708;13586
233817382;13587
233834055;13588
233850729;13589
233867402;13590
233884076;13591
233900750;13592
233917423;13593
233934097;13594
233950771;13595
233967444;13596
233984118;13597
234000792;13598
234017465;13599
234034139;13600
234050812;13601
234067486;13602
234084160;13603
234100833;13604
234134181;13605
234150854;13606
234167528;13607
234184201;13608
234200875;13609
234217549;13610
234234222;13611
234250896;13612
234267569;13613
234284243;13614
234300917;13615
234317590;13616
234334264;13617
234350938;13618
234367611;13619
234384285;13620
234400959;13621
234417632;13622
234434306;13623
234450979;13624
234467653;13625
234484327;13626
234501000;13627
234517674;13628
234534348;13629
234551021;13630
234567695;13631
234584369;13632
234601042;13633
234634389;13634
234651063;13635
234667737;13636
234684410;13637
234701084;13638
234717758;13639
234734431;13640
234751105;13641
234767778;13642
234784452;13643
234801126;13644
234817799;13645
234834473;13646
234851147;13647
234867820;13648
234884494;13649
234901167;13650
234917841;13651
234934515;13652
234951188;13653
234967862;13654
234984536;13655
235001209;13656
235017883;13657
235034556;13658
235051230;13659
235067904;13660
235084577;13661
235101251;13662
235134598;13663
235151272;13664
235167945;13665
235184619;13666
235201293;13667
235217966;13668
235234640;13669
235251314;13670
235267987;13671
235284661;13672
235301335;13673
235318008;13674
235334682;13675
235351355;13676
235368029;13677
235384703;13678
235401376;13679
235418050;13680
235434724;13681
235451397;13682
235468071;13683
235484744;13684
235501418;13685
235518092;13686
235534765;13687
235551439;13688
235568113;13689
235584786;13690
235601460;13691
235634807;13692
235651481;13693
235668154;13694
235684828;13695
235701502;13696
235718175;13697
235734849;13698
235751523;13699
235768196;13700
235784870;13701
235801543;13702
235818217;13703
235834891;13704
235851564;13705
235868238;13706
235884912;13707
235901585;13708
235918259;13709
235934932;13710
235951606;13711
235968280;13712
235984953;13713
236001627;13714
236018301;13715
236034974;13716
236051648;13717
236068321;13718
236084995;13719
236101669;13720
236135016;13721
236151689;13722
236168363;13723
236185037;13724
236201710;13725
236218384;13726
236235058;13727
236251731;13728
236268405;13729
236285079;13730
236301752;13731
236318426;13732
236335099;13733
236351773;13734
236368447;13735
236385120;13736
236401794;13737
236418468;13738
236435141;13739
236451815;13740
236468488;13741
236485162;13742
236501836;13743
236518509;13744
236535183;13745
236551857;13746
236568530;13747
236585204;13748
236601878;13749
236635225;13750
236651898;13751
236668572;13752
236685246;13753
236701919;13754
236718593;13755
236735266;13756
236751940;13757
236768614;13758
236785287;13759
236801961;13760
236818635;13761
236835308;13762
236851982;13763
236868655;13764
236885329;13765
236902003;13766
236918676;13767
236935350;13768
236952024;13769
236968697;13770
236985371;13771
237002045;13772
237018718;13773
237035392;13774
237052065;13775
237068739;13776
237085413;13777
237102086;13778
237135434;13779
237152107;13780
237168781;13781
237185454;13782
237202128;13783
237218802;13784
237235475;13785
237252149;13786
237268823;13787
237285496;13788
237302170;13789
237318843;13790
237335517;13791
237352191;13792
237368864;13793
237385538;13794
237402212;13795
237418885;13796
237435559;13797
237452232;13798
237468906;13799
237485580;13800
237502253;13801
237518927;13802
237535601;13803
237552274;13804
237568948;13805
237585622;13806
237602295;13807
237635642;13808
237652316;13809
237668990;13810
237685663;13811
237702337;13812
237719010;13813
237735684;13814
237752358;13815
237769031;13816
237785705;13817
237802379;13818
237819052;13819
237835726;13820
237852400;13821
237869073;13822
237885747;13823
237902420;13824
237919094;13825
237935768;13826
237952441;13827
237969115;13828
237985789;13829
238002462;13830
238019136;13831
238035809;13832
238052483;13833
238069157;13834
238085830;13835
238102504;13836
238135851;13837
238152525;13838
238169198;13839
238185872;13840
238202546;13841
238219219;13842
238235893;13843
238252567;13844
238269240;13845
238285914;13846
238302588;13847
238319261;13848
238335935;13849
238352608;13850
238369282;13851
238385956;13852
238402629;13853
238419303;13854
238435976;13855
238452650;13856
238469324;13857
238485997;13858
238502671;13859
238519345;13860
238536018;13861
238552692;13862
238569366;13863
238586039;13864
238602713;13865
238636060;13866
238652734;13867
238669407;13868
238686081;13869
238702755;13870
238719428;13871
238736102;13872
238752775;13873
238769449;13874
238786123;13875
238802796;13876
238819470;13877
238836144;13878
238852817;13879
238869491;13880
238886164;13881
238902838;13882
238919512;13883
238936185;13884
238952859;13885
238969533;13886
238986206;13887
239002880;13888
239019553;13889
239036227;13890
239052901;13891
239069574;13892
239086248;13893
239102922;13894
239136269;13895
239152942;13896
239169616;13897
239186290;13898
239202963;13899
239219637;13900
239236311;13901
239252984;13902
239269658;13903
239286332;13904
239303005;13905
239319679;13906
239336352;13907
239353026;13908
239369700;13909
239386373;13910
239403047;13911
239419721;13912
239436394;13913
239453068;13914
239469741;13915
239486415;13916
239503089;13917
239519762;13918
239536436;13919
239553110;13920
239569783;13921
239586457;13922
239603130;13923
239636478;13924
239653151;13925
239669825;13926
239686499;13927
239703172;13928
239719846;13929
239736520;13930
239753193;13931
239769867;13932
239786540;13933
239803214;13934
239819888;13935
239836561;13936
239853235;13937
239869909;13938
239886582;13939
239903256;13940
239919929;13941
239936603;13942
239953277;13943
239969950;13944
239986624;13945
240003298;13946
240019971;13947
240036645;13948
240053319;13949
240069992;13950
240086666;13951
240103339;13952
240136687;13953
240153360;13954
240170034;13955
240186708;13956
240203381;13957
240220055;13958
240236728;13959
240253402;13960
240270076;13961
240286749;13962
240303423;13963
240320097;13964
240336770;13965
240353444;13966
240370117;13967
240386791;13968
240403465;13969
240420138;13970
240436812;13971
240453486;13972
240470159;13973
240486833;13974
240503507;13975
240520180;13976
240536854;13977
240553527;13978
240570201;13979
240586875;13980
240603548;13981
240636896;13982
240653569;13983
240670243;13984
240686917;13985
240703590;13986
240720264;13987
240736937;13988
240753611;13989
240770285;13990
240786958;13991
240803632;13992
240820305;13993
240836979;13994
240853653;13995
240870326;13996
240887000;13997
240903674;13998
240920347;13999
240937021;14000
240953695;14001
240970368;14002
240987042;14003
241003715;14004
241020389;14005
241037063;14006
241053736;14007
241070410;14008
241087084;14009
241103757;14010
241137104;14011
241153778;14012
241170452;14013
241187125;14014
241203799;14015
241220473;14016
241237146;14017
241253820;14018
241270494;14019
241287167;14020
241303841;14021
241320514;14022
241337188;14023
241353862;14024
241370535;14025
241387209;14026
241403883;14027
241420556;14028
241437230;14029
241453903;14030
241470577;14031
241487251;14032
241503924;14033
241520598;14034
241537272;14035
241553945;14036
241570619;14037
241587293;14038
241603966;14039
241637313;14040
241653987;14041
241670661;14042
241687334;14043
241704008;14044
241720682;14045
241737355;14046
241754029;14047
241770702;14048
241787376;14049
241804050;14050
241820723;14051
241837397;14052
241854071;14053
241870744;14054
241887418;14055
241904092;14056
241920765;14057
241937439;14058
241954112;14059
241970786;14060
241987460;14061
242004133;14062
242020807;14063
242037481;14064
242054154;14065
242070828;14066
242087502;14067
242104175;14068
242137522;14069
242154196;14070
242170870;14071
242187543;14072
242204217;14073
242220891;14074
242237564;14075
242254238;14076
242270911;14077
242287585;14078
242304259;14079
242320932;14080
242337606;14081
242354280;14082
242370953;14083
242387627;14084
242404301;14085
242420974;14086
242437648;14087
242454321;14088
242470995;14089
242487669;14090
242504342;14091
242521016;14092
242537690;14093
242554363;14094
242571037;14095
242587710;14096
242604384;14097
242637731;14098
242654405;14099
242671079;14100
242687752;14101
242704426;14102
242721100;14103
242737773;14104
242754447;14105
242771120;14106
242787794;14107
242804468;14108
242821141;14109
242837815;14110
242854489;14111
242871162;14112
242887836;14113
242904510;14114
242921183;14115
242937857;14116
242954530;14117
242971204;14118
242987878;14119
243004551;14120
243021225;14121
243037899;14122
243054572;14123
243071246;14124
243087920;14125
243104593;14126
243137940;14127
243154614;14128
243171288;14129
243187961;14130
243204635;14131
243221308;14132
243237982;14133
243254656;14134
243271329;14135
243288003;14136
243304677;14137
243321350;14138
243338024;14139
243354698;14140
243371371;14141
243388045;14142
243404718;14143
243421392;14144
243438066;14145
243454739;14146
243471413;14147
243488087;14148
243504760;14149
243521434;14150
243538108;14151
243554781;14152
243571455;14153
243588128;14154
243604802;14155
243638149;14156
243654823;14157
243671497;14158
243688170;14159
243704844;14160
243721518;14161
243738191;14162
243754865;14163
243771538;14164
243788212;14165
243804886;14166
243821559;14167
243838233;14168
243854907;14169
243871580;14170
243888254;14171
243904927;14172
243921601;14173
243938275;14174
243954948;14175
243971622;14176
243988296;14177
244004969;14178
244021643;14179
244038317;14180
244054990;14181
244071664;14182
244088338;14183
244105011;14184
244138358;14185
244155032;14186
244171706;14187
244188379;14188
244205053;14189
244221727;14190
244238400;14191
244255074;14192
244271747;14193
244288421;14194
244305095;14195
244321768;14196
244338442;14197
244355116;14198
244371789;14199
244388463;14200
244405137;14201
244421810;14202
244438484;14203
244455157;14204
244471831;14205
244488505;14206
244505178;14207
244521852;14208
244538526;14209
244555199;14210
244571873;14211
244588547;14212
244605220;14213
244638568;14214
244655241;14215
244671915;14216
244688588;14217
244705262;14218
244721936;14219
244738609;14220
244755283;14221
244771957;14222
244788630;14223
244805304;14224
244821978;14225
244838651;14226
244855325;14227
244871998;14228
244888672;14229
244905346;14230
244922019;14231
244938693;14232
244955367;14233
244972040;14234
244988714;14235
245005387;14236
245022061;14237
245038735;14238
245055408;14239
245072082;14240
245088756;14241
245105429;14242
245138777;14243
245155450;14244
245172124;14245
245188797;14246
245205471;14247
245222145;14248
245238818;14249
245255492;14250
245272166;14251
245288839;14252
245305513;14253
245322187;14254
245338860;14255
245355534;14256
245372207;14257
245388881;14258
245405555;14259
245422228;14260
245438902;14261
245455576;14262
245472249;14263
245488923;14264
245505597;14265
245522270;14266
245538944;14267
245555618;14268
245572291;14269
245588965;14270
245605638;14271
245638986;14272
245655659;14273
245672333;14274
245689007;14275
245705680;14276
245722354;14277
245739027;14278
245755701;14279
245772375;14280
245789048;14281
245805722;14282
245822396;14283
245839069;14284
245855743;14285
245872417;14286
245889090;14287
245905764;14288
245922437;14289
245939111;14290
245955785;14291
245972458;14292
245989132;14293
246005806;14294
246022479;14295
246039153;14296
246055827;14297
246072500;14298
246089174;14299
246105848;14300
246139195;14301
246155869;14302
246172542;14303
246189216;14304
246205889;14305
246222563;14306
246239237;14307
246255910;14308
246272584;14309
246289258;14310
246305931;14311
246322605;14312
246339278;14313
246355952;14314
246372626;14315
246389299;14316
246405973;14317
246422647;14318
246439320;14319
246455994;14320
246472668;14321
246489341;14322
246506015;14323
246522688;14324
246539362;14325
246556036;14326
246572709;14327
246589383;14328
246606057;14329
246639404;14330
246656078;14331
246672751;14332
246689425;14333
246706099;14334
246722772;14335
246739446;14336
246756119;14337
246772793;14338
246789467;14339
246806140;14340
246822814;14341
246839488;14342
246856161;14343
246872835;14344
246889509;14345
246906182;14346
246922856;14347
246939529;14348
246956203;14349
246972877;14350
246989550;14351
247006224;14352
247022898;14353
247039571;14354
247056245;14355
247072919;14356
247089592;14357
247106266;14358
247139613;14359
247156287;14360
247172960;14361
247189634;14362
247206308;14363
247222981;14364
247239655;14365
247256329;14366
247273002;14367
247289676;14368
247306350;14369
247323023;14370
247339697;14371
247356370;14372
247373044;14373
247389718;14374
247406391;14375
247423065;14376
247439739;14377
247456412;14378
247473086;14379
247489760;14380
247506433;14381
247523107;14382
247539781;14383
247556454;14384
247573128;14385
247589801;14386
247606475;14387
247639822;14388
247656496;14389
247673170;14390
247689843;14391
247706517;14392
247723191;14393
247739864;14394
247756538;14395
247773212;14396
247789885;14397
247806559;14398
247823232;14399
247839906;14400
247856580;14401
247873253;14402
247889927;14403
247906601;14404
247923274;14405
247939948;14406
247956622;14407
247973295;14408
247989969;14409
248006642;14410
248023316;14411
248039990;14412
248056663;14413
248073337;14414
248090011;14415
248106684;14416
248140032;14417
248156705;14418
248173379;14419
248190053;14420
248206726;14421
248223400;14422
248240073;14423
248256747;14424
248273421;14425
248290094;14426
248306768;14427
248323442;14428
248340115;14429
248356789;14430
248373463;14431
248390136;14432
248406810;14433
248423484;14434
248440157;14435
248456831;14436
248473504;14437
248490178;14438
248506852;14439
248523525;14440
248540199;14441
248556873;14442
248573546;14443
248590220;14444
248606894;14445
248640241;14446
248656915;14447
248673588;14448
248690262;14449
248706935;14450
248723609;14451
248740283;14452
248756956;14453
248773630;14454
248790304;14455
248806977;14456
248823651;14457
248840325;14458
248856998;14459
248873672;14460
248890346;14461
248907019;14462
248923693;14463
248940366;14464
248957040;14465
248973714;14466
248990387;14467
249007061;14468
249023735;14469
249040408;14470
249057082;14471
249073756;14472
249090429;14473
249107103;14474
249140450;14475
249157124;14476
249173797;14477
249190471;14478
249207145;14479
249223818;14480
249240492;14481
249257166;14482
249273839;14483
249290513;14484
249307186;14485
249323860;14486
249340534;14487
249357207;14488
249373881;14489
249390555;14490
249407228;14491
249423902;14492
249440576;14493
249457249;14494
249473923;14495
249490597;14496
249507270;14497
249523944;14498
249540618;14499
249557291;14500
249573965;14501
249590638;14502
249607312;14503
249640659;14504
249657333;14505
249674007;14506
249690680;14507
249707354;14508
249724028;14509
249740701;14510
249757375;14511
249774049;14512
249790722;14513
249807396;14514
249824070;14515
249840743;14516
249857417;14517
249874090;14518
249890764;14519
249907438;14520
249924111;14521
249940785;14522
249957459;14523
249974132;14524
249990806;14525
250007480;14526
250024153;14527
250040827;14528
250057501;14529
250074174;14530
250090848;14531
250107521;14532
250140869;14533
250157542;14534
250174216;14535
250190890;14536
250207563;14537
250224237;14538
250240911;14539
250257584;14540
250274258;14541
250290931;14542
250307605;14543
250324279;14544
250340952;14545
250357626;14546
250374300;14547
250390973;14548
250407647;14549
250424321;14550
250440994;14551
250457668;14552
250474342;14553
250491015;14554
250507689;14555
250524363;14556
250541036;14557
250557710;14558
250574384;14559
250591057;14560
250607731;14561
250641078;14562
250657752;14563
250674425;14564
250691099;14565
250707773;14566
250724446;14567
250741120;14568
250757794;14569
250774467;14570
250791141;14571
250807815;14572
250824488;14573
250841162;14574
250857835;14575
250874509;14576
250891183;14577
250907856;14578
250924530;14579
250941204;14580
250957877;14581
250974551;14582
250991225;14583
251007898;14584
251024572;14585
251041245;14586
251057919;14587
251074593;14588
251091266;14589
251107940;14590
251141287;14591
251157961;14592
251174635;14593
251191308;14594
251207982;14595
251224656;14596
251241329;14597
251258003;14598
251274677;14599
251291350;14600
251308024;14601
251324697;14602
251341371;14603
251358045;14604
251374719;14605
251391392;14606
251408066;14607
251424739;14608
251441413;14609
251458087;14610
251474760;14611
251491434;14612
251508108;14613
251524781;14614
251541455;14615
251558129;14616
251574802;14617
251591476;14618
251608150;14619
251641497;14620
251658170;14621
251674844;14622
251691518;14623
251708191;14624
251724865;14625
251741539;14626
251758212;14627
251774886;14628
251791560;14629
251808233;14630
251824907;14631
251841580;14632
251858254;14633
251874928;14634
251891601;14635
251908275;14636
251924949;14637
251941622;14638
251958296;14639
251974970;14640
251991643;14641
252008317;14642
252024991;14643
252041664;14644
252058338;14645
252075012;14646
252091685;14647
252108359;14648
252141706;14649
252158380;14650
252175053;14651
252191727;14652
252208401;14653
252225074;14654
252241748;14655
252258422;14656
252275095;14657
252291769;14658
252308443;14659
252325116;14660
252341790;14661
252358464;14662
252375137;14663
252391811;14664
252408484;14665
252425158;14666
252441832;14667
252458505;14668
252475179;14669
252491853;14670
252508526;14671
252525200;14672
252541874;14673
252558547;14674
252575221;14675
252591895;14676
252608568;14677
252641916;14678
252658589;14679
252675263;14680
252691937;14681
252708610;14682
252725284;14683
252741957;14684
252758631;14685
252775305;14686
252791978;14687
252808652;14688
252825326;14689
252841999;14690
252858673;14691
252875347;14692
252892020;14693
252908694;14694
252925367;14695
252942041;14696
252958715;14697
252975389;14698
252992062;14699
253008736;14700
253025409;14701
253042083;14702
253058757;14703
253075430;14704
253092104;14705
253108778;14706
253142125;14707
253158799;14708
253175472;14709
253192146;14710
253208820;14711
253225493;14712
253242167;14713
253258841;14714
253275514;14715
253292188;14716
253308861;14717
253325535;14718
253342209;14719
253358882;14720
253375556;14721
253392230;14722
253408903;14723
253425577;14724
253442251;14725
253458924;14726
253475598;14727
253492272;14728
253508945;14729
253525619;14730
253542292;14731
253558966;14732
253575640;14733
253592313;14734
253608987;14735
253642334;14736
253659008;14737
253675682;14738
253692355;14739
253709029;14740
253725703;14741
253742376;14742
253759050;14743
253775724;14744
253792397;14745
253809071;14746
253825745;14747
253842418;14748
253859092;14749
253875765;14750
253892439;14751
253909113;14752
253925786;14753
253942460;14754
253959134;14755
253975807;14756
253992481;14757
254009155;14758
254025828;14759
254042502;14760
254059176;14761
254075849;14762
254092523;14763
254109196;14764
254142544;14765
254159217;14766
254175891;14767
254192565;14768
254209238;14769
254225912;14770
254242586;14771
254259259;14772
254275933;14773
254292607;14774
254309280;14775
254325954;14776
254342628;14777
254359301;14778
254375975;14779
254392648;14780
254409322;14781
254425996;14782
254442670;14783
254459343;14784
254476017;14785
254492690;14786
254509364;14787
254526038;14788
254542711;14789
254559385;14790
254576059;14791
254592732;14792
254609406;14793
254642753;14794
254659427;14795
254676101;14796
254692774;14797
254709448;14798
254726121;14799
254742795;14800
254759469;14801
254776142;14802
254792816;14803
254809490;14804
254826163;14805
254842837;14806
254859511;14807
254876184;14808
254892858;14809
254909532;14810
254926205;14811
254942879;14812
254959553;14813
254976226;14814
254992900;14815
255009574;14816
255026247;14817
255042921;14818
255059594;14819
255076268;14820
255092942;14821
255109615;14822
255142963;14823
255159636;14824
255176310;14825
255192984;14826
255209657;14827
255226331;14828
255243005;14829
255259678;14830
255276352;14831
255293025;14832
255309699;14833
255326373;14834
255343047;14835
255359720;14836
255376394;14837
255393067;14838
255409741;14839
255426415;14840
255443088;14841
255459762;14842
255476436;14843
255493109;14844
255509783;14845
255526457;14846
255543130;14847
255559804;14848
255576478;14849
255593151;14850
255609825;14851
255643172;14852
255659846;14853
255676519;14854
255693193;14855
255709867;14856
255726540;14857
255743214;14858
255759888;14859
255776561;14860
255793235;14861
255809909;14862
255826582;14863
255843256;14864
255859930;14865
255876603;14866
255893277;14867
255909951;14868
255926624;14869
255943298;14870
255959971;14871
255976645;14872
255993319;14873
256009992;14874
256026666;14875
256043340;14876
256060013;14877
256076687;14878
256093361;14879
256110034;14880
256143382;14881
256160055;14882
256176729;14883
256193403;14884
256210076;14885
256226750;14886
256243423;14887
256260097;14888
256276771;14889
256293444;14890
256310118;14891
256326792;14892
256343465;14893
256360139;14894
256376813;14895
256393486;14896
256410160;14897
256426834;14898
256443507;14899
256460181;14900
256476855;14901
256493528;14902
256510202;14903
256526876;14904
256543549;14905
256560223;14906
256576897;14907
256593570;14908
256610244;14909
256643591;14910
256660265;14911
256676938;14912
256693612;14913
256710286;14914
256726959;14915
256743633;14916
256760307;14917
256776980;14918
256793654;14919
256810328;14920
256827001;14921
256843675;14922
256860349;14923
256877022;14924
256893696;14925
256910369;14926
256927043;14927
256943717;14928
256960390;14929
256977064;14930
256993738;14931
257010411;14932
257027085;14933
257043759;14934
257060432;14935
257077106;14936
257093780;14937
257110453;14938
257143801;14939
257160474;14940
257177148;14941
257193822;14942
257210495;14943
257227169;14944
257243842;14945
257260516;14946
257277190;14947
257293863;14948
257310537;14949
257327211;14950
257343884;14951
257360558;14952
257377232;14953
257393905;14954
257410579;14955
257427253;14956
257443926;14957
257460600;14958
257477274;14959
257493947;14960
257510621;14961
257527295;14962
257543968;14963
257560642;14964
257577316;14965
257593989;14966
257610663;14967
257644010;14968
257660684;14969
257677357;14970
257694031;14971
257710705;14972
257727378;14973
257744052;14974
257760726;14975
257777399;14976
257794073;14977
257810747;14978
257827420;14979
257844094;14980
257860768;14981
257877441;14982
257894115;14983
257910789;14984
257927462;14985
257944136;14986
257960810;14987
257977483;14988
257994157;14989
258010830;14990
258027504;14991
258044178;14992
258060851;14993
258077525;14994
258094199;14995
258110872;14996
258144220;14997
258160893;14998
258177567;14999
258194241;15000
258210914;15001
258227588;15002
258244261;15003
258260935;15004
258277609;15005
258294283;15006
258310956;15007
258327630;15008
258344303;15009
258360977;15010
258377651;15011
258394324;15012
258410998;15013
258427672;15014
258444345;15015
258461019;15016
258477693;15017
258494366;15018
258511040;15019
258527714;15020
258544387;15021
258561061;15022
258577735;15023
258594408;15024
258611082;15025
258644429;15026
258661103;15027
258677776;15028
258694450;15029
258711124;15030
258727797;15031
258744471;15032
258761145;15033
258777818;15034
258794492;15035
258811166;15036
258827839;15037
258844513;15038
258861187;15039
258877860;15040
258894534;15041
258911208;15042
258927881;15043
258944555;15044
258961229;15045
258977902;15046
258994576;15047
259011249;15048
259027923;15049
259044597;15050
259061270;15051
259077944;15052
259094618;15053
259111291;15054
259144639;15055
259161312;15056
259177986;15057
259194660;15058
259211333;15059
259228007;15060
259244681;15061
259261354;15062
259278028;15063
259294701;15064
259311375;15065
259328049;15066
259344722;15067
259361396;15068
259378070;15069
259394743;15070
259411417;15071
259428091;15072
259444764;15073
259461438;15074
259478112;15075
259494785;15076
259511459;15077
259528133;15078
259544806;15079
259561480;15080
259578154;15081
259594827;15082
259611501;15083
259644848;15084
259661522;15085
259678196;15086
259694869;15087
259711543;15088
259728216;15089
259744890;15090
259761564;15091
259778237;15092
259794911;15093
259811585;15094
259828258;15095
259844932;15096
259861606;15097
259878279;15098
259894953;15099
259911627;15100
259928300;15101
259944974;15102
259961648;15103
259978321;15104
259994995;15105
260011669;15106
260028342;15107
260045016;15108
260061689;15109
260078363;15110
260095037;15111
260111710;15112
260145058;15113
260161731;15114
260178405;15115
260195079;15116
260211752;15117
260228426;15118
260245100;15119
260261773;15120
260278447;15121
260295121;15122
260311794;15123
260328468;15124
260345141;15125
260361815;15126
260378489;15127
260395162;15128
260411836;15129
260428510;15130
260445183;15131
260461857;15132
260478531;15133
260495204;15134
260511878;15135
260528552;15136
260545225;15137
260561899;15138
260578573;15139
260595246;15140
260611920;15141
260645267;15142
260661941;15143
260678615;15144
260695288;15145
260711962;15146
260728635;15147
260745309;15148
260761983;15149
260778656;15150
260795330;15151
260812004;15152
260828677;15153
260845351;15154
260862025;15155
260878698;15156
260895372;15157
260912046;15158
260928719;15159
260945393;15160
260962067;15161
260978740;15162
260995414;15163
261012088;15164
261028761;15165
261045435;15166
261062109;15167
261078782;15168
261095456;15169
261112129;15170
261145477;15171
261162150;15172
261178824;15173
261195498;15174
261212171;15175
261228845;15176
261245519;15177
261262192;15178
261278866;15179
261295540;15180
261312213;15181
261328887;15182
261345561;15183
261362234;15184
261378908;15185
261395582;15186
261412255;15187
261428929;15188
261445602;15189
261462276;15190
261478950;15191
261495623;15192
261512297;15193
261528971;15194
261545644;15195
261562318;15196
261578992;15197
261595665;15198
261612339;15199
261645686;15200
261662360;15201
261679033;15202
261695707;15203
-1;-1
-1;-1
-1;-1
-1;-1
-1;-1
-1;-1
-1;-1
-1;-1
-1;-1
-1;-1
-1;-1
-1;-1
-1;-1
-1;-1
-1;-1
-1;-1
-1;-1
-1;-1
-1;-1
-1;-1
-1;-1
-1;-1
-1;-1
-1;-1
-1;-1
-1;-1
-1;-1
-1;-1
-1;-1
-1;-1
-1;-1
-1;-1
-1;-1
-1;-1
-1;-1
-1;-1
-1;-1
-1;-1
-1;-1
-1;-1
-1;-1
-1;-1
-1;-1
-1;-1
-1;-1
-1;-1
-1;-1
-1;-1
-1;-1
-1;-1
-1;-1
-1;-1
-1;-1
-1;-1
-1;-1
-1;-1
-1;-1
-1;-1
-1;-1
-1;-1
-1;-1
-1;-1
-1;-1
-1;-1
-1;-1
-1;-1
-1;-1
-1;-1
-1;-1
-1;-1
-1;-1
-1;-1
-1;-1
-1;-1
-1;-1
-1;-1
-1;-1
-1;-1
-1;-1
-1;-1
-1;-1
-1;-1
-1;-1
-1;-1
-1;-1
-1;-1
-1;-1
-1;-1
-1;-1
-1;-1
-1;-1
-1;-1
-1;-1
-1;-1
-1;-1
-1;-1
-1;-1
-1;-1
-1;-1
-1;-1
-1;-1
-1;-1
-1;-1
