210674313;12243
210690987;12244
210707660;12245
210724334;12246
210741008;12247
210757681;12248
210774355;12249
210791028;12250
210807702;12251
210824376;12252
210841049;12253
210857723;12254
210874397;12255
210891070;12256
210907744;12257
210924417;12258
210941091;12259
210957765;12260
210974438;12261
210991112;12262
211007785;12263
211024459;12264
211041133;12265
211074480;12266
211091153;12267
211107827;12268
211124501;12269
211141174;12270
211157848;12271
211174521;12272
211191195;12273
211207869;12274
211224542;12275
211241216;12276
211257890;12277
211274563;12278
211291237;12279
211307910;12280
211324584;12281
211341258;12282
211357931;12283
211374605;12284
211391278;12285
211407952;12286
211424626;12287
211441299;12288
211457973;12289
211474646;12290
211491320;12291
211507994;12292
211524667;12293
211541341;12294
211574688;12295
211591362;12296
211608035;12297
211624709;12298
211641382;12299
211658056;12300
211674730;12301
211691403;12302
211708077;12303
211724750;12304
211741424;12305
211758098;12306
211774771;12307
211791445;12308
211808119;12309
211824792;12310
211841466;12311
211858139;12312
211874813;12313
211891486;12314
211908160;12315
211924834;12316
211941507;12317
211958181;12318
211974855;12319
211991528;12320
212008202;12321
212024875;12322
212041549;12323
212074896;12324
212091570;12325
212108243;12326
212124917;12327
212141591;12328
212158264;12329
212174938;12330
212191611;12331
212208285;12332
212224959;12333
212241632;12334
212258306;12335
212274979;12336
212291653;12337
212308327;12338
212325000;12339
212341674;12340
212358348;12341
212375021;12342
212391695;12343
212408368;12344
212425042;12345
212441716;12346
212458389;12347
212475063;12348
212491736;12349
212508410;12350
212525084;12351
212541757;12352
212575104;12353
212591778;12354
212608452;12355
212625125;12356
212641799;12357
212658472;12358
212675146;12359
212691820;12360
212708493;12361
212725167;12362
212741840;12363
212758514;12364
212775188;12365
212791861;12366
212808535;12367
212825208;12368
212841882;12369
212858556;12370
212875229;12371
212891903;12372
212908576;12373
212925250;12374
212941924;12375
212958597;12376
212975271;12377
212991945;12378
213008618;12379
213025292;12380
213041965;12381
213058639;12382
213091986;12383
213108660;12384
213125333;12385
213142007;12386
213158681;12387
213175354;12388
213192028;12389
213208701;12390
213225375;12391
213242049;12392
213258722;12393
213275396;12394
213292069;12395
213308743;12396
213325417;12397
213342090;12398
213358764;12399
213375437;12400
213392111;12401
213408785;12402
213425458;12403
213442132;12404
213458806;12405
213475479;12406
213492153;12407
213508826;12408
213525500;12409
213542174;12410
213558847;12411
213592194;12412
213608868;12413
213625542;12414
213642215;12415
213658889;12416
213675562;12417
213692236;12418
213708910;12419
213725583;12420
213742257;12421
213758930;12422
213775604;12423
213792278;12424
213808951;12425
213825625;12426
213842298;12427
213858972;12428
213875646;12429
213892319;12430
213908993;12431
213925666;12432
213942340;12433
213959014;12434
213975687;12435
213992361;12436
214009034;12437
214025708;12438
214042382;12439
214059055;12440
214092402;12441
214109076;12442
214125750;12443
214142423;12444
214159097;12445
214175771;12446
214192444;12447
214209118;12448
214225791;12449
214242465;12450
214259138;12451
214275812;12452
214292486;12453
214309159;12454
214325833;12455
214342507;12456
214359180;12457
214375854;12458
214392527;12459
214409201;12460
214425875;12461
214442548;12462
214459222;12463
214475895;12464
214492569;12465
214509243;12466
214525916;12467
214542590;12468
214559263;12469
214575937;12470
214609284;12471
214625958;12472
214642631;12473
214659305;12474
214675979;12475
214692652;12476
214709326;12477
214725999;12478
214742673;12479
214759347;12480
214776020;12481
214792694;12482
214809367;12483
214826041;12484
214842715;12485
214859388;12486
214876062;12487
214892735;12488
214909409;12489
214926083;12490
214942756;12491
214959430;12492
214976103;12493
214992777;12494
215009451;12495
215026124;12496
215042798;12497
215059471;12498
215076145;12499
215109492;12500
215126166;12501
215142839;12502
215159513;12503
215176187;12504
215192860;12505
215209534;12506
215226207;12507
215242881;12508
215259555;12509
215276228;12510
215292902;12511
215309576;12512
215326249;12513
215342923;12514
215359596;12515
215376270;12516
215392944;12517
215409617;12518
215426291;12519
215442964;12520
215459638;12521
215476311;12522
215492985;12523
215509659;12524
215526332;12525
215543006;12526
215559679;12527
215576353;12528
215609700;12529
215626374;12530
215643047;12531
215659721;12532
215676395;12533
215693068;12534
215709742;12535
215726416;12536
215743089;12537
215759763;12538
215776436;12539
215793110;12540
215809784;12541
215826457;12542
215843131;12543
215859804;12544
215876478;12545
215893152;12546
215909825;12547
215926499;12548
215943172;12549
215959846;12550
215976520;12551
215993193;12552
216009867;12553
216026540;12554
216043214;12555
216059888;12556
216076561;12557
216109908;12558
216126582;12559
216143256;12560
216159929;12561
216176603;12562
216193276;12563
216209950;12564
216226624;12565
216243297;12566
216259971;12567
216276644;12568
216293318;12569
216309992;12570
216326665;12571
216343339;12572
216360012;12573
216376686;12574
216393360;12575
216410033;12576
216426707;12577
216443380;12578
216460054;12579
216476728;12580
216493401;12581
216510075;12582
216526748;12583
216543422;12584
216560096;12585
216576769;12586
216610116;12587
216626790;12588
216643464;12589
216660137;12590
216676811;12591
216693484;12592
216710158;12593
216726832;12594
216743505;12595
216760179;12596
216776852;12597
216793526;12598
216810200;12599
216826873;12600
216843547;12601
216860220;12602
216876894;12603
216893568;12604
216910241;12605
216926915;12606
216943588;12607
216960262;12608
216976936;12609
216993609;12610
217010283;12611
217026956;12612
217043630;12613
217060304;12614
217076977;12615
217110324;12616
217126998;12617
217143672;12618
217160345;12619
217177019;12620
217193692;12621
217210366;12622
217227040;12623
217243713;12624
217260387;12625
217277060;12626
217293734;12627
217310408;12628
217327081;12629
217343755;12630
217360428;12631
217377102;12632
217393776;12633
217410449;12634
217427123;12635
217443796;12636
217460470;12637
217477144;12638
217493817;12639
217510491;12640
217527164;12641
217543838;12642
217560512;12643
217577185;12644
217610532;12645
217627206;12646
217643880;12647
217660553;12648
217677227;12649
217693900;12650
217710574;12651
217727248;12652
217743921;12653
217760595;12654
217777268;12655
217793942;12656
217810616;12657
217827289;12658
217843963;12659
217860636;12660
217877310;12661
217893984;12662
217910657;12663
217927331;12664
217944004;12665
217960678;12666
217977352;12667
217994025;12668
218010699;12669
218027372;12670
218044046;12671
218060720;12672
218077393;12673
218110740;12674
218127414;12675
218144088;12676
218160761;12677
218177435;12678
218194108;12679
218210782;12680
218227456;12681
218244129;12682
218260803;12683
218277476;12684
218294150;12685
218310824;12686
218327497;12687
218344171;12688
218360844;12689
218377518;12690
218394192;12691
218410865;12692
218427539;12693
218444212;12694
218460886;12695
218477560;12696
218494233;12697
218510907;12698
218527580;12699
218544254;12700
218560928;12701
218577601;12702
218610948;12703
218627622;12704
218644295;12705
218660969;12706
218677643;12707
218694316;12708
218710990;12709
218727663;12710
218744337;12711
218761011;12712
218777684;12713
218794358;12714
218811031;12715
218827705;12716
218844379;12717
218861052;12718
218877726;12719
218894400;12720
218911073;12721
218927747;12722
218944420;12723
218961094;12724
218977767;12725
218994441;12726
219011115;12727
219027788;12728
219044462;12729
219061135;12730
219077809;12731
219111156;12732
219127830;12733
219144504;12734
219161177;12735
219177851;12736
219194524;12737
219211198;12738
219227871;12739
219244545;12740
219261219;12741
219277892;12742
219294566;12743
219311239;12744
219327913;12745
219344587;12746
219361260;12747
219377934;12748
219394607;12749
219411281;12750
219427955;12751
219444628;12752
219461302;12753
219477975;12754
219494649;12755
219511323;12756
219527996;12757
219544670;12758
219561343;12759
219578017;12760
219611364;12761
219628038;12762
219644711;12763
219661385;12764
219678059;12765
219694732;12766
219711406;12767
219728079;12768
219744753;12769
219761427;12770
219778100;12771
219794774;12772
219811447;12773
219828121;12774
219844795;12775
219861468;12776
219878142;12777
219894815;12778
219911489;12779
219928163;12780
219944836;12781
219961510;12782
219978183;12783
219994857;12784
220011530;12785
220028204;12786
220044878;12787
220061551;12788
220078225;12789
220111572;12790
220128246;12791
220144919;12792
220161593;12793
220178267;12794
220194940;12795
220211614;12796
220228287;12797
220244961;12798
220261634;12799
220278308;12800
220294982;12801
220311655;12802
220328329;12803
220345002;12804
220361676;12805
220378350;12806
220395023;12807
220411697;12808
220428370;12809
220445044;12810
220461718;12811
220478391;12812
220495065;12813
220511738;12814
220528412;12815
220545086;12816
220561759;12817
220578433;12818
220611780;12819
220628454;12820
220645127;12821
220661801;12822
220678474;12823
220695148;12824
220711822;12825
220728495;12826
220745169;12827
220761842;12828
220778516;12829
220795189;12830
220811863;12831
220828537;12832
220845210;12833
220861884;12834
220878558;12835
220895231;12836
220911905;12837
220928578;12838
220945252;12839
220961926;12840
220978599;12841
220995273;12842
221011946;12843
221028620;12844
221045293;12845
221061967;12846
221078641;12847
221111988;12848
221128662;12849
221145335;12850
221162009;12851
221178682;12852
221195356;12853
221212029;12854
221228703;12855
221245377;12856
221262050;12857
221278724;12858
221295397;12859
221312071;12860
221328745;12861
221345418;12862
221362092;12863
221378765;12864
221395439;12865
221412113;12866
221428786;12867
221445460;12868
221462133;12869
221478807;12870
221495480;12871
221512154;12872
221528828;12873
221545501;12874
221562175;12875
221578848;12876
221612196;12877
221628869;12878
221645543;12879
221662216;12880
221678890;12881
221695564;12882
221712237;12883
221728911;12884
221745584;12885
221762258;12886
221778932;12887
221795605;12888
221812279;12889
221828952;12890
221845626;12891
221862300;12892
221878973;12893
221895647;12894
221912320;12895
221928994;12896
221945668;12897
221962341;12898
221979015;12899
221995688;12900
222012362;12901
222029036;12902
222045709;12903
222062383;12904
222079056;12905
222112403;12906
222129077;12907
222145751;12908
222162424;12909
222179098;12910
222195771;12911
222212445;12912
222229119;12913
222245792;12914
222262466;12915
222279140;12916
222295813;12917
222312487;12918
222329160;12919
222345834;12920
222362507;12921
222379181;12922
222395855;12923
222412528;12924
222429202;12925
222445875;12926
222462549;12927
222479223;12928
222495896;12929
222512570;12930
222529243;12931
222545917;12932
222562591;12933
222579264;12934
222612611;12935
222629285;12936
222645958;12937
222662632;12938
222679306;12939
222695979;12940
222712653;12941
222729326;12942
222746000;12943
222762674;12944
222779347;12945
222796021;12946
222812694;12947
222829368;12948
222846042;12949
222862715;12950
222879389;12951
222896062;12952
222912736;12953
222929410;12954
222946083;12955
222962757;12956
222979430;12957
222996104;12958
223012778;12959
223029451;12960
223046125;12961
223062798;12962
223079472;12963
223112819;12964
223129493;12965
223146166;12966
223162840;12967
223179513;12968
223196187;12969
223212861;12970
223229534;12971
223246208;12972
223262881;12973
223279555;12974
223296229;12975
223312902;12976
223329576;12977
223346249;12978
223362923;12979
223379597;12980
223396270;12981
223412944;12982
223429617;12983
223446291;12984
223462965;12985
223479638;12986
223496312;12987
223512985;12988
223529659;12989
223546333;12990
223563006;12991
223579680;12992
223613027;12993
223629700;12994
223646374;12995
223663048;12996
223679721;12997
223696395;12998
223713068;12999
223729742;13000
223746416;13001
223763089;13002
223779763;13003
223796436;13004
223813110;13005
223829784;13006
223846457;13007
223863131;13008
223879804;13009
223896478;13010
223913152;13011
223929825;13012
223946499;13013
223963172;13014
223979846;13015
223996519;13016
224013193;13017
224029867;13018
224046540;13019
224063214;13020
224079887;13021
224113235;13022
224129908;13023
224146582;13024
224163255;13025
224179929;13026
224196603;13027
224213276;13028
224229950;13029
224246623;13030
224263297;13031
224279971;13032
224296644;13033
224313318;13034
224329991;13035
224346665;13036
224363339;13037
224380012;13038
224396686;13039
224413359;13040
224430033;13041
224446707;13042
224463380;13043
224480054;13044
224496727;13045
224513401;13046
224530074;13047
224546748;13048
224563422;13049
224580095;13050
224613442;13051
224630116;13052
224646790;13053
224663463;13054
224680137;13055
224696810;13056
224713484;13057
224730158;13058
224746831;13059
224763505;13060
224780178;13061
224796852;13062
224813525;13063
224830199;13064
224846873;13065
224863546;13066
224880220;13067
224896893;13068
224913567;13069
224930241;13070
224946914;13071
224963588;13072
224980261;13073
224996935;13074
225013609;13075
225030282;13076
225046956;13077
225063629;13078
225080303;13079
225113650;13080
225130324;13081
225146997;13082
225163671;13083
225180345;13084
225197018;13085
225213692;13086
225230365;13087
225247039;13088
225263712;13089
225280386;13090
225297060;13091
225313733;13092
225330407;13093
225347080;13094
225363754;13095
225380428;13096
225397101;13097
225413775;13098
225430448;13099
225447122;13100
225463795;13101
225480469;13102
225497143;13103
225513816;13104
225530490;13105
225547164;13106
225563837;13107
225580511;13108
225613858;13109
225630531;13110
225647205;13111
225663879;13112
225680552;13113
225697226;13114
225713899;13115
225730573;13116
225747247;13117
225763920;13118
225780594;13119
225797267;13120
225813941;13121
225830615;13122
225847288;13123
225863962;13124
225880635;13125
225897309;13126
225913982;13127
225930656;13128
225947330;13129
225964003;13130
225980677;13131
225997350;13132
226014024;13133
226030698;13134
226047371;13135
226064045;13136
226080718;13137
226114066;13138
226130739;13139
226147413;13140
226164086;13141
226180760;13142
226197434;13143
226214107;13144
226230781;13145
226247454;13146
226264128;13147
226280802;13148
226297475;13149
226314149;13150
226330822;13151
226347496;13152
226364169;13153
226380843;13154
226397517;13155
226414190;13156
226430864;13157
226447537;13158
226464211;13159
226480885;13160
226497558;13161
226514232;13162
226530905;13163
226547579;13164
226564253;13165
226580926;13166
226614273;13167
226630947;13168
226647620;13169
226664294;13170
226680968;13171
226697641;13172
226714315;13173
226730988;13174
226747662;13175
226764336;13176
226781009;13177
226797683;13178
226814356;13179
226831030;13180
226847704;13181
226864377;13182
226881051;13183
226897724;13184
226914398;13185
226931072;13186
226947745;13187
226964419;13188
226981092;13189
226997766;13190
227014439;13191
227031113;13192
227047787;13193
227064460;13194
227081134;13195
227114481;13196
227131155;13197
227147828;13198
227164502;13199
227181175;13200
227197849;13201
227214522;13202
227231196;13203
227247870;13204
227264543;13205
227281217;13206
227297890;13207
227314564;13208
227331238;13209
227347911;13210
227364585;13211
227381258;13212
227397932;13213
227414606;13214
227431279;13215
227447953;13216
227464626;13217
227481300;13218
227497973;13219
227514647;13220
227531321;13221
227547994;13222
227564668;13223
227581342;13224
227614689;13225
227631362;13226
227648036;13227
227664709;13228
227681383;13229
227698057;13230
227714730;13231
227731404;13232
227748077;13233
227764751;13234
227781425;13235
227798098;13236
227814772;13237
227831445;13238
227848119;13239
227864792;13240
227881466;13241
227898140;13242
227914813;13243
227931487;13244
227948160;13245
227964834;13246
227981508;13247
227998181;13248
228014855;13249
228031528;13250
228048202;13251
228064875;13252
228081549;13253
228114896;13254
228131570;13255
228148243;13256
228164917;13257
228181591;13258
228198264;13259
228214938;13260
228231611;13261
228248285;13262
228264959;13263
228281632;13264
228298306;13265
228314979;13266
228331653;13267
228348327;13268
228365000;13269
228381674;13270
228398347;13271
228415021;13272
228431695;13273
228448368;13274
228465042;13275
228481715;13276
228498389;13277
228515062;13278
228531736;13279
228548410;13280
228565083;13281
228581757;13282
228615104;13283
228631777;13284
228648451;13285
228665125;13286
228681798;13287
228698472;13288
228715146;13289
228731819;13290
228748493;13291
228765166;13292
228781840;13293
228798513;13294
228815187;13295
228831861;13296
228848534;13297
228865208;13298
228881881;13299
228898555;13300
228915229;13301
228931902;13302
228948576;13303
228965249;13304
228981923;13305
228998597;13306
229015270;13307
229031944;13308
229048617;13309
229065291;13310
229081964;13311
229115312;13312
229131985;13313
229148659;13314
229165332;13315
229182006;13316
229198680;13317
229215353;13318
229232027;13319
229248700;13320
229265374;13321
229282048;13322
229298721;13323
229315395;13324
229332068;13325
229348742;13326
229365415;13327
229382089;13328
229398763;13329
229415436;13330
229432110;13331
229448783;13332
229465457;13333
229482131;13334
229498804;13335
229515478;13336
229532151;13337
229548825;13338
229565498;13339
229582172;13340
229615519;13341
229632193;13342
229648866;13343
229665540;13344
229682214;13345
229698887;13346
229715561;13347
229732234;13348
229748908;13349
229765582;13350
229782255;13351
229798929;13352
229815602;13353
229832276;13354
229848950;13355
229865623;13356
229882297;13357
229898970;13358
229915644;13359
229932317;13360
229948991;13361
229965665;13362
229982338;13363
229999012;13364
230015685;13365
230032359;13366
230049033;13367
230065706;13368
230082380;13369
230115727;13370
230132400;13371
230149074;13372
230165748;13373
230182421;13374
230199095;13375
230215768;13376
230232442;13377
230249116;13378
230265789;13379
230282463;13380
230299136;13381
230315810;13382
230332483;13383
230349157;13384
230365831;13385
230382504;13386
230399178;13387
230415851;13388
230432525;13389
230449199;13390
230465872;13391
230482546;13392
230499219;13393
230515893;13394
230532567;13395
230549240;13396
230565914;13397
230582587;13398
230615935;13399
230632608;13400
230649282;13401
230665955;13402
230682629;13403
230699302;13404
230715976;13405
230732650;13406
230749323;13407
230765997;13408
230782670;13409
230799344;13410
230816018;13411
230832691;13412
230849365;13413
230866038;13414
230882712;13415
230899386;13416
230916059;13417
230932733;13418
230949406;13419
230966080;13420
230982753;13421
230999427;13422
231016101;13423
231032774;13424
231049448;13425
231066121;13426
231082795;13427
231116142;13428
231132816;13429
231149489;13430
231166163;13431
231182836;13432
231199510;13433
231216184;13434
231232857;13435
231249531;13436
231266204;13437
231282878;13438
231299552;13439
231316225;13440
231332899;13441
231349572;13442
231366246;13443
231382920;13444
231399593;13445
231416267;13446
231432940;13447
231449614;13448
231466288;13449
231482961;13450
231499635;13451
231516308;13452
231532982;13453
231549655;13454
231566329;13455
231583003;13456
231616350;13457
231633023;13458
231649697;13459
231666371;13460
231683044;13461
231699718;13462
231716391;13463
231733065;13464
231749738;13465
231766412;13466
231783086;13467
231799759;13468
231816433;13469
231833106;13470
231849780;13471
231866454;13472
231883127;13473
231899801;13474
231916474;13475
231933148;13476
231949821;13477
231966495;13478
231983169;13479
231999842;13480
232016516;13481
232033190;13482
232049863;13483
232066537;13484
232083210;13485
232116557;13486
232133231;13487
232149905;13488
232166578;13489
232183252;13490
232199925;13491
232216599;13492
232233273;13493
232249946;13494
232266620;13495
232283293;13496
232299967;13497
232316641;13498
232333314;13499
232349988;13500
232366661;13501
232383335;13502
232400008;13503
232416682;13504
232433356;13505
232450029;13506
232466703;13507
232483376;13508
232500050;13509
232516724;13510
232533397;13511
232550071;13512
232566744;13513
232583418;13514
232616765;13515
232633439;13516
232650112;13517
232666786;13518
232683459;13519
232700133;13520
232716807;13521
232733480;13522
232750154;13523
232766827;13524
232783501;13525
232800174;13526
232816848;13527
232833522;13528
232850195;13529
232866869;13530
232883542;13531
232900216;13532
232916890;13533
232933563;13534
232950237;13535
232966910;13536
232983584;13537
233000258;13538
233016931;13539
233033605;13540
233050278;13541
233066952;13542
233083626;13543
233116973;13544
233133646;13545
233150320;13546
233166994;13547
233183667;13548
233200341;13549
233217014;13550
233233688;13551
233250361;13552
233267035;13553
233283709;13554
233300382;13555
233317056;13556
233333729;13557
233350403;13558
233367076;13559
233383750;13560
233400424;13561
233417097;13562
233433771;13563
233450444;13564
233467118;13565
233483792;13566
233500465;13567
233517139;13568
233533812;13569
233550486;13570
233567160;13571
233583833;13572
233617180;13573
233633854;13574
233650528;13575
233667201;13576
233683875;13577
233700548;13578
233717222;13579
233733896;13580
233750569;13581
233767243;13582
233783916;13583
233800590;13584
233817263;13585
233833937;13586
233850611;13587
233867284;13588
233883958;13589
233900631;13590
233917305;13591
233933978;13592
233950652;13593
233967326;13594
233983999;13595
234000673;13596
234017346;13597
234034020;13598
234050694;13599
234067367;13600
234084041;13601
234117388;13602
234134061;13603
234150735;13604
234167409;13605
234184082;13606
234200756;13607
234217430;13608
234234103;13609
234250777;13610
234267450;13611
234284124;13612
234300797;13613
234317471;13614
234334145;13615
234350818;13616
234367492;13617
234384165;13618
234400839;13619
234417513;13620
234434186;13621
234450860;13622
234467533;13623
234484207;13624
234500881;13625
234517554;13626
234534228;13627
234550901;13628
234567575;13629
234584249;13630
234617596;13631
234634269;13632
234650943;13633
234667616;13634
234684290;13635
234700964;13636
234717637;13637
234734311;13638
234750984;13639
234767658;13640
234784331;13641
234801005;13642
234817679;13643
234834352;13644
234851026;13645
234867699;13646
234884373;13647
234901047;13648
234917720;13649
234934394;13650
234951067;13651
234967741;13652
234984415;13653
235001088;13654
235017762;13655
235034435;13656
235051109;13657
235067783;13658
235084456;13659
235117803;13660
235134477;13661
235151150;13662
235167824;13663
235184498;13664
235201171;13665
235217845;13666
235234518;13667
235251192;13668
235267866;13669
235284539;13670
235301213;13671
235317886;13672
235334560;13673
235351234;13674
235367907;13675
235384581;13676
235401254;13677
235417928;13678
235434601;13679
235451275;13680
235467949;13681
235484622;13682
235501296;13683
235517969;13684
235534643;13685
235551317;13686
235567990;13687
235584664;13688
235618011;13689
235634685;13690
235651358;13691
235668032;13692
235684705;13693
235701379;13694
235718052;13695
235734726;13696
235751400;13697
235768073;13698
235784747;13699
235801420;13700
235818094;13701
235834768;13702
235851441;13703
235868115;13704
235884788;13705
235901462;13706
235918136;13707
235934809;13708
235951483;13709
235968156;13710
235984830;13711
236001503;13712
236018177;13713
236034851;13714
236051524;13715
236068198;13716
236084871;13717
236118219;13718
236134892;13719
236151566;13720
236168239;13721
236184913;13722
236201586;13723
236218260;13724
236234934;13725
236251607;13726
236268281;13727
236284954;13728
236301628;13729
236318302;13730
236334975;13731
236351649;13732
236368322;13733
236384996;13734
236401670;13735
236418343;13736
236435017;13737
236451690;13738
236468364;13739
236485037;13740
236501711;13741
236518385;13742
236535058;13743
236551732;13744
236568405;13745
236585079;13746
236618426;13747
236635100;13748
236651773;13749
236668447;13750
236685120;13751
236701794;13752
236718468;13753
236735141;13754
236751815;13755
236768488;13756
236785162;13757
236801836;13758
236818509;13759
236835183;13760
236851856;13761
236868530;13762
236885204;13763
236901877;13764
236918551;13765
236935224;13766
236951898;13767
236968571;13768
236985245;13769
237001919;13770
237018592;13771
237035266;13772
237051939;13773
237068613;13774
237085287;13775
237118634;13776
237135307;13777
237151981;13778
237168654;13779
237185328;13780
237202002;13781
237218675;13782
237235349;13783
237252022;13784
237268696;13785
237285370;13786
237302043;13787
237318717;13788
237335390;13789
237352064;13790
237368738;13791
237385411;13792
237402085;13793
237418758;13794
237435432;13795
237452106;13796
237468779;13797
237485453;13798
237502126;13799
237518800;13800
237535473;13801
237552147;13802
237568821;13803
237585494;13804
237618841;13805
237635515;13806
237652188;13807
237668862;13808
237685536;13809
237702209;13810
237718883;13811
237735556;13812
237752230;13813
237768904;13814
237785577;13815
237802251;13816
237818924;13817
237835598;13818
237852272;13819
237868945;13820
237885619;13821
237902292;13822
237918966;13823
237935639;13824
237952313;13825
237968987;13826
237985660;13827
238002334;13828
238019007;13829
238035681;13830
238052355;13831
238069028;13832
238085702;13833
238119049;13834
238135722;13835
238152396;13836
238169070;13837
238185743;13838
238202417;13839
238219090;13840
238235764;13841
238252438;13842
238269111;13843
238285785;13844
238302458;13845
238319132;13846
238335805;13847
238352479;13848
238369153;13849
238385826;13850
238402500;13851
238419174;13852
238435847;13853
238452521;13854
238469194;13855
238485868;13856
238502541;13857
238519215;13858
238535889;13859
238552562;13860
238569236;13861
238585909;13862
238619257;13863
238635930;13864
238652604;13865
238669277;13866
238685951;13867
238702625;13868
238719298;13869
238735972;13870
238752645;13871
238769319;13872
238785992;13873
238802666;13874
238819340;13875
238836013;13876
238852687;13877
238869360;13878
238886034;13879
238902708;13880
238919381;13881
238936055;13882
238952728;13883
238969402;13884
238986075;13885
239002749;13886
239019423;13887
239036096;13888
239052770;13889
239069443;13890
239086117;13891
239119464;13892
239136138;13893
239152811;13894
239169485;13895
239186159;13896
239202832;13897
239219506;13898
239236179;13899
239252853;13900
239269526;13901
239286200;13902
239302874;13903
239319547;13904
239336221;13905
239352894;13906
239369568;13907
239386242;13908
239402915;13909
239419589;13910
239436262;13911
239452936;13912
239469609;13913
239486283;13914
239502957;13915
239519630;13916
239536304;13917
239552978;13918
239569651;13919
239586325;13920
239619672;13921
239636345;13922
239653019;13923
239669693;13924
239686366;13925
239703040;13926
239719713;13927
239736387;13928
239753061;13929
239769734;13930
239786408;13931
239803081;13932
239819755;13933
239836428;13934
239853102;13935
239869776;13936
239886449;13937
239903123;13938
239919796;13939
239936470;13940
239953144;13941
239969817;13942
239986491;13943
240003164;13944
240019838;13945
240036512;13946
240053185;13947
240069859;13948
240086532;13949
240119880;13950
240136553;13951
240153227;13952
240169900;13953
240186574;13954
240203247;13955
240219921;13956
240236595;13957
240253268;13958
240269942;13959
240286615;13960
240303289;13961
240319963;13962
240336636;13963
240353310;13964
240369983;13965
240386657;13966
240403330;13967
240420004;13968
240436678;13969
240453351;13970
240470025;13971
240486698;13972
240503372;13973
240520046;13974
240536719;13975
240553393;13976
240570066;13977
240586740;13978
240620087;13979
240636761;13980
240653434;13981
240670108;13982
240686781;13983
240703455;13984
240720129;13985
240736802;13986
240753476;13987
240770149;13988
240786823;13989
240803497;13990
240820170;13991
240836844;13992
240853517;13993
240870191;13994
240886865;13995
240903538;13996
240920212;13997
240936885;13998
240953559;13999
240970233;14000
240986906;14001
241003580;14002
241020253;14003
241036927;14004
241053600;14005
241070274;14006
241086948;14007
241120295;14008
241136968;14009
241153642;14010
241170316;14011
241186989;14012
241203663;14013
241220336;14014
241237010;14015
241253684;14016
241270357;14017
241287031;14018
241303704;14019
241320378;14020
241337052;14021
241353725;14022
241370399;14023
241387072;14024
241403746;14025
241420419;14026
241437093;14027
241453767;14028
241470440;14029
241487114;14030
241503787;14031
241520461;14032
241537135;14033
241553808;14034
241570482;14035
241587155;14036
241620503;14037
241637176;14038
241653850;14039
241670523;14040
241687197;14041
241703870;14042
241720544;14043
241737218;14044
241753891;14045
241770565;14046
241787238;14047
241803912;14048
241820586;14049
241837259;14050
241853933;14051
241870606;14052
241887280;14053
241903954;14054
241920627;14055
241937301;14056
241953974;14057
241970648;14058
241987322;14059
242003995;14060
242020669;14061
242037342;14062
242054016;14063
242070690;14064
242087363;14065
242120710;14066
242137384;14067
242154057;14068
242170731;14069
242187405;14070
242204078;14071
242220752;14072
242237425;14073
242254099;14074
242270773;14075
242287446;14076
242304120;14077
242320793;14078
242337467;14079
242354140;14080
242370814;14081
242387488;14082
242404161;14083
242420835;14084
242437509;14085
242454182;14086
242470856;14087
242487529;14088
242504203;14089
242520877;14090
242537550;14091
242554224;14092
242570897;14093
242587571;14094
242620918;14095
242637592;14096
242654265;14097
242670939;14098
242687612;14099
242704286;14100
242720959;14101
242737633;14102
242754307;14103
242770980;14104
242787654;14105
242804328;14106
242821001;14107
242837675;14108
242854348;14109
242871022;14110
242887696;14111
242904369;14112
242921043;14113
242937716;14114
242954390;14115
242971063;14116
242987737;14117
243004411;14118
243021084;14119
243037758;14120
243054431;14121
243071105;14122
243087779;14123
243121126;14124
243137799;14125
243154473;14126
243171146;14127
243187820;14128
243204494;14129
243221167;14130
243237841;14131
243254514;14132
243271188;14133
243287862;14134
243304535;14135
243321209;14136
243337882;14137
243354556;14138
243371230;14139
243387903;14140
243404577;14141
243421250;14142
243437924;14143
243454598;14144
243471271;14145
243487945;14146
243504618;14147
243521292;14148
243537966;14149
243554639;14150
243571313;14151
243587986;14152
243621334;14153
243638007;14154
243654681;14155
243671354;14156
243688028;14157
243704701;14158
243721375;14159
243738049;14160
243754722;14161
243771396;14162
243788069;14163
243804743;14164
243821417;14165
243838090;14166
243854764;14167
243871437;14168
243888111;14169
243904785;14170
243921458;14171
243938132;14172
243954805;14173
243971479;14174
243988153;14175
244004826;14176
244021500;14177
244038173;14178
244054847;14179
244071521;14180
244088194;14181
244121541;14182
244138215;14183
244154888;14184
244171562;14185
244188236;14186
244204909;14187
244221583;14188
244238257;14189
244254930;14190
244271604;14191
244288277;14192
244304951;14193
244321625;14194
244338298;14195
244354972;14196
244371645;14197
244388319;14198
244404992;14199
244421666;14200
244438340;14201
244455013;14202
244471687;14203
244488360;14204
244505034;14205
244521708;14206
244538381;14207
244555055;14208
244571728;14209
244588402;14210
244621749;14211
244638423;14212
244655096;14213
244671770;14214
244688444;14215
244705117;14216
244721791;14217
244738464;14218
244755138;14219
244771812;14220
244788485;14221
244805159;14222
244821832;14223
244838506;14224
244855180;14225
244871853;14226
244888527;14227
244905200;14228
244921874;14229
244938547;14230
244955221;14231
244971895;14232
244988568;14233
245005242;14234
245021915;14235
245038589;14236
245055263;14237
245071936;14238
245088610;14239
245121957;14240
245138631;14241
245155304;14242
245171978;14243
245188651;14244
245205325;14245
245221999;14246
245238672;14247
245255346;14248
245272019;14249
245288693;14250
245305367;14251
245322040;14252
245338714;14253
245355387;14254
245372061;14255
245388735;14256
245405408;14257
245422082;14258
245438755;14259
245455429;14260
245472103;14261
245488776;14262
245505450;14263
245522123;14264
245538797;14265
245555471;14266
245572144;14267
245588818;14268
245622165;14269
245638839;14270
245655512;14271
245672186;14272
245688859;14273
245705533;14274
245722207;14275
245738880;14276
245755554;14277
245772227;14278
245788901;14279
245805575;14280
245822248;14281
245838922;14282
245855595;14283
245872269;14284
245888942;14285
245905616;14286
245922290;14287
245938963;14288
245955637;14289
245972311;14290
245988984;14291
246005658;14292
246022331;14293
246039005;14294
246055678;14295
246072352;14296
246089026;14297
246122373;14298
246139046;14299
246155720;14300
246172394;14301
246189067;14302
246205741;14303
246222415;14304
246239088;14305
246255762;14306
246272435;14307
246289109;14308
246305782;14309
246322456;14310
246339130;14311
246355803;14312
246372477;14313
246389150;14314
246405824;14315
246422498;14316
246439171;14317
246455845;14318
246472518;14319
246489192;14320
246505866;14321
246522539;14322
246539213;14323
246555886;14324
246572560;14325
246589234;14326
246622581;14327
246639254;14328
246655928;14329
246672602;14330
246689275;14331
246705949;14332
246722622;14333
246739296;14334
246755970;14335
246772643;14336
246789317;14337
246805990;14338
246822664;14339
246839338;14340
246856011;14341
246872685;14342
246889358;14343
246906032;14344
246922706;14345
246939379;14346
246956053;14347
246972726;14348
246989400;14349
247006074;14350
247022747;14351
247039421;14352
247056094;14353
247072768;14354
247089442;14355
247122789;14356
247139462;14357
247156136;14358
247172810;14359
247189483;14360
247206157;14361
247222830;14362
247239504;14363
247256178;14364
247272851;14365
247289525;14366
247306198;14367
247322872;14368
247339546;14369
247356219;14370
247372893;14371
247389566;14372
247406240;14373
247422914;14374
247439587;14375
247456261;14376
247472934;14377
247489608;14378
247506281;14379
247522955;14380
247539629;14381
247556302;14382
247572976;14383
247589650;14384
247622997;14385
247639670;14386
247656344;14387
247673018;14388
247689691;14389
247706365;14390
247723038;14391
247739712;14392
247756385;14393
247773059;14394
247789733;14395
247806406;14396
247823080;14397
247839754;14398
247856427;14399
247873101;14400
247889774;14401
247906448;14402
247923122;14403
247939795;14404
247956469;14405
247973142;14406
247989816;14407
248006489;14408
248023163;14409
248039837;14410
248056510;14411
248073184;14412
248089857;14413
248123205;14414
248139878;14415
248156552;14416
248173226;14417
248189899;14418
248206573;14419
248223246;14420
248239920;14421
248256594;14422
248273267;14423
248289941;14424
248306614;14425
248323288;14426
248339962;14427
248356635;14428
248373309;14429
248389982;14430
248406656;14431
248423330;14432
248440003;14433
248456677;14434
248473350;14435
248490024;14436
248506698;14437
248523371;14438
248540045;14439
248556718;14440
248573392;14441
248590066;14442
248623413;14443
248640086;14444
248656760;14445
248673434;14446
248690107;14447
248706781;14448
248723454;14449
248740128;14450
248756802;14451
248773475;14452
248790149;14453
248806822;14454
248823496;14455
248840170;14456
248856843;14457
248873517;14458
248890190;14459
248906864;14460
248923538;14461
248940211;14462
248956885;14463
248973558;14464
248990232;14465
249006906;14466
249023579;14467
249040253;14468
249056926;14469
249073600;14470
249090274;14471
249123621;14472
249140294;14473
249156968;14474
249173642;14475
249190315;14476
249206989;14477
249223662;14478
249240336;14479
249257010;14480
249273683;14481
249290357;14482
249307030;14483
249323704;14484
249340378;14485
249357051;14486
249373725;14487
249390399;14488
249407072;14489
249423746;14490
249440419;14491
249457093;14492
249473766;14493
249490440;14494
249507114;14495
249523787;14496
249540461;14497
249557135;14498
249573808;14499
249590482;14500
249623829;14501
249640502;14502
249657176;14503
249673850;14504
249690523;14505
249707197;14506
249723871;14507
249740544;14508
249757218;14509
249773891;14510
249790565;14511
249807238;14512
249823912;14513
249840586;14514
249857259;14515
249873933;14516
249890607;14517
249907280;14518
249923954;14519
249940627;14520
249957301;14521
249973975;14522
249990648;14523
250007322;14524
250023995;14525
250040669;14526
250057343;14527
250074016;14528
250090690;14529
250124037;14530
250140711;14531
250157384;14532
250174058;14533
250190731;14534
250207405;14535
250224079;14536
250240752;14537
250257426;14538
250274099;14539
250290773;14540
250307447;14541
250324120;14542
250340794;14543
250357467;14544
250374141;14545
250390815;14546
250407488;14547
250424162;14548
250440836;14549
250457509;14550
250474183;14551
250490856;14552
250507530;14553
250524203;14554
250540877;14555
250557551;14556
250574224;14557
250590898;14558
250624245;14559
250640919;14560
250657592;14561
250674266;14562
250690939;14563
250707613;14564
250724287;14565
250740960;14566
250757634;14567
250774307;14568
250790981;14569
250807655;14570
250824328;14571
250841002;14572
250857676;14573
250874349;14574
250891023;14575
250907696;14576
250924370;14577
250941044;14578
250957717;14579
250974391;14580
250991064;14581
251007738;14582
251024412;14583
251041085;14584
251057759;14585
251074432;14586
251091106;14587
251107780;14588
251141127;14589
251157800;14590
251174474;14591
251191148;14592
251207821;14593
251224495;14594
251241169;14595
251257842;14596
251274516;14597
251291189;14598
251307863;14599
251324537;14600
251341210;14601
251357884;14602
251374557;14603
251391231;14604
251407905;14605
251424578;14606
251441252;14607
251457925;14608
251474599;14609
251491273;14610
251507946;14611
251524620;14612
251541293;14613
251557967;14614
251574641;14615
251591314;14616
251607988;14617
251641335;14618
251658009;14619
251674682;14620
251691356;14621
251708029;14622
251724703;14623
251741377;14624
251758050;14625
251774724;14626
251791397;14627
251808071;14628
251824745;14629
251841418;14630
251858092;14631
251874765;14632
251891439;14633
251908113;14634
251924786;14635
251941460;14636
251958133;14637
251974807;14638
251991481;14639
252008154;14640
252024828;14641
252041502;14642
252058175;14643
252074849;14644
252091522;14645
252108196;14646
252141543;14647
252158217;14648
252174890;14649
252191564;14650
252208238;14651
252224911;14652
252241585;14653
252258258;14654
252274932;14655
252291606;14656
252308279;14657
252324953;14658
252341627;14659
252358300;14660
252374974;14661
252391647;14662
252408321;14663
252424995;14664
252441668;14665
252458342;14666
252475015;14667
252491689;14668
252508363;14669
252525036;14670
252541710;14671
252558383;14672
252575057;14673
252591731;14674
252608404;14675
252641751;14676
252658425;14677
252675099;14678
252691772;14679
252708446;14680
252725120;14681
252741793;14682
252758467;14683
252775140;14684
252791814;14685
252808488;14686
252825161;14687
252841835;14688
252858508;14689
252875182;14690
252891856;14691
252908529;14692
252925203;14693
252941876;14694
252958550;14695
252975224;14696
252991897;14697
253008571;14698
253025244;14699
253041918;14700
253058592;14701
253075265;14702
253091939;14703
253108612;14704
253141960;14705
253158633;14706
253175307;14707
253191981;14708
253208654;14709
253225328;14710
253242001;14711
253258675;14712
253275349;14713
253292022;14714
253308696;14715
253325369;14716
253342043;14717
253358717;14718
253375390;14719
253392064;14720
253408737;14721
253425411;14722
253442085;14723
253458758;14724
253475432;14725
253492105;14726
253508779;14727
253525453;14728
253542126;14729
253558800;14730
253575473;14731
253592147;14732
253608821;14733
253642168;14734
253658842;14735
253675515;14736
253692189;14737
253708862;14738
253725536;14739
253742210;14740
253758883;14741
253775557;14742
253792230;14743
253808904;14744
253825578;14745
253842251;14746
253858925;14747
253875598;14748
253892272;14749
253908946;14750
253925619;14751
253942293;14752
253958966;14753
253975640;14754
253992314;14755
254008987;14756
254025661;14757
254042335;14758
254059008;14759
254075682;14760
254092355;14761
254109029;14762
254142376;14763
254159050;14764
254175723;14765
254192397;14766
254209071;14767
254225744;14768
254242418;14769
254259091;14770
254275765;14771
254292439;14772
254309112;14773
254325786;14774
254342459;14775
254359133;14776
254375807;14777
254392480;14778
254409154;14779
254425828;14780
254442501;14781
254459175;14782
254475848;14783
254492522;14784
254509196;14785
254525869;14786
254542543;14787
254559216;14788
254575890;14789
254592564;14790
254609237;14791
254642584;14792
254659258;14793
254675932;14794
254692605;14795
254709279;14796
254725953;14797
254742626;14798
254759300;14799
254775973;14800
254792647;14801
254809320;14802
254825994;14803
254842668;14804
254859341;14805
254876015;14806
254892689;14807
254909362;14808
254926036;14809
254942709;14810
254959383;14811
254976057;14812
254992730;14813
255009404;14814
255026077;14815
255042751;14816
255059425;14817
255076098;14818
255092772;14819
255109446;14820
255142793;14821
255159466;14822
255176140;14823
255192814;14824
255209487;14825
255226161;14826
255242834;14827
255259508;14828
255276182;14829
255292855;14830
255309529;14831
255326202;14832
255342876;14833
255359550;14834
255376223;14835
255392897;14836
255409570;14837
255426244;14838
255442918;14839
255459591;14840
255476265;14841
255492939;14842
255509612;14843
255526286;14844
255542959;14845
255559633;14846
255576307;14847
255592980;14848
255609654;14849
255643001;14850
255659675;14851
255676348;14852
255693022;14853
255709696;14854
255726369;14855
255743043;14856
255759716;14857
255776390;14858
255793064;14859
255809737;14860
255826411;14861
255843084;14862
255859758;14863
255876432;14864
255893105;14865
255909779;14866
255926452;14867
255943126;14868
255959800;14869
255976473;14870
255993147;14871
256009820;14872
256026494;14873
256043168;14874
256059841;14875
256076515;14876
256093188;14877
256109862;14878
256143209;14879
256159883;14880
256176557;14881
256193230;14882
256209904;14883
256226577;14884
256243251;14885
256259925;14886
256276598;14887
256293272;14888
256309945;14889
256326619;14890
256343293;14891
256359966;14892
256376640;14893
256393313;14894
256409987;14895
256426661;14896
256443334;14897
256460008;14898
256476682;14899
256493355;14900
256510029;14901
256526702;14902
256543376;14903
256560050;14904
256576723;14905
256593397;14906
256610070;14907
256643418;14908
256660091;14909
256676765;14910
256693439;14911
256710112;14912
256726786;14913
256743459;14914
256760133;14915
256776807;14916
256793480;14917
256810154;14918
256826827;14919
256843501;14920
256860175;14921
256876848;14922
256893522;14923
256910195;14924
256926869;14925
256943543;14926
256960216;14927
256976890;14928
256993563;14929
257010237;14930
257026911;14931
257043584;14932
257060258;14933
257076932;14934
257093605;14935
257110279;14936
257143626;14937
257160300;14938
257176973;14939
257193647;14940
257210320;14941
257226994;14942
257243668;14943
257260341;14944
257277015;14945
257293689;14946
257310362;14947
257327036;14948
257343709;14949
257360383;14950
257377057;14951
257393730;14952
257410404;14953
257427077;14954
257443751;14955
257460425;14956
257477098;14957
257493772;14958
257510445;14959
257527119;14960
257543793;14961
257560466;14962
257577140;14963
257593814;14964
257610487;14965
257643834;14966
257660508;14967
257677182;14968
257693855;14969
257710529;14970
257727202;14971
257743876;14972
257760550;14973
257777223;14974
257793897;14975
257810570;14976
257827244;14977
257843918;14978
257860591;14979
257877265;14980
257893939;14981
257910612;14982
257927286;14983
257943959;14984
257960633;14985
257977307;14986
257993980;14987
258010654;14988
258027327;14989
258044001;14990
258060675;14991
258077348;14992
258094022;14993
258110695;14994
258144043;14995
258160716;14996
258177390;14997
258194064;14998
258210737;14999
258227411;15000
258244084;15001
258260758;15002
258277432;15003
258294105;15004
258310779;15005
258327453;15006
258344126;15007
258360800;15008
258377473;15009
258394147;15010
258410821;15011
258427494;15012
258444168;15013
258460841;15014
258477515;15015
258494189;15016
258510862;15017
258527536;15018
258544209;15019
258560883;15020
258577557;15021
258594230;15022
258610904;15023
258644251;15024
258660925;15025
258677598;15026
258694272;15027
258710946;15028
258727619;15029
258744293;15030
258760966;15031
258777640;15032
258794314;15033
258810987;15034
258827661;15035
258844334;15036
258861008;15037
258877682;15038
258894355;15039
258911029;15040
258927703;15041
258944376;15042
258961050;15043
258977723;15044
258994397;15045
259011071;15046
259027744;15047
259044418;15048
259061091;15049
259077765;15050
259094439;15051
259111112;15052
259144459;15053
259161133;15054
259177807;15055
259194480;15056
259211154;15057
259227828;15058
259244501;15059
259261175;15060
259277848;15061
259294522;15062
259311196;15063
259327869;15064
259344543;15065
259361216;15066
259377890;15067
259394564;15068
259411237;15069
259427911;15070
259444585;15071
259461258;15072
259477932;15073
259494605;15074
259511279;15075
259527953;15076
259544626;15077
259561300;15078
259577973;15079
259594647;15080
259611321;15081
259644668;15082
259661341;15083
259678015;15084
259694689;15085
259711362;15086
259728036;15087
259744710;15088
259761383;15089
259778057;15090
259794730;15091
259811404;15092
259828078;15093
259844751;15094
259861425;15095
259878099;15096
259894772;15097
259911446;15098
259928119;15099
259944793;15100
259961467;15101
259978140;15102
259994814;15103
260011487;15104
260028161;15105
260044835;15106
260061508;15107
260078182;15108
260094855;15109
260111529;15110
260144876;15111
260161550;15112
260178224;15113
260194897;15114
260211571;15115
260228244;15116
260244918;15117
260261592;15118
260278265;15119
260294939;15120
260311612;15121
260328286;15122
260344960;15123
260361633;15124
260378307;15125
260394980;15126
260411654;15127
260428328;15128
260445001;15129
260461675;15130
260478349;15131
260495022;15132
260511696;15133
260528369;15134
260545043;15135
260561717;15136
260578390;15137
260595064;15138
260611737;15139
260645085;15140
260661758;15141
260678432;15142
260695106;15143
260711779;15144
260728453;15145
260745126;15146
260761800;15147
260778474;15148
260795147;15149
260811821;15150
260828494;15151
260845168;15152
260861842;15153
260878515;15154
260895189;15155
260911863;15156
260928536;15157
260945210;15158
260961883;15159
260978557;15160
260995231;15161
261011904;15162
261028578;15163
261045251;15164
261061925;15165
261078599;15166
261095272;15167
261111946;15168
261145293;15169
261161967;15170
261178640;15171
261195314;15172
261211988;15173
261228661;15174
261245335;15175
261262008;15176
261278682;15177
261295356;15178
261312029;15179
261328703;15180
261345376;15181
261362050;15182
261378724;15183
261395397;15184
261412071;15185
261428745;15186
261445418;15187
261462092;15188
261478765;15189
261495439;15190
261512113;15191
261528786;15192
261545460;15193
261562133;15194
261578807;15195
261595481;15196
261612154;15197
261645501;15198
261662175;15199
261678849;15200
261695522;15201
-1;-1
-1;-1
-1;-1
-1;-1
-1;-1
-1;-1
-1;-1
-1;-1
-1;-1
-1;-1
-1;-1
-1;-1
-1;-1
-1;-1
-1;-1
-1;-1
-1;-1
-1;-1
-1;-1
-1;-1
-1;-1
-1;-1
-1;-1
-1;-1
-1;-1
-1;-1
-1;-1
-1;-1
-1;-1
-1;-1
-1;-1
-1;-1
-1;-1
-1;-1
-1;-1
-1;-1
-1;-1
-1;-1
-1;-1
-1;-1
-1;-1
-1;-1
-1;-1
-1;-1
-1;-1
-1;-1
-1;-1
-1;-1
-1;-1
-1;-1
-1;-1
-1;-1
-1;-1
-1;-1
-1;-1
-1;-1
-1;-1
-1;-1
-1;-1
-1;-1
-1;-1
-1;-1
-1;-1
-1;-1
-1;-1
-1;-1
-1;-1
-1;-1
-1;-1
-1;-1
-1;-1
-1;-1
-1;-1
-1;-1
-1;-1
-1;-1
-1;-1
-1;-1
-1;-1
-1;-1
-1;-1
-1;-1
-1;-1
-1;-1
-1;-1
-1;-1
-1;-1
-1;-1
-1;-1
-1;-1
-1;-1
-1;-1
-1;-1
-1;-1
-1;-1
-1;-1
-1;-1
-1;-1
-1;-1
-1;-1
-1;-1
-1;-1
-1;-1
