210674693;12244
210691367;12245
210708041;12246
210724714;12247
210741388;12248
210758062;12249
210774735;12250
210791409;12251
210808083;12252
210824756;12253
210841430;12254
210858104;12255
210874777;12256
210891451;12257
210908125;12258
210924798;12259
210941472;12260
210958145;12261
210974819;12262
210991493;12263
211008166;12264
211024840;12265
211041514;12266
211058187;12267
211074861;12268
211091535;12269
211108208;12270
211141556;12271
211158229;12272
211174903;12273
211191577;12274
211208250;12275
211224924;12276
211241597;12277
211258271;12278
211274945;12279
211291618;12280
211308292;12281
211324966;12282
211341639;12283
211358313;12284
211374987;12285
211391660;12286
211408334;12287
211425008;12288
211441681;12289
211458355;12290
211475029;12291
211491702;12292
211508376;12293
211525050;12294
211541723;12295
211558397;12296
211575071;12297
211591744;12298
211608418;12299
211641765;12300
211658439;12301
211675112;12302
211691786;12303
211708460;12304
211725133;12305
211741807;12306
211758481;12307
211775154;12308
211791828;12309
211808502;12310
211825175;12311
211841849;12312
211858523;12313
211875196;12314
211891870;12315
211908544;12316
211925217;12317
211941891;12318
211958565;12319
211975238;12320
211991912;12321
212008585;12322
212025259;12323
212041933;12324
212058606;12325
212075280;12326
212091954;12327
212108627;12328
212141975;12329
212158648;12330
212175322;12331
212191996;12332
212208669;12333
212225343;12334
212242017;12335
212258690;12336
212275364;12337
212292037;12338
212308711;12339
212325385;12340
212342058;12341
212358732;12342
212375406;12343
212392079;12344
212408753;12345
212425427;12346
212442100;12347
212458774;12348
212475448;12349
212492121;12350
212508795;12351
212525469;12352
212542142;12353
212558816;12354
212575490;12355
212592163;12356
212608837;12357
212642184;12358
212658858;12359
212675531;12360
212692205;12361
212708879;12362
212725552;12363
212742226;12364
212758900;12365
212775573;12366
212792247;12367
212808921;12368
212825594;12369
212842268;12370
212858942;12371
212875615;12372
212892289;12373
212908963;12374
212925636;12375
212942310;12376
212958983;12377
212975657;12378
212992331;12379
213009004;12380
213025678;12381
213042352;12382
213059025;12383
213075699;12384
213092373;12385
213109046;12386
213142394;12387
213159067;12388
213175741;12389
213192415;12390
213209088;12391
213225762;12392
213242436;12393
213259109;12394
213275783;12395
213292456;12396
213309130;12397
213325804;12398
213342477;12399
213359151;12400
213375825;12401
213392498;12402
213409172;12403
213425846;12404
213442519;12405
213459193;12406
213475867;12407
213492540;12408
213509214;12409
213525888;12410
213542561;12411
213559235;12412
213575908;12413
213592582;12414
213609256;12415
213642603;12416
213659277;12417
213675950;12418
213692624;12419
213709298;12420
213725971;12421
213742645;12422
213759319;12423
213775992;12424
213792666;12425
213809340;12426
213826013;12427
213842687;12428
213859360;12429
213876034;12430
213892708;12431
213909382;12432
213926055;12433
213942729;12434
213959402;12435
213976076;12436
213992750;12437
214009423;12438
214026097;12439
214042771;12440
214059444;12441
214076118;12442
214092792;12443
214109465;12444
214142813;12445
214159486;12446
214176160;12447
214192833;12448
214209507;12449
214226181;12450
214242854;12451
214259528;12452
214276202;12453
214292875;12454
214309549;12455
214326223;12456
214342896;12457
214359570;12458
214376244;12459
214392917;12460
214409591;12461
214426265;12462
214442938;12463
214459612;12464
214476286;12465
214492959;12466
214509633;12467
214526306;12468
214542980;12469
214559654;12470
214576327;12471
214593001;12472
214609675;12473
214643022;12474
214659696;12475
214676369;12476
214693043;12477
214709717;12478
214726390;12479
214743064;12480
214759737;12481
214776411;12482
214793085;12483
214809758;12484
214826432;12485
214843106;12486
214859779;12487
214876453;12488
214893127;12489
214909800;12490
214926474;12491
214943148;12492
214959821;12493
214976495;12494
214993168;12495
215009842;12496
215026516;12497
215043190;12498
215059863;12499
215076537;12500
215093210;12501
215109884;12502
215143231;12503
215159905;12504
215176579;12505
215193252;12506
215209926;12507
215226600;12508
215243273;12509
215259947;12510
215276621;12511
215293294;12512
215309968;12513
215326641;12514
215343315;12515
215359989;12516
215376662;12517
215393336;12518
215410010;12519
215426683;12520
215443357;12521
215460031;12522
215476704;12523
215493378;12524
215510051;12525
215526725;12526
215543399;12527
215560073;12528
215576746;12529
215593420;12530
215610093;12531
215643441;12532
215660114;12533
215676788;12534
215693462;12535
215710135;12536
215726809;12537
215743483;12538
215760156;12539
215776830;12540
215793503;12541
215810177;12542
215826851;12543
215843524;12544
215860198;12545
215876872;12546
215893545;12547
215910219;12548
215926893;12549
215943566;12550
215960240;12551
215976914;12552
215993587;12553
216010261;12554
216026935;12555
216043608;12556
216060282;12557
216076956;12558
216093629;12559
216110303;12560
216143650;12561
216160324;12562
216176997;12563
216193671;12564
216210345;12565
216227018;12566
216243692;12567
216260366;12568
216277039;12569
216293713;12570
216310386;12571
216327060;12572
216343734;12573
216360407;12574
216377081;12575
216393755;12576
216410428;12577
216427102;12578
216443776;12579
216460449;12580
216477123;12581
216493797;12582
216510470;12583
216527144;12584
216543818;12585
216560491;12586
216577165;12587
216593838;12588
216610512;12589
216643859;12590
216660533;12591
216677207;12592
216693880;12593
216710554;12594
216727228;12595
216743901;12596
216760575;12597
216777249;12598
216793922;12599
216810596;12600
216827269;12601
216843943;12602
216860617;12603
216877290;12604
216893964;12605
216910638;12606
216927311;12607
216943985;12608
216960659;12609
216977332;12610
216994006;12611
217010680;12612
217027353;12613
217044027;12614
217060700;12615
217077374;12616
217094048;12617
217110722;12618
217144069;12619
217160742;12620
217177416;12621
217194090;12622
217210763;12623
217227437;12624
217244111;12625
217260784;12626
217277458;12627
217294132;12628
217310805;12629
217327479;12630
217344152;12631
217360826;12632
217377500;12633
217394173;12634
217410847;12635
217427521;12636
217444194;12637
217460868;12638
217477542;12639
217494215;12640
217510889;12641
217527563;12642
217544236;12643
217560910;12644
217577584;12645
217594257;12646
217610931;12647
217644278;12648
217660952;12649
217677625;12650
217694299;12651
217710973;12652
217727646;12653
217744320;12654
217760993;12655
217777667;12656
217794341;12657
217811015;12658
217827688;12659
217844362;12660
217861035;12661
217877709;12662
217894383;12663
217911056;12664
217927730;12665
217944404;12666
217961077;12667
217977751;12668
217994424;12669
218011098;12670
218027772;12671
218044445;12672
218061119;12673
218077793;12674
218094466;12675
218111140;12676
218144487;12677
218161161;12678
218177835;12679
218194508;12680
218211182;12681
218227856;12682
218244529;12683
218261203;12684
218277876;12685
218294550;12686
218311224;12687
218327897;12688
218344571;12689
218361245;12690
218377918;12691
218394592;12692
218411266;12693
218427939;12694
218444613;12695
218461286;12696
218477960;12697
218494634;12698
218511307;12699
218527981;12700
218544655;12701
218561328;12702
218578002;12703
218594676;12704
218611349;12705
218644697;12706
218661370;12707
218678044;12708
218694718;12709
218711391;12710
218728065;12711
218744738;12712
218761412;12713
218778086;12714
218794759;12715
218811433;12716
218828107;12717
218844780;12718
218861454;12719
218878128;12720
218894801;12721
218911475;12722
218928148;12723
218944822;12724
218961496;12725
218978169;12726
218994843;12727
219011517;12728
219028190;12729
219044864;12730
219061538;12731
219078211;12732
219094885;12733
219111559;12734
219144906;12735
219161580;12736
219178253;12737
219194927;12738
219211600;12739
219228274;12740
219244948;12741
219261621;12742
219278295;12743
219294969;12744
219311642;12745
219328316;12746
219344990;12747
219361663;12748
219378337;12749
219395010;12750
219411684;12751
219428358;12752
219445031;12753
219461705;12754
219478379;12755
219495052;12756
219511726;12757
219528400;12758
219545073;12759
219561747;12760
219578421;12761
219595094;12762
219611768;12763
219645115;12764
219661789;12765
219678462;12766
219695136;12767
219711810;12768
219728483;12769
219745157;12770
219761831;12771
219778504;12772
219795178;12773
219811851;12774
219828525;12775
219845199;12776
219861872;12777
219878546;12778
219895220;12779
219911893;12780
219928567;12781
219945241;12782
219961914;12783
219978588;12784
219995262;12785
220011935;12786
220028609;12787
220045282;12788
220061956;12789
220078630;12790
220095303;12791
220111977;12792
220145324;12793
220161998;12794
220178672;12795
220195345;12796
220212019;12797
220228693;12798
220245366;12799
220262040;12800
220278713;12801
220295387;12802
220312061;12803
220328734;12804
220345408;12805
220362082;12806
220378755;12807
220395429;12808
220412103;12809
220428776;12810
220445450;12811
220462123;12812
220478797;12813
220495471;12814
220512144;12815
220528818;12816
220545492;12817
220562165;12818
220578839;12819
220595513;12820
220612186;12821
220645533;12822
220662207;12823
220678881;12824
220695554;12825
220712228;12826
220728902;12827
220745575;12828
220762249;12829
220778923;12830
220795596;12831
220812270;12832
220828944;12833
220845617;12834
220862291;12835
220878964;12836
220895638;12837
220912312;12838
220928985;12839
220945659;12840
220962333;12841
220979006;12842
220995680;12843
221012354;12844
221029027;12845
221045701;12846
221062375;12847
221079048;12848
221095722;12849
221112395;12850
221145743;12851
221162416;12852
221179090;12853
221195764;12854
221212437;12855
221229111;12856
221245785;12857
221262458;12858
221279132;12859
221295805;12860
221312479;12861
221329153;12862
221345826;12863
221362500;12864
221379174;12865
221395847;12866
221412521;12867
221429195;12868
221445868;12869
221462542;12870
221479216;12871
221495889;12872
221512563;12873
221529236;12874
221545910;12875
221562584;12876
221579257;12877
221595931;12878
221612605;12879
221645952;12880
221662626;12881
221679299;12882
221695973;12883
221712646;12884
221729320;12885
221745994;12886
221762667;12887
221779341;12888
221796015;12889
221812688;12890
221829362;12891
221846036;12892
221862709;12893
221879383;12894
221896056;12895
221912730;12896
221929404;12897
221946077;12898
221962751;12899
221979425;12900
221996098;12901
222012772;12902
222029446;12903
222046119;12904
222062793;12905
222079467;12906
222096140;12907
222112814;12908
222146161;12909
222162835;12910
222179508;12911
222196182;12912
222212856;12913
222229529;12914
222246203;12915
222262877;12916
222279550;12917
222296224;12918
222312897;12919
222329571;12920
222346245;12921
222362918;12922
222379592;12923
222396266;12924
222412939;12925
222429613;12926
222446287;12927
222462960;12928
222479634;12929
222496307;12930
222512981;12931
222529655;12932
222546328;12933
222563002;12934
222579676;12935
222596349;12936
222613023;12937
222646370;12938
222663044;12939
222679717;12940
222696391;12941
222713065;12942
222729738;12943
222746412;12944
222763086;12945
222779759;12946
222796433;12947
222813107;12948
222829780;12949
222846454;12950
222863128;12951
222879801;12952
222896475;12953
222913148;12954
222929822;12955
222946496;12956
222963169;12957
222979843;12958
222996517;12959
223013190;12960
223029864;12961
223046538;12962
223063211;12963
223079885;12964
223096558;12965
223113232;12966
223146579;12967
223163253;12968
223179927;12969
223196600;12970
223213274;12971
223229948;12972
223246621;12973
223263295;12974
223279968;12975
223296642;12976
223313316;12977
223329989;12978
223346663;12979
223363337;12980
223380010;12981
223396684;12982
223413358;12983
223430031;12984
223446705;12985
223463378;12986
223480052;12987
223496726;12988
223513399;12989
223530073;12990
223546747;12991
223563420;12992
223580094;12993
223596768;12994
223613441;12995
223646789;12996
223663462;12997
223680136;12998
223696809;12999
223713483;13000
223730157;13001
223746830;13002
223763504;13003
223780178;13004
223796851;13005
223813525;13006
223830198;13007
223846872;13008
223863546;13009
223880219;13010
223896893;13011
223913567;13012
223930240;13013
223946914;13014
223963588;13015
223980261;13016
223996935;13017
224013609;13018
224030282;13019
224046956;13020
224063629;13021
224080303;13022
224096977;13023
224113650;13024
224146998;13025
224163671;13026
224180345;13027
224197018;13028
224213692;13029
224230366;13030
224247039;13031
224263713;13032
224280387;13033
224297060;13034
224313734;13035
224330408;13036
224347081;13037
224363755;13038
224380429;13039
224397102;13040
224413776;13041
224430449;13042
224447123;13043
224463797;13044
224480470;13045
224497144;13046
224513818;13047
224530491;13048
224547165;13049
224563839;13050
224580512;13051
224597186;13052
224613860;13053
224647207;13054
224663880;13055
224680554;13056
224697228;13057
224713901;13058
224730575;13059
224747249;13060
224763922;13061
224780596;13062
224797270;13063
224813943;13064
224830617;13065
224847290;13066
224863964;13067
224880638;13068
224897311;13069
224913985;13070
224930659;13071
224947332;13072
224964006;13073
224980680;13074
224997353;13075
225014027;13076
225030700;13077
225047374;13078
225064048;13079
225080721;13080
225097395;13081
225114069;13082
225147416;13083
225164089;13084
225180763;13085
225197437;13086
225214110;13087
225230784;13088
225247458;13089
225264131;13090
225280805;13091
225297479;13092
225314152;13093
225330826;13094
225347499;13095
225364173;13096
225380847;13097
225397520;13098
225414194;13099
225430868;13100
225447541;13101
225464215;13102
225480889;13103
225497562;13104
225514236;13105
225530910;13106
225547583;13107
225564257;13108
225580930;13109
225597604;13110
225614278;13111
225647625;13112
225664299;13113
225680972;13114
225697646;13115
225714320;13116
225730993;13117
225747667;13118
225764340;13119
225781014;13120
225797688;13121
225814361;13122
225831035;13123
225847709;13124
225864382;13125
225881056;13126
225897729;13127
225914403;13128
225931077;13129
225947750;13130
225964424;13131
225981098;13132
225997771;13133
226014445;13134
226031119;13135
226047792;13136
226064466;13137
226081140;13138
226097813;13139
226114487;13140
226147834;13141
226164508;13142
226181181;13143
226197855;13144
226214529;13145
226231202;13146
226247876;13147
226264549;13148
226281223;13149
226297897;13150
226314570;13151
226331244;13152
226347918;13153
226364591;13154
226381265;13155
226397939;13156
226414612;13157
226431286;13158
226447959;13159
226464633;13160
226481307;13161
226497980;13162
226514654;13163
226531328;13164
226548001;13165
226564675;13166
226581349;13167
226598022;13168
226614696;13169
226648043;13170
226664717;13171
226681390;13172
226698064;13173
226714738;13174
226731411;13175
226748085;13176
226764759;13177
226781432;13178
226798106;13179
226814780;13180
226831453;13181
226848127;13182
226864800;13183
226881474;13184
226898148;13185
226914821;13186
226931495;13187
226948169;13188
226964842;13189
226981516;13190
226998189;13191
227014863;13192
227031537;13193
227048210;13194
227064884;13195
227081558;13196
227098231;13197
227114905;13198
227148252;13199
227164926;13200
227181599;13201
227198273;13202
227214947;13203
227231620;13204
227248294;13205
227264968;13206
227281641;13207
227298315;13208
227314989;13209
227331662;13210
227348336;13211
227365009;13212
227381683;13213
227398357;13214
227415030;13215
227431704;13216
227448378;13217
227465051;13218
227481725;13219
227498399;13220
227515072;13221
227531746;13222
227548420;13223
227565093;13224
227581767;13225
227598440;13226
227615114;13227
227648461;13228
227665135;13229
227681809;13230
227698482;13231
227715156;13232
227731829;13233
227748503;13234
227765177;13235
227781850;13236
227798524;13237
227815198;13238
227831871;13239
227848545;13240
227865219;13241
227881892;13242
227898566;13243
227915240;13244
227931913;13245
227948587;13246
227965260;13247
227981934;13248
227998608;13249
228015281;13250
228031955;13251
228048629;13252
228065302;13253
228081976;13254
228098649;13255
228115323;13256
228148670;13257
228165344;13258
228182018;13259
228198691;13260
228215365;13261
228232039;13262
228248712;13263
228265386;13264
228282060;13265
228298733;13266
228315407;13267
228332080;13268
228348754;13269
228365428;13270
228382101;13271
228398775;13272
228415449;13273
228432122;13274
228448796;13275
228465469;13276
228482143;13277
228498817;13278
228515490;13279
228532164;13280
228548838;13281
228565511;13282
228582185;13283
228598859;13284
228615532;13285
228648879;13286
228665553;13287
228682227;13288
228698900;13289
228715574;13290
228732248;13291
228748921;13292
228765595;13293
228782269;13294
228798942;13295
228815616;13296
228832289;13297
228848963;13298
228865637;13299
228882310;13300
228898984;13301
228915658;13302
228932331;13303
228949005;13304
228965679;13305
228982352;13306
228999026;13307
229015700;13308
229032373;13309
229049047;13310
229065720;13311
229082394;13312
229099068;13313
229115741;13314
229149089;13315
229165762;13316
229182436;13317
229199109;13318
229215783;13319
229232457;13320
229249130;13321
229265804;13322
229282478;13323
229299151;13324
229315825;13325
229332499;13326
229349172;13327
229365846;13328
229382519;13329
229399193;13330
229415867;13331
229432540;13332
229449214;13333
229465888;13334
229482561;13335
229499235;13336
229515909;13337
229532582;13338
229549256;13339
229565929;13340
229582603;13341
229599277;13342
229615950;13343
229649298;13344
229665971;13345
229682645;13346
229699319;13347
229715992;13348
229732666;13349
229749339;13350
229766013;13351
229782687;13352
229799360;13353
229816034;13354
229832708;13355
229849381;13356
229866055;13357
229882729;13358
229899402;13359
229916076;13360
229932749;13361
229949423;13362
229966097;13363
229982770;13364
229999444;13365
230016118;13366
230032791;13367
230049465;13368
230066139;13369
230082812;13370
230099486;13371
230116159;13372
230149507;13373
230166180;13374
230182854;13375
230199528;13376
230216201;13377
230232875;13378
230249548;13379
230266222;13380
230282896;13381
230299569;13382
230316243;13383
230332917;13384
230349590;13385
230366264;13386
230382938;13387
230399611;13388
230416285;13389
230432958;13390
230449632;13391
230466306;13392
230482979;13393
230499653;13394
230516327;13395
230533000;13396
230549674;13397
230566348;13398
230583021;13399
230599695;13400
230616368;13401
230649716;13402
230666389;13403
230683063;13404
230699737;13405
230716410;13406
230733084;13407
230749758;13408
230766431;13409
230783105;13410
230799779;13411
230816452;13412
230833126;13413
230849799;13414
230866473;13415
230883147;13416
230899820;13417
230916494;13418
230933168;13419
230949841;13420
230966515;13421
230983188;13422
230999862;13423
231016536;13424
231033209;13425
231049883;13426
231066557;13427
231083230;13428
231099904;13429
231116578;13430
231149925;13431
231166598;13432
231183272;13433
231199946;13434
231216619;13435
231233293;13436
231249967;13437
231266640;13438
231283314;13439
231299988;13440
231316661;13441
231333335;13442
231350009;13443
231366682;13444
231383356;13445
231400029;13446
231416703;13447
231433377;13448
231450050;13449
231466724;13450
231483398;13451
231500071;13452
231516745;13453
231533419;13454
231550092;13455
231566766;13456
231583439;13457
231600113;13458
231616787;13459
231650134;13460
231666808;13461
231683481;13462
231700155;13463
231716828;13464
231733502;13465
231750176;13466
231766849;13467
231783523;13468
231800197;13469
231816870;13470
231833544;13471
231850218;13472
231866891;13473
231883565;13474
231900238;13475
231916912;13476
231933586;13477
231950259;13478
231966933;13479
231983607;13480
232000280;13481
232016954;13482
232033628;13483
232050301;13484
232066975;13485
232083648;13486
232100322;13487
232116996;13488
232150343;13489
232167017;13490
232183690;13491
232200364;13492
232217038;13493
232233711;13494
232250385;13495
232267058;13496
232283732;13497
232300406;13498
232317080;13499
232333753;13500
232350427;13501
232367100;13502
232383774;13503
232400448;13504
232417121;13505
232433795;13506
232450469;13507
232467142;13508
232483816;13509
232500489;13510
232517163;13511
232533837;13512
232550510;13513
232567184;13514
232583858;13515
232600531;13516
232617205;13517
232650552;13518
232667226;13519
232683899;13520
232700573;13521
232717247;13522
232733920;13523
232750594;13524
232767268;13525
232783941;13526
232800615;13527
232817289;13528
232833962;13529
232850636;13530
232867309;13531
232883983;13532
232900657;13533
232917330;13534
232934004;13535
232950678;13536
232967351;13537
232984025;13538
233000699;13539
233017372;13540
233034046;13541
233050719;13542
233067393;13543
233084067;13544
233100740;13545
233117414;13546
233150761;13547
233167435;13548
233184109;13549
233200782;13550
233217456;13551
233234129;13552
233250803;13553
233267477;13554
233284150;13555
233300824;13556
233317498;13557
233334171;13558
233350845;13559
233367519;13560
233384192;13561
233400866;13562
233417539;13563
233434213;13564
233450887;13565
233467560;13566
233484234;13567
233500908;13568
233517581;13569
233534255;13570
233550929;13571
233567602;13572
233584276;13573
233600950;13574
233617623;13575
233650970;13576
233667644;13577
233684318;13578
233700991;13579
233717665;13580
233734339;13581
233751012;13582
233767686;13583
233784359;13584
233801033;13585
233817707;13586
233834380;13587
233851054;13588
233867728;13589
233884401;13590
233901075;13591
233917749;13592
233934422;13593
233951096;13594
233967770;13595
233984443;13596
234001117;13597
234017790;13598
234034464;13599
234051138;13600
234067811;13601
234084485;13602
234101159;13603
234117832;13604
234151180;13605
234167853;13606
234184527;13607
234201200;13608
234217874;13609
234234548;13610
234251221;13611
234267895;13612
234284569;13613
234301242;13614
234317916;13615
234334590;13616
234351263;13617
234367937;13618
234384610;13619
234401284;13620
234417958;13621
234434631;13622
234451305;13623
234467979;13624
234484652;13625
234501326;13626
234518000;13627
234534673;13628
234551347;13629
234568021;13630
234584694;13631
234601368;13632
234618041;13633
234651389;13634
234668062;13635
234684736;13636
234701410;13637
234718083;13638
234734757;13639
234751431;13640
234768104;13641
234784778;13642
234801451;13643
234818125;13644
234834799;13645
234851472;13646
234868146;13647
234884820;13648
234901493;13649
234918167;13650
234934841;13651
234951514;13652
234968188;13653
234984861;13654
235001535;13655
235018209;13656
235034882;13657
235051556;13658
235068230;13659
235084903;13660
235101577;13661
235118251;13662
235151598;13663
235168271;13664
235184945;13665
235201619;13666
235218292;13667
235234966;13668
235251640;13669
235268313;13670
235284987;13671
235301661;13672
235318334;13673
235335008;13674
235351681;13675
235368355;13676
235385029;13677
235401702;13678
235418376;13679
235435050;13680
235451723;13681
235468397;13682
235485071;13683
235501744;13684
235518418;13685
235535091;13686
235551765;13687
235568439;13688
235585112;13689
235601786;13690
235618460;13691
235651807;13692
235668481;13693
235685154;13694
235701828;13695
235718502;13696
235735175;13697
235751849;13698
235768522;13699
235785196;13700
235801870;13701
235818543;13702
235835217;13703
235851891;13704
235868564;13705
235885238;13706
235901911;13707
235918585;13708
235935259;13709
235951932;13710
235968606;13711
235985280;13712
236001953;13713
236018627;13714
236035301;13715
236051974;13716
236068648;13717
236085322;13718
236101995;13719
236118669;13720
236135343;13721
236168690;13722
236185363;13723
236202037;13724
236218711;13725
236235384;13726
236252058;13727
236268732;13728
236285405;13729
236302079;13730
236318753;13731
236335426;13732
236352100;13733
236368773;13734
236385447;13735
236402121;13736
236418794;13737
236435468;13738
236452142;13739
236468815;13740
236485489;13741
236502162;13742
236518836;13743
236535510;13744
236552183;13745
236568857;13746
236585531;13747
236602204;13748
236618878;13749
236635552;13750
236668899;13751
236685572;13752
236702246;13753
236718920;13754
236735593;13755
236752267;13756
236768941;13757
236785614;13758
236802288;13759
236818962;13760
236835635;13761
236852309;13762
236868983;13763
236885656;13764
236902330;13765
236919003;13766
236935677;13767
236952351;13768
236969024;13769
236985698;13770
237002372;13771
237019045;13772
237035719;13773
237052392;13774
237069066;13775
237085740;13776
237102413;13777
237119087;13778
237135761;13779
237169108;13780
237185782;13781
237202455;13782
237219129;13783
237235803;13784
237252476;13785
237269150;13786
237285823;13787
237302497;13788
237319171;13789
237335844;13790
237352518;13791
237369192;13792
237385865;13793
237402539;13794
237419213;13795
237435886;13796
237452560;13797
237469233;13798
237485907;13799
237502581;13800
237519254;13801
237535928;13802
237552602;13803
237569275;13804
237585949;13805
237602623;13806
237619296;13807
237635970;13808
237669317;13809
237685991;13810
237702664;13811
237719338;13812
237736012;13813
237752685;13814
237769359;13815
237786033;13816
237802706;13817
237819380;13818
237836054;13819
237852727;13820
237869401;13821
237886074;13822
237902748;13823
237919422;13824
237936095;13825
237952769;13826
237969443;13827
237986116;13828
238002790;13829
238019463;13830
238036137;13831
238052811;13832
238069484;13833
238086158;13834
238102832;13835
238119505;13836
238136179;13837
238169526;13838
238186200;13839
238202873;13840
238219547;13841
238236221;13842
238252894;13843
238269568;13844
238286242;13845
238302915;13846
238319589;13847
238336263;13848
238352936;13849
238369610;13850
238386284;13851
238402957;13852
238419631;13853
238436304;13854
238452978;13855
238469652;13856
238486325;13857
238502999;13858
238519673;13859
238536346;13860
238553020;13861
238569694;13862
238586367;13863
238603041;13864
238619714;13865
238636388;13866
238669735;13867
238686409;13868
238703083;13869
238719756;13870
238736430;13871
238753104;13872
238769777;13873
238786451;13874
238803124;13875
238819798;13876
238836472;13877
238853145;13878
238869819;13879
238886493;13880
238903166;13881
238919840;13882
238936514;13883
238953187;13884
238969861;13885
238986535;13886
239003208;13887
239019882;13888
239036555;13889
239053229;13890
239069903;13891
239086576;13892
239103250;13893
239119924;13894
239136597;13895
239169945;13896
239186618;13897
239203292;13898
239219966;13899
239236639;13900
239253313;13901
239269986;13902
239286660;13903
239303334;13904
239320007;13905
239336681;13906
239353355;13907
239370028;13908
239386702;13909
239403375;13910
239420049;13911
239436723;13912
239453396;13913
239470070;13914
239486744;13915
239503417;13916
239520091;13917
239536765;13918
239553438;13919
239570112;13920
239586785;13921
239603459;13922
239620133;13923
239636806;13924
239670154;13925
239686827;13926
239703501;13927
239720175;13928
239736848;13929
239753522;13930
239770196;13931
239786869;13932
239803543;13933
239820217;13934
239836890;13935
239853564;13936
239870237;13937
239886911;13938
239903585;13939
239920258;13940
239936932;13941
239953606;13942
239970279;13943
239986953;13944
240003627;13945
240020300;13946
240036974;13947
240053648;13948
240070321;13949
240086995;13950
240103668;13951
240120342;13952
240137016;13953
240170363;13954
240187037;13955
240203710;13956
240220384;13957
240237058;13958
240253731;13959
240270405;13960
240287078;13961
240303752;13962
240320426;13963
240337099;13964
240353773;13965
240370447;13966
240387120;13967
240403794;13968
240420468;13969
240437141;13970
240453815;13971
240470488;13972
240487162;13973
240503836;13974
240520509;13975
240537183;13976
240553857;13977
240570530;13978
240587204;13979
240603878;13980
240620551;13981
240637225;13982
240670572;13983
240687246;13984
240703919;13985
240720593;13986
240737267;13987
240753940;13988
240770614;13989
240787288;13990
240803961;13991
240820635;13992
240837309;13993
240853982;13994
240870656;13995
240887329;13996
240904003;13997
240920677;13998
240937350;13999
240954024;14000
240970698;14001
240987371;14002
241004045;14003
241020719;14004
241037392;14005
241054066;14006
241070740;14007
241087413;14008
241104087;14009
241120760;14010
241137434;14011
241170781;14012
241187455;14013
241204129;14014
241220802;14015
241237476;14016
241254150;14017
241270823;14018
241287497;14019
241304171;14020
241320844;14021
241337518;14022
241354191;14023
241370865;14024
241387539;14025
241404212;14026
241420886;14027
241437560;14028
241454233;14029
241470907;14030
241487581;14031
241504254;14032
241520928;14033
241537602;14034
241554275;14035
241570949;14036
241587622;14037
241604296;14038
241620970;14039
241637643;14040
241670991;14041
241687664;14042
241704338;14043
241721012;14044
241737685;14045
241754359;14046
241771033;14047
241787706;14048
241804380;14049
241821053;14050
241837727;14051
241854401;14052
241871074;14053
241887748;14054
241904422;14055
241921095;14056
241937769;14057
241954443;14058
241971116;14059
241987790;14060
242004463;14061
242021137;14062
242037811;14063
242054484;14064
242071158;14065
242087832;14066
242104505;14067
242121179;14068
242137853;14069
242171200;14070
242187874;14071
242204547;14072
242221221;14073
242237894;14074
242254568;14075
242271242;14076
242287915;14077
242304589;14078
242321263;14079
242337936;14080
242354610;14081
242371284;14082
242387957;14083
242404631;14084
242421305;14085
242437978;14086
242454652;14087
242471326;14088
242487999;14089
242504673;14090
242521346;14091
242538020;14092
242554694;14093
242571367;14094
242588041;14095
242604715;14096
242621388;14097
242638062;14098
242671409;14099
242688083;14100
242704756;14101
242721430;14102
242738104;14103
242754777;14104
242771451;14105
242788125;14106
242804798;14107
242821472;14108
242838146;14109
242854819;14110
242871493;14111
242888167;14112
242904840;14113
242921514;14114
242938188;14115
242954861;14116
242971535;14117
242988208;14118
243004882;14119
243021556;14120
243038229;14121
243054903;14122
243071577;14123
243088250;14124
243104924;14125
243121598;14126
243138271;14127
243171619;14128
243188292;14129
243204966;14130
243221640;14131
243238313;14132
243254987;14133
243271660;14134
243288334;14135
243305008;14136
243321681;14137
243338355;14138
243355029;14139
243371702;14140
243388376;14141
243405050;14142
243421723;14143
243438397;14144
243455071;14145
243471744;14146
243488418;14147
243505091;14148
243521765;14149
243538439;14150
243555112;14151
243571786;14152
243588460;14153
243605133;14154
243621807;14155
243638481;14156
243671828;14157
243688502;14158
243705175;14159
243721849;14160
243738523;14161
243755196;14162
243771870;14163
243788543;14164
243805217;14165
243821891;14166
243838564;14167
243855238;14168
243871912;14169
243888585;14170
243905259;14171
243921933;14172
243938606;14173
243955280;14174
243971954;14175
243988627;14176
244005301;14177
244021974;14178
244038648;14179
244055322;14180
244071995;14181
244088669;14182
244105343;14183
244122016;14184
244138690;14185
244172037;14186
244188711;14187
244205385;14188
244222058;14189
244238732;14190
244255405;14191
244272079;14192
244288753;14193
244305426;14194
244322100;14195
244338774;14196
244355447;14197
244372121;14198
244388795;14199
244405468;14200
244422142;14201
244438816;14202
244455489;14203
244472163;14204
244488837;14205
244505510;14206
244522184;14207
244538857;14208
244555531;14209
244572205;14210
244588878;14211
244605552;14212
244622226;14213
244638899;14214
244672247;14215
244688920;14216
244705594;14217
244722268;14218
244738941;14219
244755615;14220
244772289;14221
244788962;14222
244805636;14223
244822310;14224
244838983;14225
244855657;14226
244872330;14227
244889004;14228
244905678;14229
244922351;14230
244939025;14231
244955699;14232
244972372;14233
244989046;14234
245005720;14235
245022393;14236
245039067;14237
245055741;14238
245072414;14239
245089088;14240
245105761;14241
245122435;14242
245139109;14243
245172456;14244
245189130;14245
245205803;14246
245222477;14247
245239151;14248
245255824;14249
245272498;14250
245289172;14251
245305845;14252
245322519;14253
245339193;14254
245355866;14255
245372540;14256
245389213;14257
245405887;14258
245422561;14259
245439235;14260
245455908;14261
245472582;14262
245489255;14263
245505929;14264
245522603;14265
245539276;14266
245555950;14267
245572624;14268
245589297;14269
245605971;14270
245622645;14271
245639318;14272
245672666;14273
245689339;14274
245706013;14275
245722687;14276
245739360;14277
245756034;14278
245772707;14279
245789381;14280
245806055;14281
245822728;14282
245839402;14283
245856076;14284
245872749;14285
245889423;14286
245906097;14287
245922770;14288
245939444;14289
245956118;14290
245972791;14291
245989465;14292
246006139;14293
246022812;14294
246039486;14295
246056160;14296
246072833;14297
246089507;14298
246106180;14299
246122854;14300
246139528;14301
246172875;14302
246189549;14303
246206222;14304
246222896;14305
246239570;14306
246256243;14307
246272917;14308
246289591;14309
246306264;14310
246322938;14311
246339612;14312
246356285;14313
246372959;14314
246389632;14315
246406306;14316
246422980;14317
246439653;14318
246456327;14319
246473001;14320
246489674;14321
246506348;14322
246523022;14323
246539695;14324
246556369;14325
246573043;14326
246589716;14327
246606390;14328
246623064;14329
246639737;14330
246673085;14331
246689758;14332
246706432;14333
246723106;14334
246739779;14335
246756453;14336
246773126;14337
246789800;14338
246806474;14339
246823147;14340
246839821;14341
246856495;14342
246873168;14343
246889842;14344
246906516;14345
246923189;14346
246939863;14347
246956537;14348
246973210;14349
246989884;14350
247006557;14351
247023231;14352
247039905;14353
247056579;14354
247073252;14355
247089926;14356
247106599;14357
247123273;14358
247139947;14359
247173294;14360
247189968;14361
247206641;14362
247223315;14363
247239989;14364
247256662;14365
247273336;14366
247290010;14367
247306683;14368
247323357;14369
247340031;14370
247356704;14371
247373378;14372
247390051;14373
247406725;14374
247423399;14375
247440072;14376
247456746;14377
247473420;14378
247490093;14379
247506767;14380
247523441;14381
247540114;14382
247556788;14383
247573462;14384
247590135;14385
247606809;14386
247623483;14387
247640156;14388
247673504;14389
247690177;14390
247706851;14391
247723525;14392
247740198;14393
247756872;14394
247773546;14395
247790219;14396
247806893;14397
247823567;14398
247840240;14399
247856914;14400
247873587;14401
247890261;14402
247906935;14403
247923608;14404
247940282;14405
247956956;14406
247973629;14407
247990303;14408
248006977;14409
248023650;14410
248040324;14411
248056998;14412
248073671;14413
248090345;14414
248107019;14415
248123692;14416
248140366;14417
248173713;14418
248190387;14419
248207060;14420
248223734;14421
248240408;14422
248257081;14423
248273755;14424
248290429;14425
248307102;14426
248323776;14427
248340450;14428
248357123;14429
248373797;14430
248390471;14431
248407144;14432
248423818;14433
248440492;14434
248457165;14435
248473839;14436
248490513;14437
248507186;14438
248523860;14439
248540534;14440
248557207;14441
248573881;14442
248590554;14443
248607228;14444
248623902;14445
248640575;14446
248673923;14447
248690596;14448
248707270;14449
248723944;14450
248740617;14451
248757291;14452
248773965;14453
248790638;14454
248807312;14455
248823986;14456
248840659;14457
248857333;14458
248874007;14459
248890680;14460
248907354;14461
248924028;14462
248940701;14463
248957375;14464
248974049;14465
248990722;14466
249007396;14467
249024069;14468
249040743;14469
249057417;14470
249074090;14471
249090764;14472
249107438;14473
249124111;14474
249140785;14475
249174132;14476
249190806;14477
249207480;14478
249224153;14479
249240827;14480
249257501;14481
249274174;14482
249290848;14483
249307522;14484
249324195;14485
249340869;14486
249357543;14487
249374216;14488
249390890;14489
249407563;14490
249424237;14491
249440911;14492
249457585;14493
249474258;14494
249490932;14495
249507605;14496
249524279;14497
249540953;14498
249557626;14499
249574300;14500
249590974;14501
249607647;14502
249624321;14503
249640995;14504
249674342;14505
249691016;14506
249707689;14507
249724363;14508
249741037;14509
249757710;14510
249774384;14511
249791058;14512
249807731;14513
249824405;14514
249841079;14515
249857752;14516
249874426;14517
249891100;14518
249907773;14519
249924447;14520
249941120;14521
249957794;14522
249974468;14523
249991141;14524
250007815;14525
250024489;14526
250041162;14527
250057836;14528
250074510;14529
250091183;14530
250107857;14531
250124531;14532
250141204;14533
250174552;14534
250191225;14535
250207899;14536
250224573;14537
250241246;14538
250257920;14539
250274594;14540
250291267;14541
250307941;14542
250324615;14543
250341288;14544
250357962;14545
250374635;14546
250391309;14547
250407983;14548
250424657;14549
250441330;14550
250458004;14551
250474677;14552
250491351;14553
250508025;14554
250524698;14555
250541372;14556
250558046;14557
250574719;14558
250591393;14559
250608067;14560
250624740;14561
250641414;14562
250674761;14563
250691435;14564
250708109;14565
250724782;14566
250741456;14567
250758130;14568
250774803;14569
250791477;14570
250808151;14571
250824824;14572
250841498;14573
250858172;14574
250874845;14575
250891519;14576
250908193;14577
250924866;14578
250941540;14579
250958214;14580
250974887;14581
250991561;14582
251008235;14583
251024908;14584
251041582;14585
251058255;14586
251074929;14587
251091603;14588
251108276;14589
251124950;14590
251141624;14591
251174971;14592
251191645;14593
251208318;14594
251224992;14595
251241666;14596
251258339;14597
251275013;14598
251291687;14599
251308360;14600
251325034;14601
251341708;14602
251358381;14603
251375055;14604
251391729;14605
251408402;14606
251425076;14607
251441750;14608
251458423;14609
251475097;14610
251491771;14611
251508444;14612
251525118;14613
251541791;14614
251558465;14615
251575139;14616
251591812;14617
251608486;14618
251625160;14619
251641833;14620
251675181;14621
251691854;14622
251708528;14623
251725202;14624
251741875;14625
251758549;14626
251775223;14627
251791896;14628
251808570;14629
251825244;14630
251841917;14631
251858591;14632
251875265;14633
251891938;14634
251908612;14635
251925286;14636
251941959;14637
251958633;14638
251975307;14639
251991980;14640
252008654;14641
252025328;14642
252042001;14643
252058675;14644
252075348;14645
252092022;14646
252108696;14647
252125369;14648
252142043;14649
252175390;14650
252192064;14651
252208738;14652
252225411;14653
252242085;14654
252258759;14655
252275432;14656
252292106;14657
252308780;14658
252325453;14659
252342127;14660
252358801;14661
252375474;14662
252392148;14663
252408822;14664
252425495;14665
252442169;14666
252458843;14667
252475516;14668
252492190;14669
252508864;14670
252525537;14671
252542211;14672
252558885;14673
252575558;14674
252592232;14675
252608906;14676
252625579;14677
252642253;14678
252675600;14679
252692274;14680
252708948;14681
252725621;14682
252742295;14683
252758968;14684
252775642;14685
252792316;14686
252808989;14687
252825663;14688
252842337;14689
252859010;14690
252875684;14691
252892358;14692
252909031;14693
252925705;14694
252942379;14695
252959052;14696
252975726;14697
252992400;14698
253009073;14699
253025747;14700
253042421;14701
253059094;14702
253075768;14703
253092442;14704
253109115;14705
253125789;14706
253142463;14707
253175810;14708
253192484;14709
253209157;14710
253225831;14711
253242505;14712
253259178;14713
253275852;14714
253292526;14715
253309199;14716
253325873;14717
253342547;14718
253359220;14719
253375894;14720
253392568;14721
253409241;14722
253425915;14723
253442589;14724
253459262;14725
253475936;14726
253492609;14727
253509283;14728
253525957;14729
253542630;14730
253559304;14731
253575978;14732
253592651;14733
253609325;14734
253625999;14735
253642672;14736
253676020;14737
253692693;14738
253709367;14739
253726041;14740
253742714;14741
253759388;14742
253776062;14743
253792735;14744
253809409;14745
253826083;14746
253842756;14747
253859430;14748
253876104;14749
253892777;14750
253909451;14751
253926125;14752
253942798;14753
253959472;14754
253976146;14755
253992819;14756
254009493;14757
254026167;14758
254042840;14759
254059514;14760
254076188;14761
254092861;14762
254109535;14763
254126209;14764
254142882;14765
254176229;14766
254192903;14767
254209577;14768
254226250;14769
254242924;14770
254259598;14771
254276272;14772
254292945;14773
254309619;14774
254326292;14775
254342966;14776
254359640;14777
254376313;14778
254392987;14779
254409661;14780
254426334;14781
254443008;14782
254459682;14783
254476355;14784
254493029;14785
254509703;14786
254526376;14787
254543050;14788
254559724;14789
254576397;14790
254593071;14791
254609745;14792
254626418;14793
254643092;14794
254676439;14795
254693113;14796
254709787;14797
254726460;14798
254743134;14799
254759808;14800
254776481;14801
254793155;14802
254809829;14803
254826502;14804
254843176;14805
254859850;14806
254876523;14807
254893197;14808
254909871;14809
254926544;14810
254943218;14811
254959892;14812
254976565;14813
254993239;14814
255009912;14815
255026586;14816
255043260;14817
255059933;14818
255076607;14819
255093281;14820
255109954;14821
255126628;14822
255143302;14823
255176649;14824
255193323;14825
255209996;14826
255226670;14827
255243344;14828
255260017;14829
255276691;14830
255293365;14831
255310038;14832
255326712;14833
255343386;14834
255360059;14835
255376733;14836
255393407;14837
255410080;14838
255426754;14839
255443428;14840
255460101;14841
255476775;14842
255493449;14843
255510122;14844
255526796;14845
255543470;14846
255560143;14847
255576817;14848
255593491;14849
255610164;14850
255626838;14851
255643512;14852
255676859;14853
255693533;14854
255710206;14855
255726880;14856
255743554;14857
255760227;14858
255776901;14859
255793575;14860
255810248;14861
255826922;14862
255843595;14863
255860269;14864
255876943;14865
255893616;14866
255910290;14867
255926964;14868
255943638;14869
255960311;14870
255976985;14871
255993658;14872
256010332;14873
256027006;14874
256043679;14875
256060353;14876
256077027;14877
256093700;14878
256110374;14879
256127048;14880
256143721;14881
256177069;14882
256193742;14883
256210416;14884
256227090;14885
256243763;14886
256260437;14887
256277111;14888
256293784;14889
256310458;14890
256327132;14891
256343805;14892
256360479;14893
256377153;14894
256393826;14895
256410500;14896
256427174;14897
256443847;14898
256460521;14899
256477195;14900
256493868;14901
256510542;14902
256527216;14903
256543889;14904
256560563;14905
256577237;14906
256593910;14907
256610584;14908
256627258;14909
256643931;14910
256677279;14911
256693952;14912
256710626;14913
256727300;14914
256743973;14915
256760647;14916
256777321;14917
256793994;14918
256810668;14919
256827341;14920
256844015;14921
256860689;14922
256877363;14923
256894036;14924
256910710;14925
256927384;14926
256944057;14927
256960731;14928
256977405;14929
256994078;14930
257010752;14931
257027425;14932
257044099;14933
257060773;14934
257077446;14935
257094120;14936
257110794;14937
257127467;14938
257144141;14939
257177488;14940
257194162;14941
257210836;14942
257227509;14943
257244183;14944
257260857;14945
257277530;14946
257294204;14947
257310878;14948
257327551;14949
257344225;14950
257360899;14951
257377572;14952
257394246;14953
257410920;14954
257427593;14955
257444267;14956
257460941;14957
257477614;14958
257494288;14959
257510962;14960
257527635;14961
257544309;14962
257560983;14963
257577656;14964
257594330;14965
257611004;14966
257627677;14967
257644351;14968
257677698;14969
257694372;14970
257711046;14971
257727719;14972
257744393;14973
257761067;14974
257777740;14975
257794414;14976
257811088;14977
257827761;14978
257844435;14979
257861109;14980
257877782;14981
257894456;14982
257911130;14983
257927803;14984
257944477;14985
257961151;14986
257977824;14987
257994498;14988
258011171;14989
258027845;14990
258044519;14991
258061192;14992
258077866;14993
258094540;14994
258111213;14995
258127887;14996
258144561;14997
258177908;14998
258194582;14999
258211255;15000
258227929;15001
258244603;15002
258261276;15003
258277950;15004
258294624;15005
258311297;15006
258327971;15007
258344645;15008
258361318;15009
258377992;15010
258394666;15011
258411339;15012
258428013;15013
258444687;15014
258461360;15015
258478034;15016
258494708;15017
258511381;15018
258528055;15019
258544729;15020
258561402;15021
258578076;15022
258594750;15023
258611423;15024
258628097;15025
258644771;15026
258678118;15027
258694792;15028
258711465;15029
258728139;15030
258744813;15031
258761486;15032
258778160;15033
258794834;15034
258811507;15035
258828181;15036
258844855;15037
258861528;15038
258878202;15039
258894876;15040
258911549;15041
258928223;15042
258944897;15043
258961570;15044
258978244;15045
258994918;15046
259011591;15047
259028265;15048
259044939;15049
259061612;15050
259078286;15051
259094960;15052
259111633;15053
259128307;15054
259144981;15055
259178328;15056
259195002;15057
259211675;15058
259228349;15059
259245023;15060
259261696;15061
259278370;15062
259295043;15063
259311717;15064
259328391;15065
259345064;15066
259361738;15067
259378412;15068
259395085;15069
259411759;15070
259428433;15071
259445106;15072
259461780;15073
259478454;15074
259495127;15075
259511801;15076
259528475;15077
259545148;15078
259561822;15079
259578496;15080
259595169;15081
259611843;15082
259628517;15083
259645190;15084
259661864;15085
259695211;15086
259711885;15087
259728559;15088
259745232;15089
259761906;15090
259778580;15091
259795253;15092
259811927;15093
259828601;15094
259845274;15095
259861948;15096
259878622;15097
259895295;15098
259911969;15099
259928643;15100
259945316;15101
259961990;15102
259978664;15103
259995337;15104
260012011;15105
260028685;15106
260045358;15107
260062032;15108
260078705;15109
260095379;15110
260112053;15111
260128727;15112
260145400;15113
260162074;15114
260195421;15115
260212095;15116
260228769;15117
260245442;15118
260262116;15119
260278789;15120
260295463;15121
260312137;15122
260328811;15123
260345484;15124
260362158;15125
260378832;15126
260395505;15127
260412179;15128
260428853;15129
260445526;15130
260462200;15131
260478873;15132
260495547;15133
260512221;15134
260528894;15135
260545568;15136
260562242;15137
260578915;15138
260595589;15139
260612263;15140
260628936;15141
260645610;15142
260662284;15143
260695631;15144
260712305;15145
260728978;15146
260745652;15147
260762326;15148
260778999;15149
260795673;15150
260812347;15151
260829020;15152
260845694;15153
260862368;15154
260879041;15155
260895715;15156
260912389;15157
260929062;15158
260945736;15159
260962410;15160
260979083;15161
260995757;15162
261012431;15163
261029104;15164
261045778;15165
261062452;15166
261079125;15167
261095799;15168
261112473;15169
261129146;15170
261145820;15171
261162494;15172
261195841;15173
261212515;15174
261229188;15175
261245862;15176
261262536;15177
261279209;15178
261295883;15179
261312556;15180
261329230;15181
261345904;15182
261362578;15183
261379251;15184
261395925;15185
261412599;15186
261429272;15187
261445946;15188
261462620;15189
261479293;15190
261495967;15191
261512640;15192
261529314;15193
261545988;15194
261562661;15195
261579335;15196
261596009;15197
261612682;15198
261629356;15199
261646030;15200
261662703;15201
261696051;15202
-1;-1
-1;-1
-1;-1
-1;-1
-1;-1
-1;-1
-1;-1
-1;-1
-1;-1
-1;-1
-1;-1
-1;-1
-1;-1
-1;-1
-1;-1
-1;-1
-1;-1
-1;-1
-1;-1
-1;-1
-1;-1
-1;-1
-1;-1
-1;-1
-1;-1
-1;-1
-1;-1
-1;-1
-1;-1
-1;-1
-1;-1
-1;-1
-1;-1
-1;-1
-1;-1
-1;-1
-1;-1
-1;-1
-1;-1
-1;-1
-1;-1
-1;-1
-1;-1
-1;-1
-1;-1
-1;-1
-1;-1
-1;-1
-1;-1
-1;-1
-1;-1
-1;-1
-1;-1
-1;-1
-1;-1
-1;-1
-1;-1
-1;-1
-1;-1
-1;-1
-1;-1
-1;-1
-1;-1
-1;-1
-1;-1
-1;-1
-1;-1
-1;-1
-1;-1
-1;-1
-1;-1
-1;-1
-1;-1
-1;-1
-1;-1
-1;-1
-1;-1
-1;-1
-1;-1
-1;-1
-1;-1
-1;-1
-1;-1
-1;-1
-1;-1
-1;-1
-1;-1
-1;-1
-1;-1
-1;-1
-1;-1
-1;-1
-1;-1
-1;-1
-1;-1
-1;-1
-1;-1
-1;-1
-1;-1
-1;-1
-1;-1
-1;-1
-1;-1
