210674296;12245
210690969;12246
210707643;12247
210740990;12248
210757664;12249
210774338;12250
210791011;12251
210807685;12252
210824358;12253
210841032;12254
210857706;12255
210874379;12256
210891053;12257
210907726;12258
210924400;12259
210941074;12260
210957747;12261
210974421;12262
210991095;12263
211007768;12264
211024442;12265
211041116;12266
211057789;12267
211074463;12268
211091136;12269
211107810;12270
211124484;12271
211141157;12272
211157831;12273
211174504;12274
211191178;12275
211207852;12276
211241199;12277
211257873;12278
211274546;12279
211291220;12280
211307893;12281
211324567;12282
211341241;12283
211357914;12284
211374588;12285
211391262;12286
211407935;12287
211424609;12288
211441283;12289
211457956;12290
211474630;12291
211491303;12292
211507977;12293
211524651;12294
211541324;12295
211557998;12296
211574671;12297
211591345;12298
211608019;12299
211624692;12300
211641366;12301
211658040;12302
211674713;12303
211691387;12304
211708060;12305
211741408;12306
211758081;12307
211774755;12308
211791429;12309
211808102;12310
211824776;12311
211841449;12312
211858123;12313
211874797;12314
211891470;12315
211908144;12316
211924818;12317
211941491;12318
211958165;12319
211974838;12320
211991512;12321
212008186;12322
212024859;12323
212041533;12324
212058207;12325
212074880;12326
212091554;12327
212108227;12328
212124901;12329
212141575;12330
212158248;12331
212174922;12332
212191596;12333
212208269;12334
212241616;12335
212258290;12336
212274964;12337
212291637;12338
212308311;12339
212324984;12340
212341658;12341
212358332;12342
212375005;12343
212391679;12344
212408353;12345
212425026;12346
212441700;12347
212458373;12348
212475047;12349
212491721;12350
212508394;12351
212525068;12352
212541742;12353
212558415;12354
212575089;12355
212591762;12356
212608436;12357
212625110;12358
212641783;12359
212658457;12360
212675131;12361
212691804;12362
212708478;12363
212741825;12364
212758499;12365
212775172;12366
212791846;12367
212808520;12368
212825193;12369
212841867;12370
212858540;12371
212875214;12372
212891888;12373
212908561;12374
212925235;12375
212941909;12376
212958582;12377
212975256;12378
212991929;12379
213008603;12380
213025277;12381
213041950;12382
213058624;12383
213075298;12384
213091971;12385
213108645;12386
213125318;12387
213141992;12388
213158666;12389
213175339;12390
213192013;12391
213208686;12392
213242034;12393
213258707;12394
213275381;12395
213292055;12396
213308728;12397
213325402;12398
213342076;12399
213358749;12400
213375423;12401
213392096;12402
213408770;12403
213425444;12404
213442117;12405
213458791;12406
213475464;12407
213492138;12408
213508812;12409
213525485;12410
213542159;12411
213558833;12412
213575506;12413
213592180;12414
213608853;12415
213625527;12416
213642201;12417
213658874;12418
213675548;12419
213692222;12420
213708895;12421
213742242;12422
213758916;12423
213775590;12424
213792263;12425
213808937;12426
213825610;12427
213842284;12428
213858958;12429
213875631;12430
213892305;12431
213908979;12432
213925652;12433
213942326;12434
213958999;12435
213975673;12436
213992347;12437
214009020;12438
214025694;12439
214042368;12440
214059041;12441
214075715;12442
214092388;12443
214109062;12444
214125736;12445
214142409;12446
214159083;12447
214175757;12448
214192430;12449
214209104;12450
214242451;12451
214259125;12452
214275798;12453
214292472;12454
214309145;12455
214325819;12456
214342493;12457
214359166;12458
214375840;12459
214392514;12460
214409187;12461
214425861;12462
214442534;12463
214459208;12464
214475882;12465
214492555;12466
214509229;12467
214525903;12468
214542576;12469
214559250;12470
214575923;12471
214592597;12472
214609271;12473
214625944;12474
214642618;12475
214659292;12476
214675965;12477
214692639;12478
214709312;12479
214742660;12480
214759333;12481
214776007;12482
214792680;12483
214809354;12484
214826028;12485
214842701;12486
214859375;12487
214876049;12488
214892722;12489
214909396;12490
214926070;12491
214942743;12492
214959417;12493
214976090;12494
214992764;12495
215009438;12496
215026111;12497
215042785;12498
215059458;12499
215076132;12500
215092806;12501
215109479;12502
215126153;12503
215142827;12504
215159500;12505
215176174;12506
215192847;12507
215209521;12508
215242868;12509
215259542;12510
215276215;12511
215292889;12512
215309563;12513
215326236;12514
215342910;12515
215359584;12516
215376257;12517
215392931;12518
215409604;12519
215426278;12520
215442952;12521
215459625;12522
215476299;12523
215492972;12524
215509646;12525
215526320;12526
215542993;12527
215559667;12528
215576341;12529
215593014;12530
215609688;12531
215626362;12532
215643035;12533
215659709;12534
215676382;12535
215693056;12536
215709730;12537
215743077;12538
215759750;12539
215776424;12540
215793098;12541
215809771;12542
215826445;12543
215843119;12544
215859792;12545
215876466;12546
215893139;12547
215909813;12548
215926487;12549
215943160;12550
215959834;12551
215976508;12552
215993181;12553
216009855;12554
216026528;12555
216043202;12556
216059876;12557
216076549;12558
216093223;12559
216109896;12560
216126570;12561
216143244;12562
216159917;12563
216176591;12564
216193265;12565
216209938;12566
216243285;12567
216259959;12568
216276633;12569
216293306;12570
216309980;12571
216326653;12572
216343327;12573
216360001;12574
216376674;12575
216393348;12576
216410022;12577
216426695;12578
216443369;12579
216460042;12580
216476716;12581
216493390;12582
216510063;12583
216526737;12584
216543410;12585
216560084;12586
216576758;12587
216593431;12588
216610105;12589
216626779;12590
216643452;12591
216660126;12592
216676799;12593
216693473;12594
216710147;12595
216743494;12596
216760168;12597
216776841;12598
216793515;12599
216810188;12600
216826862;12601
216843536;12602
216860209;12603
216876883;12604
216893556;12605
216910230;12606
216926904;12607
216943577;12608
216960251;12609
216976925;12610
216993598;12611
217010272;12612
217026945;12613
217043619;12614
217060293;12615
217076966;12616
217093640;12617
217110314;12618
217126987;12619
217143661;12620
217160334;12621
217177008;12622
217193682;12623
217210355;12624
217243702;12625
217260376;12626
217277050;12627
217293723;12628
217310397;12629
217327071;12630
217343744;12631
217360418;12632
217377091;12633
217393765;12634
217410439;12635
217427112;12636
217443786;12637
217460460;12638
217477133;12639
217493807;12640
217510480;12641
217527154;12642
217543828;12643
217560501;12644
217577175;12645
217593848;12646
217610522;12647
217627196;12648
217643869;12649
217660543;12650
217677217;12651
217693890;12652
217710564;12653
217743911;12654
217760585;12655
217777258;12656
217793932;12657
217810605;12658
217827279;12659
217843953;12660
217860626;12661
217877300;12662
217893973;12663
217910647;12664
217927321;12665
217943994;12666
217960668;12667
217977342;12668
217994015;12669
218010689;12670
218027362;12671
218044036;12672
218060710;12673
218077383;12674
218094057;12675
218110731;12676
218127404;12677
218144078;12678
218160751;12679
218177425;12680
218194099;12681
218210772;12682
218244119;12683
218260793;12684
218277467;12685
218294140;12686
218310814;12687
218327488;12688
218344161;12689
218360835;12690
218377508;12691
218394182;12692
218410856;12693
218427529;12694
218444203;12695
218460876;12696
218477550;12697
218494224;12698
218510897;12699
218527571;12700
218544244;12701
218560918;12702
218577592;12703
218594265;12704
218610939;12705
218627613;12706
218644286;12707
218660960;12708
218677633;12709
218694307;12710
218710981;12711
218744328;12712
218761001;12713
218777675;12714
218794349;12715
218811022;12716
218827696;12717
218844370;12718
218861043;12719
218877717;12720
218894390;12721
218911064;12722
218927738;12723
218944411;12724
218961085;12725
218977759;12726
218994432;12727
219011106;12728
219027779;12729
219044453;12730
219061127;12731
219077800;12732
219094474;12733
219111148;12734
219127821;12735
219144495;12736
219161168;12737
219177842;12738
219194516;12739
219211189;12740
219244536;12741
219261210;12742
219277884;12743
219294557;12744
219311231;12745
219327904;12746
219344578;12747
219361252;12748
219377925;12749
219394599;12750
219411273;12751
219427946;12752
219444620;12753
219461293;12754
219477967;12755
219494641;12756
219511314;12757
219527988;12758
219544661;12759
219561335;12760
219578009;12761
219594682;12762
219611356;12763
219628029;12764
219644703;12765
219661377;12766
219678050;12767
219694724;12768
219711398;12769
219744745;12770
219761418;12771
219778092;12772
219794766;12773
219811439;12774
219828113;12775
219844786;12776
219861460;12777
219878134;12778
219894807;12779
219911481;12780
219928155;12781
219944828;12782
219961502;12783
219978175;12784
219994849;12785
220011523;12786
220028196;12787
220044870;12788
220061543;12789
220078217;12790
220094891;12791
220111564;12792
220128238;12793
220144912;12794
220161585;12795
220178259;12796
220194932;12797
220211606;12798
220244953;12799
220261627;12800
220278301;12801
220294974;12802
220311648;12803
220328321;12804
220344995;12805
220361669;12806
220378342;12807
220395016;12808
220411689;12809
220428363;12810
220445037;12811
220461710;12812
220478384;12813
220495057;12814
220511731;12815
220528405;12816
220545078;12817
220561752;12818
220578426;12819
220595099;12820
220611773;12821
220628446;12822
220645120;12823
220661794;12824
220678467;12825
220695141;12826
220711814;12827
220745162;12828
220761835;12829
220778509;12830
220795183;12831
220811856;12832
220828530;12833
220845203;12834
220861877;12835
220878551;12836
220895224;12837
220911898;12838
220928571;12839
220945245;12840
220961919;12841
220978592;12842
220995266;12843
221011940;12844
221028613;12845
221045287;12846
221061960;12847
221078634;12848
221095308;12849
221111981;12850
221128655;12851
221145328;12852
221162002;12853
221178676;12854
221195349;12855
221212023;12856
221245370;12857
221262044;12858
221278717;12859
221295391;12860
221312064;12861
221328738;12862
221345412;12863
221362085;12864
221378759;12865
221395433;12866
221412106;12867
221428780;12868
221445453;12869
221462127;12870
221478801;12871
221495474;12872
221512148;12873
221528822;12874
221545495;12875
221562169;12876
221578842;12877
221595516;12878
221612190;12879
221628863;12880
221645537;12881
221662210;12882
221678884;12883
221695558;12884
221712231;12885
221745579;12886
221762252;12887
221778926;12888
221795599;12889
221812273;12890
221828947;12891
221845620;12892
221862294;12893
221878967;12894
221895641;12895
221912315;12896
221928988;12897
221945662;12898
221962335;12899
221979009;12900
221995683;12901
222012356;12902
222029030;12903
222045703;12904
222062377;12905
222079051;12906
222095724;12907
222112398;12908
222129072;12909
222145745;12910
222162419;12911
222179092;12912
222195766;12913
222212440;12914
222245787;12915
222262460;12916
222279134;12917
222295808;12918
222312481;12919
222329155;12920
222345828;12921
222362502;12922
222379176;12923
222395849;12924
222412523;12925
222429197;12926
222445870;12927
222462544;12928
222479217;12929
222495891;12930
222512565;12931
222529238;12932
222545912;12933
222562586;12934
222579259;12935
222595933;12936
222612606;12937
222629280;12938
222645954;12939
222662627;12940
222679301;12941
222695974;12942
222712648;12943
222745995;12944
222762669;12945
222779342;12946
222796016;12947
222812690;12948
222829363;12949
222846037;12950
222862710;12951
222879384;12952
222896058;12953
222912731;12954
222929405;12955
222946079;12956
222962752;12957
222979426;12958
222996099;12959
223012773;12960
223029447;12961
223046120;12962
223062794;12963
223079468;12964
223096141;12965
223112815;12966
223129488;12967
223146162;12968
223162835;12969
223179509;12970
223196183;12971
223212856;12972
223246204;12973
223262877;12974
223279551;12975
223296224;12976
223312898;12977
223329572;12978
223346245;12979
223362919;12980
223379592;12981
223396266;12982
223412940;12983
223429613;12984
223446287;12985
223462961;12986
223479634;12987
223496308;12988
223512981;12989
223529655;12990
223546329;12991
223563002;12992
223579676;12993
223596349;12994
223613023;12995
223629697;12996
223646370;12997
223663044;12998
223679718;12999
223696391;13000
223713065;13001
223746412;13002
223763086;13003
223779759;13004
223796433;13005
223813106;13006
223829780;13007
223846454;13008
223863127;13009
223879801;13010
223896474;13011
223913148;13012
223929822;13013
223946495;13014
223963169;13015
223979843;13016
223996516;13017
224013190;13018
224029863;13019
224046537;13020
224063211;13021
224079884;13022
224096558;13023
224113231;13024
224129905;13025
224146579;13026
224163252;13027
224179926;13028
224196599;13029
224213273;13030
224246620;13031
224263294;13032
224279968;13033
224296641;13034
224313315;13035
224329988;13036
224346662;13037
224363336;13038
224380009;13039
224396683;13040
224413356;13041
224430030;13042
224446704;13043
224463377;13044
224480051;13045
224496724;13046
224513398;13047
224530072;13048
224546745;13049
224563419;13050
224580092;13051
224596766;13052
224613440;13053
224630113;13054
224646787;13055
224663461;13056
224680134;13057
224696808;13058
224713481;13059
224746829;13060
224763502;13061
224780176;13062
224796849;13063
224813523;13064
224830197;13065
224846870;13066
224863544;13067
224880217;13068
224896891;13069
224913565;13070
224930238;13071
224946912;13072
224963586;13073
224980259;13074
224996933;13075
225013606;13076
225030280;13077
225046954;13078
225063627;13079
225080301;13080
225096974;13081
225113648;13082
225130322;13083
225146995;13084
225163669;13085
225180342;13086
225197016;13087
225213690;13088
225247037;13089
225263711;13090
225280384;13091
225297058;13092
225313731;13093
225330405;13094
225347079;13095
225363752;13096
225380426;13097
225397099;13098
225413773;13099
225430447;13100
225447120;13101
225463794;13102
225480467;13103
225497141;13104
225513815;13105
225530488;13106
225547162;13107
225563836;13108
225580509;13109
225597183;13110
225613856;13111
225630530;13112
225647204;13113
225663877;13114
225680551;13115
225697224;13116
225713898;13117
225747245;13118
225763919;13119
225780593;13120
225797266;13121
225813940;13122
225830613;13123
225847287;13124
225863961;13125
225880634;13126
225897308;13127
225913981;13128
225930655;13129
225947329;13130
225964002;13131
225980676;13132
225997349;13133
226014023;13134
226030697;13135
226047370;13136
226064044;13137
226080717;13138
226097391;13139
226114065;13140
226130738;13141
226147412;13142
226164086;13143
226180759;13144
226197433;13145
226214106;13146
226247454;13147
226264127;13148
226280801;13149
226297474;13150
226314148;13151
226330822;13152
226347495;13153
226364169;13154
226380843;13155
226397516;13156
226414190;13157
226430863;13158
226447537;13159
226464211;13160
226480884;13161
226497558;13162
226514231;13163
226530905;13164
226547579;13165
226564252;13166
226580926;13167
226597599;13168
226614273;13169
226630947;13170
226647620;13171
226664294;13172
226680967;13173
226697641;13174
226714315;13175
226747662;13176
226764336;13177
226781009;13178
226797683;13179
226814356;13180
226831030;13181
226847704;13182
226864377;13183
226881051;13184
226897724;13185
226914398;13186
226931072;13187
226947745;13188
226964419;13189
226981092;13190
226997766;13191
227014440;13192
227031113;13193
227047787;13194
227064460;13195
227081134;13196
227097808;13197
227114481;13198
227131155;13199
227147828;13200
227164502;13201
227181176;13202
227197849;13203
227214523;13204
227247870;13205
227264544;13206
227281217;13207
227297891;13208
227314565;13209
227331238;13210
227347912;13211
227364585;13212
227381259;13213
227397933;13214
227414606;13215
227431280;13216
227447954;13217
227464627;13218
227481301;13219
227497974;13220
227514648;13221
227531322;13222
227547995;13223
227564669;13224
227581342;13225
227598016;13226
227614690;13227
227631363;13228
227648037;13229
227664710;13230
227681384;13231
227698058;13232
227714731;13233
227748079;13234
227764752;13235
227781426;13236
227798099;13237
227814773;13238
227831447;13239
227848120;13240
227864794;13241
227881467;13242
227898141;13243
227914815;13244
227931488;13245
227948162;13246
227964835;13247
227981509;13248
227998183;13249
228014856;13250
228031530;13251
228048203;13252
228064877;13253
228081551;13254
228098224;13255
228114898;13256
228131571;13257
228148245;13258
228164919;13259
228181592;13260
228198266;13261
228214940;13262
228248287;13263
228264960;13264
228281634;13265
228298308;13266
228314981;13267
228331655;13268
228348328;13269
228365002;13270
228381676;13271
228398349;13272
228415023;13273
228431697;13274
228448370;13275
228465044;13276
228481717;13277
228498391;13278
228515065;13279
228531738;13280
228548412;13281
228565085;13282
228581759;13283
228598433;13284
228615106;13285
228631780;13286
228648453;13287
228665127;13288
228681801;13289
228698474;13290
228715148;13291
228748495;13292
228765169;13293
228781842;13294
228798516;13295
228815190;13296
228831863;13297
228848537;13298
228865210;13299
228881884;13300
228898558;13301
228915231;13302
228931905;13303
228948578;13304
228965252;13305
228981926;13306
228998599;13307
229015273;13308
229031946;13309
229048620;13310
229065294;13311
229081967;13312
229098641;13313
229115315;13314
229131988;13315
229148662;13316
229165335;13317
229182009;13318
229198683;13319
229215356;13320
229248703;13321
229265377;13322
229282051;13323
229298724;13324
229315398;13325
229332071;13326
229348745;13327
229365419;13328
229382092;13329
229398766;13330
229415439;13331
229432113;13332
229448787;13333
229465460;13334
229482134;13335
229498808;13336
229515481;13337
229532155;13338
229548828;13339
229565502;13340
229582176;13341
229598849;13342
229615523;13343
229632196;13344
229648870;13345
229665544;13346
229682217;13347
229698891;13348
229715564;13349
229748912;13350
229765585;13351
229782259;13352
229798932;13353
229815606;13354
229832280;13355
229848953;13356
229865627;13357
229882301;13358
229898974;13359
229915648;13360
229932321;13361
229948995;13362
229965669;13363
229982342;13364
229999016;13365
230015689;13366
230032363;13367
230049037;13368
230065710;13369
230082384;13370
230099058;13371
230115731;13372
230132405;13373
230149078;13374
230165752;13375
230182426;13376
230199099;13377
230215773;13378
230249120;13379
230265794;13380
230282467;13381
230299141;13382
230315814;13383
230332488;13384
230349162;13385
230365835;13386
230382509;13387
230399183;13388
230415856;13389
230432530;13390
230449203;13391
230465877;13392
230482551;13393
230499224;13394
230515898;13395
230532571;13396
230549245;13397
230565919;13398
230582592;13399
230599266;13400
230615939;13401
230632613;13402
230649287;13403
230665960;13404
230682634;13405
230699307;13406
230715981;13407
230749328;13408
230766002;13409
230782675;13410
230799349;13411
230816023;13412
230832696;13413
230849370;13414
230866044;13415
230882717;13416
230899391;13417
230916064;13418
230932738;13419
230949412;13420
230966085;13421
230982759;13422
230999432;13423
231016106;13424
231032780;13425
231049453;13426
231066127;13427
231082801;13428
231099474;13429
231116148;13430
231132821;13431
231149495;13432
231166169;13433
231182842;13434
231199516;13435
231216189;13436
231249537;13437
231266210;13438
231282884;13439
231299557;13440
231316231;13441
231332905;13442
231349578;13443
231366252;13444
231382925;13445
231399599;13446
231416273;13447
231432946;13448
231449620;13449
231466294;13450
231482967;13451
231499641;13452
231516314;13453
231532988;13454
231549662;13455
231566335;13456
231583009;13457
231599682;13458
231616356;13459
231633030;13460
231649703;13461
231666377;13462
231683050;13463
231699724;13464
231716398;13465
231749745;13466
231766419;13467
231783092;13468
231799766;13469
231816439;13470
231833113;13471
231849787;13472
231866460;13473
231883134;13474
231899807;13475
231916481;13476
231933155;13477
231949828;13478
231966502;13479
231983175;13480
231999849;13481
232016523;13482
232033196;13483
232049870;13484
232066543;13485
232083217;13486
232099891;13487
232116564;13488
232133238;13489
232149912;13490
232166585;13491
232183259;13492
232199932;13493
232216606;13494
232249953;13495
232266627;13496
232283300;13497
232299974;13498
232316648;13499
232333321;13500
232349995;13501
232366669;13502
232383342;13503
232400016;13504
232416689;13505
232433363;13506
232450037;13507
232466710;13508
232483384;13509
232500057;13510
232516731;13511
232533405;13512
232550078;13513
232566752;13514
232583426;13515
232600099;13516
232616773;13517
232633446;13518
232650120;13519
232666794;13520
232683467;13521
232700141;13522
232716814;13523
232750162;13524
232766835;13525
232783509;13526
232800182;13527
232816856;13528
232833530;13529
232850203;13530
232866877;13531
232883550;13532
232900224;13533
232916898;13534
232933571;13535
232950245;13536
232966918;13537
232983592;13538
233000266;13539
233016939;13540
233033613;13541
233050287;13542
233066960;13543
233083634;13544
233100307;13545
233116981;13546
233133655;13547
233150328;13548
233167002;13549
233183676;13550
233200349;13551
233217023;13552
233250370;13553
233267044;13554
233283717;13555
233300391;13556
233317064;13557
233333738;13558
233350412;13559
233367085;13560
233383759;13561
233400432;13562
233417106;13563
233433780;13564
233450453;13565
233467127;13566
233483800;13567
233500474;13568
233517148;13569
233533821;13570
233550495;13571
233567168;13572
233583842;13573
233600516;13574
233617189;13575
233633863;13576
233650537;13577
233667210;13578
233683884;13579
233700557;13580
233717231;13581
233750578;13582
233767252;13583
233783925;13584
233800599;13585
233817273;13586
233833946;13587
233850620;13588
233867293;13589
233883967;13590
233900641;13591
233917314;13592
233933988;13593
233950662;13594
233967335;13595
233984009;13596
234000682;13597
234017356;13598
234034030;13599
234050703;13600
234067377;13601
234084051;13602
234100724;13603
234117398;13604
234134071;13605
234150745;13606
234167419;13607
234184092;13608
234200766;13609
234217439;13610
234250787;13611
234267460;13612
234284134;13613
234300807;13614
234317481;13615
234334155;13616
234350828;13617
234367502;13618
234384176;13619
234400849;13620
234417523;13621
234434196;13622
234450870;13623
234467544;13624
234484217;13625
234500891;13626
234517564;13627
234534238;13628
234550912;13629
234567585;13630
234584259;13631
234600932;13632
234617606;13633
234634280;13634
234650953;13635
234667627;13636
234684301;13637
234700974;13638
234717648;13639
234750995;13640
234767669;13641
234784342;13642
234801016;13643
234817689;13644
234834363;13645
234851037;13646
234867710;13647
234884384;13648
234901057;13649
234917731;13650
234934405;13651
234951078;13652
234967752;13653
234984426;13654
235001099;13655
235017773;13656
235034446;13657
235051120;13658
235067794;13659
235084467;13660
235101141;13661
235117814;13662
235134488;13663
235151162;13664
235167835;13665
235184509;13666
235201183;13667
235217856;13668
235251203;13669
235267877;13670
235284551;13671
235301224;13672
235317898;13673
235334571;13674
235351245;13675
235367919;13676
235384592;13677
235401266;13678
235417939;13679
235434613;13680
235451287;13681
235467960;13682
235484634;13683
235501307;13684
235517981;13685
235534655;13686
235551328;13687
235568002;13688
235584676;13689
235601349;13690
235618023;13691
235634696;13692
235651370;13693
235668044;13694
235684717;13695
235701391;13696
235718064;13697
235751412;13698
235768085;13699
235784759;13700
235801433;13701
235818106;13702
235834780;13703
235851453;13704
235868127;13705
235884801;13706
235901474;13707
235918148;13708
235934822;13709
235951495;13710
235968169;13711
235984842;13712
236001516;13713
236018190;13714
236034863;13715
236051537;13716
236068210;13717
236084884;13718
236101557;13719
236118231;13720
236134905;13721
236151578;13722
236168252;13723
236184926;13724
236201599;13725
236218273;13726
236251620;13727
236268294;13728
236284967;13729
236301641;13730
236318314;13731
236334988;13732
236351662;13733
236368335;13734
236385009;13735
236401683;13736
236418356;13737
236435030;13738
236451703;13739
236468377;13740
236485051;13741
236501724;13742
236518398;13743
236535071;13744
236551745;13745
236568419;13746
236585092;13747
236601766;13748
236618439;13749
236635113;13750
236651787;13751
236668460;13752
236685134;13753
236701808;13754
236718481;13755
236751828;13756
236768502;13757
236785176;13758
236801849;13759
236818523;13760
236835196;13761
236851870;13762
236868544;13763
236885217;13764
236901891;13765
236918564;13766
236935238;13767
236951912;13768
236968585;13769
236985259;13770
237001933;13771
237018606;13772
237035280;13773
237051953;13774
237068627;13775
237085301;13776
237101974;13777
237118648;13778
237135322;13779
237151995;13780
237168669;13781
237185342;13782
237202016;13783
237218689;13784
237252037;13785
237268710;13786
237285384;13787
237302058;13788
237318731;13789
237335405;13790
237352078;13791
237368752;13792
237385426;13793
237402099;13794
237418773;13795
237435446;13796
237452120;13797
237468794;13798
237485467;13799
237502141;13800
237518814;13801
237535488;13802
237552162;13803
237568835;13804
237585509;13805
237602183;13806
237618856;13807
237635530;13808
237652203;13809
237668877;13810
237685551;13811
237702224;13812
237718898;13813
237752245;13814
237768919;13815
237785592;13816
237802266;13817
237818939;13818
237835613;13819
237852287;13820
237868960;13821
237885634;13822
237902308;13823
237918981;13824
237935655;13825
237952328;13826
237969002;13827
237985676;13828
238002349;13829
238019023;13830
238035696;13831
238052370;13832
238069044;13833
238085717;13834
238102391;13835
238119064;13836
238135738;13837
238152412;13838
238169085;13839
238185759;13840
238202433;13841
238219106;13842
238252453;13843
238269127;13844
238285801;13845
238302474;13846
238319148;13847
238335822;13848
238352495;13849
238369169;13850
238385842;13851
238402516;13852
238419190;13853
238435863;13854
238452537;13855
238469210;13856
238485884;13857
238502558;13858
238519231;13859
238535905;13860
238552578;13861
238569252;13862
238585926;13863
238602599;13864
238619273;13865
238635946;13866
238652620;13867
238669294;13868
238685967;13869
238702641;13870
238719315;13871
238752662;13872
238769335;13873
238786009;13874
238802683;13875
238819356;13876
238836030;13877
238852703;13878
238869377;13879
238886051;13880
238902724;13881
238919398;13882
238936072;13883
238952745;13884
238969419;13885
238986092;13886
239002766;13887
239019440;13888
239036113;13889
239052787;13890
239069460;13891
239086134;13892
239102808;13893
239119481;13894
239136155;13895
239152828;13896
239169502;13897
239186176;13898
239202849;13899
239219523;13900
239252870;13901
239269544;13902
239286217;13903
239302891;13904
239319565;13905
239336238;13906
239352912;13907
239369586;13908
239386259;13909
239402933;13910
239419606;13911
239436280;13912
239452954;13913
239469627;13914
239486301;13915
239502974;13916
239519648;13917
239536322;13918
239552995;13919
239569669;13920
239586342;13921
239603016;13922
239619690;13923
239636363;13924
239653037;13925
239669710;13926
239686384;13927
239703058;13928
239719731;13929
239753079;13930
239769752;13931
239786426;13932
239803099;13933
239819773;13934
239836447;13935
239853120;13936
239869794;13937
239886467;13938
239903141;13939
239919815;13940
239936488;13941
239953162;13942
239969836;13943
239986509;13944
240003183;13945
240019856;13946
240036530;13947
240053204;13948
240069877;13949
240086551;13950
240103224;13951
240119898;13952
240136572;13953
240153245;13954
240169919;13955
240186593;13956
240203266;13957
240219940;13958
240253287;13959
240269961;13960
240286634;13961
240303308;13962
240319981;13963
240336655;13964
240353329;13965
240370002;13966
240386676;13967
240403350;13968
240420023;13969
240436697;13970
240453370;13971
240470044;13972
240486718;13973
240503391;13974
240520065;13975
240536738;13976
240553412;13977
240570086;13978
240586759;13979
240603433;13980
240620107;13981
240636780;13982
240653454;13983
240670127;13984
240686801;13985
240703475;13986
240720148;13987
240753495;13988
240770169;13989
240786843;13990
240803516;13991
240820190;13992
240836864;13993
240853537;13994
240870211;13995
240886884;13996
240903558;13997
240920232;13998
240936905;13999
240953579;14000
240970252;14001
240986926;14002
241003600;14003
241020273;14004
241036947;14005
241053621;14006
241070294;14007
241086968;14008
241103641;14009
241120315;14010
241136989;14011
241153662;14012
241170336;14013
241187009;14014
241203683;14015
241220357;14016
241253704;14017
241270377;14018
241287051;14019
241303725;14020
241320398;14021
241337072;14022
241353746;14023
241370419;14024
241387093;14025
241403766;14026
241420440;14027
241437114;14028
241453787;14029
241470461;14030
241487134;14031
241503808;14032
241520482;14033
241537155;14034
241553829;14035
241570503;14036
241587176;14037
241603850;14038
241620523;14039
241637197;14040
241653871;14041
241670544;14042
241687218;14043
241703892;14044
241720565;14045
241753912;14046
241770586;14047
241787260;14048
241803933;14049
241820607;14050
241837280;14051
241853954;14052
241870628;14053
241887301;14054
241903975;14055
241920649;14056
241937322;14057
241953996;14058
241970669;14059
241987343;14060
242004017;14061
242020690;14062
242037364;14063
242054037;14064
242070711;14065
242087385;14066
242104058;14067
242120732;14068
242137405;14069
242154079;14070
242170753;14071
242187426;14072
242204100;14073
242220774;14074
242254121;14075
242270795;14076
242287468;14077
242304142;14078
242320815;14079
242337489;14080
242354163;14081
242370836;14082
242387510;14083
242404183;14084
242420857;14085
242437531;14086
242454204;14087
242470878;14088
242487551;14089
242504225;14090
242520899;14091
242537572;14092
242554246;14093
242570920;14094
242587593;14095
242604267;14096
242620940;14097
242637614;14098
242654288;14099
242670961;14100
242687635;14101
242704308;14102
242720982;14103
242754329;14104
242771003;14105
242787677;14106
242804350;14107
242821024;14108
242837697;14109
242854371;14110
242871045;14111
242887718;14112
242904392;14113
242921066;14114
242937739;14115
242954413;14116
242971086;14117
242987760;14118
243004434;14119
243021107;14120
243037780;14121
243054454;14122
243071128;14123
243087802;14124
243104475;14125
243121149;14126
243137823;14127
243154496;14128
243171170;14129
243187843;14130
243204517;14131
243221191;14132
243254538;14133
243271212;14134
243287885;14135
243304559;14136
243321232;14137
243337906;14138
243354580;14139
243371253;14140
243387927;14141
243404601;14142
243421274;14143
243437948;14144
243454621;14145
243471295;14146
243487969;14147
243504642;14148
243521316;14149
243537989;14150
243554663;14151
243571337;14152
243588010;14153
243604684;14154
243621358;14155
243638031;14156
243654705;14157
243671378;14158
243688052;14159
243704726;14160
243721399;14161
243754746;14162
243771420;14163
243788094;14164
243804767;14165
243821441;14166
243838115;14167
243854788;14168
243871462;14169
243888135;14170
243904809;14171
243921483;14172
243938156;14173
243954830;14174
243971504;14175
243988177;14176
244004851;14177
244021524;14178
244038198;14179
244054872;14180
244071545;14181
244088219;14182
244104893;14183
244121566;14184
244138240;14185
244154913;14186
244171587;14187
244188261;14188
244204934;14189
244221608;14190
244254955;14191
244271629;14192
244288302;14193
244304976;14194
244321650;14195
244338323;14196
244354997;14197
244371670;14198
244388344;14199
244405018;14200
244421691;14201
244438365;14202
244455038;14203
244471712;14204
244488386;14205
244505059;14206
244521733;14207
244538407;14208
244555080;14209
244571754;14210
244588428;14211
244605101;14212
244621775;14213
244638448;14214
244655122;14215
244671796;14216
244688469;14217
244705143;14218
244721816;14219
244755164;14220
244771837;14221
244788511;14222
244805185;14223
244821858;14224
244838532;14225
244855205;14226
244871879;14227
244888553;14228
244905226;14229
244921900;14230
244938574;14231
244955247;14232
244971921;14233
244988594;14234
245005268;14235
245021942;14236
245038615;14237
245055289;14238
245071962;14239
245088636;14240
245105310;14241
245121983;14242
245138657;14243
245155331;14244
245172004;14245
245188678;14246
245205351;14247
245222025;14248
245255372;14249
245272046;14250
245288720;14251
245305393;14252
245322067;14253
245338740;14254
245355414;14255
245372088;14256
245388761;14257
245405435;14258
245422108;14259
245438782;14260
245455456;14261
245472129;14262
245488803;14263
245505477;14264
245522150;14265
245538824;14266
245555497;14267
245572171;14268
245588845;14269
245605518;14270
245622192;14271
245638866;14272
245655539;14273
245672213;14274
245688886;14275
245705560;14276
245722234;14277
245755581;14278
245772255;14279
245788928;14280
245805602;14281
245822275;14282
245838949;14283
245855623;14284
245872296;14285
245888970;14286
245905644;14287
245922317;14288
245938991;14289
245955664;14290
245972338;14291
245989012;14292
246005685;14293
246022359;14294
246039032;14295
246055706;14296
246072380;14297
246089053;14298
246105727;14299
246122401;14300
246139074;14301
246155748;14302
246172422;14303
246189095;14304
246205769;14305
246222442;14306
246255790;14307
246272463;14308
246289137;14309
246305811;14310
246322484;14311
246339158;14312
246355831;14313
246372505;14314
246389179;14315
246405852;14316
246422526;14317
246439199;14318
246455873;14319
246472547;14320
246489220;14321
246505894;14322
246522568;14323
246539241;14324
246555915;14325
246572589;14326
246589262;14327
246605936;14328
246622609;14329
246639283;14330
246655957;14331
246672630;14332
246689304;14333
246705978;14334
246722651;14335
246755998;14336
246772672;14337
246789346;14338
246806019;14339
246822693;14340
246839366;14341
246856040;14342
246872714;14343
246889387;14344
246906061;14345
246922735;14346
246939408;14347
246956082;14348
246972755;14349
246989429;14350
247006103;14351
247022776;14352
247039450;14353
247056124;14354
247072797;14355
247089471;14356
247106144;14357
247122818;14358
247139492;14359
247156165;14360
247172839;14361
247189513;14362
247206186;14363
247222860;14364
247256207;14365
247272881;14366
247289554;14367
247306228;14368
247322902;14369
247339575;14370
247356249;14371
247372922;14372
247389596;14373
247406270;14374
247422943;14375
247439617;14376
247456291;14377
247472964;14378
247489638;14379
247506311;14380
247522985;14381
247539659;14382
247556332;14383
247573006;14384
247589680;14385
247606353;14386
247623027;14387
247639700;14388
247656374;14389
247673048;14390
247689721;14391
247706395;14392
247723069;14393
247756416;14394
247773089;14395
247789763;14396
247806437;14397
247823110;14398
247839784;14399
247856458;14400
247873131;14401
247889805;14402
247906478;14403
247923152;14404
247939826;14405
247956499;14406
247973173;14407
247989847;14408
248006520;14409
248023194;14410
248039867;14411
248056541;14412
248073215;14413
248089888;14414
248106562;14415
248123236;14416
248139909;14417
248156583;14418
248173256;14419
248189930;14420
248206604;14421
248223277;14422
248256625;14423
248273298;14424
248289972;14425
248306645;14426
248323319;14427
248339993;14428
248356666;14429
248373340;14430
248390014;14431
248406687;14432
248423361;14433
248440034;14434
248456708;14435
248473382;14436
248490055;14437
248506729;14438
248523403;14439
248540076;14440
248556750;14441
248573423;14442
248590097;14443
248606771;14444
248623444;14445
248640118;14446
248656792;14447
248673465;14448
248690139;14449
248706813;14450
248723486;14451
248756833;14452
248773507;14453
248790181;14454
248806854;14455
248823528;14456
248840202;14457
248856875;14458
248873549;14459
248890222;14460
248906896;14461
248923570;14462
248940243;14463
248956917;14464
248973591;14465
248990264;14466
249006938;14467
249023611;14468
249040285;14469
249056959;14470
249073632;14471
249090306;14472
249106980;14473
249123653;14474
249140327;14475
249157000;14476
249173674;14477
249190348;14478
249207021;14479
249223695;14480
249257042;14481
249273716;14482
249290389;14483
249307063;14484
249323737;14485
249340410;14486
249357084;14487
249373758;14488
249390431;14489
249407105;14490
249423778;14491
249440452;14492
249457126;14493
249473799;14494
249490473;14495
249507147;14496
249523820;14497
249540494;14498
249557167;14499
249573841;14500
249590515;14501
249607188;14502
249623862;14503
249640536;14504
249657209;14505
249673883;14506
249690556;14507
249707230;14508
249723903;14509
249757251;14510
249773925;14511
249790598;14512
249807272;14513
249823945;14514
249840619;14515
249857293;14516
249873966;14517
249890640;14518
249907314;14519
249923987;14520
249940661;14521
249957335;14522
249974008;14523
249990682;14524
250007355;14525
250024029;14526
250040703;14527
250057376;14528
250074050;14529
250090724;14530
250107397;14531
250124071;14532
250140744;14533
250157418;14534
250174092;14535
250190765;14536
250207439;14537
250224113;14538
250257460;14539
250274134;14540
250290807;14541
250307481;14542
250324154;14543
250340828;14544
250357502;14545
250374175;14546
250390849;14547
250407522;14548
250424196;14549
250440870;14550
250457543;14551
250474217;14552
250490891;14553
250507564;14554
250524238;14555
250540912;14556
250557585;14557
250574259;14558
250590932;14559
250607606;14560
250624280;14561
250640953;14562
250657627;14563
250674301;14564
250690974;14565
250707648;14566
250724322;14567
250757669;14568
250774342;14569
250791016;14570
250807690;14571
250824363;14572
250841037;14573
250857711;14574
250874384;14575
250891058;14576
250907731;14577
250924405;14578
250941079;14579
250957752;14580
250974426;14581
250991100;14582
251007773;14583
251024447;14584
251041120;14585
251057794;14586
251074468;14587
251091141;14588
251107815;14589
251124489;14590
251141162;14591
251157836;14592
251174509;14593
251191183;14594
251207857;14595
251224530;14596
251257878;14597
251274551;14598
251291225;14599
251307899;14600
251324572;14601
251341246;14602
251357919;14603
251374593;14604
251391267;14605
251407940;14606
251424614;14607
251441288;14608
251457961;14609
251474635;14610
251491309;14611
251507982;14612
251524656;14613
251541329;14614
251558003;14615
251574677;14616
251591350;14617
251608024;14618
251624697;14619
251641371;14620
251658045;14621
251674718;14622
251691392;14623
251708066;14624
251724739;14625
251758087;14626
251774760;14627
251791434;14628
251808107;14629
251824781;14630
251841455;14631
251858128;14632
251874802;14633
251891476;14634
251908149;14635
251924823;14636
251941497;14637
251958170;14638
251974844;14639
251991517;14640
252008191;14641
252024865;14642
252041538;14643
252058212;14644
252074885;14645
252091559;14646
252108233;14647
252124906;14648
252141580;14649
252158254;14650
252174927;14651
252191601;14652
252208275;14653
252224948;14654
252258295;14655
252274969;14656
252291643;14657
252308316;14658
252324990;14659
252341664;14660
252358337;14661
252375011;14662
252391684;14663
252408358;14664
252425032;14665
252441705;14666
252458379;14667
252475053;14668
252491726;14669
252508400;14670
252525074;14671
252541747;14672
252558421;14673
252575094;14674
252591768;14675
252608442;14676
252625115;14677
252641789;14678
252658463;14679
252675136;14680
252691810;14681
252708483;14682
252725157;14683
252758504;14684
252775178;14685
252791852;14686
252808525;14687
252825199;14688
252841873;14689
252858546;14690
252875220;14691
252891894;14692
252908567;14693
252925241;14694
252941914;14695
252958588;14696
252975262;14697
252991935;14698
253008609;14699
253025282;14700
253041956;14701
253058630;14702
253075303;14703
253091977;14704
253108651;14705
253125324;14706
253141998;14707
253158672;14708
253175345;14709
253192019;14710
253208692;14711
253225366;14712
253258713;14713
253275387;14714
253292061;14715
253308734;14716
253325408;14717
253342082;14718
253358755;14719
253375429;14720
253392102;14721
253408776;14722
253425450;14723
253442123;14724
253458797;14725
253475471;14726
253492144;14727
253508818;14728
253525491;14729
253542165;14730
253558839;14731
253575512;14732
253592186;14733
253608860;14734
253625533;14735
253642207;14736
253658880;14737
253675554;14738
253692228;14739
253708901;14740
253725575;14741
253758922;14742
253775596;14743
253792270;14744
253808943;14745
253825617;14746
253842290;14747
253858964;14748
253875638;14749
253892311;14750
253908985;14751
253925659;14752
253942332;14753
253959006;14754
253975680;14755
253992353;14756
254009027;14757
254025700;14758
254042374;14759
254059048;14760
254075721;14761
254092395;14762
254109069;14763
254125742;14764
254142416;14765
254159089;14766
254175763;14767
254192437;14768
254209110;14769
254225784;14770
254259131;14771
254275805;14772
254292478;14773
254309152;14774
254325826;14775
254342499;14776
254359173;14777
254375847;14778
254392520;14779
254409194;14780
254425868;14781
254442541;14782
254459215;14783
254475889;14784
254492562;14785
254509236;14786
254525909;14787
254542583;14788
254559257;14789
254575930;14790
254592604;14791
254609278;14792
254625951;14793
254642625;14794
254659299;14795
254675972;14796
254692646;14797
254709319;14798
254725993;14799
254759340;14800
254776014;14801
254792688;14802
254809361;14803
254826035;14804
254842708;14805
254859382;14806
254876056;14807
254892729;14808
254909403;14809
254926077;14810
254942750;14811
254959424;14812
254976097;14813
254992771;14814
255009445;14815
255026118;14816
255042792;14817
255059466;14818
255076139;14819
255092813;14820
255109487;14821
255126160;14822
255142834;14823
255159507;14824
255176181;14825
255192855;14826
255209528;14827
255226202;14828
255259549;14829
255276223;14830
255292896;14831
255309570;14832
255326244;14833
255342917;14834
255359591;14835
255376265;14836
255392938;14837
255409612;14838
255426286;14839
255442959;14840
255459633;14841
255476306;14842
255492980;14843
255509654;14844
255526327;14845
255543001;14846
255559675;14847
255576348;14848
255593022;14849
255609696;14850
255626369;14851
255643043;14852
255659717;14853
255676390;14854
255693064;14855
255709737;14856
255726411;14857
255759758;14858
255776432;14859
255793106;14860
255809779;14861
255826453;14862
255843126;14863
255859800;14864
255876474;14865
255893147;14866
255909821;14867
255926495;14868
255943168;14869
255959842;14870
255976515;14871
255993189;14872
256009863;14873
256026536;14874
256043210;14875
256059884;14876
256076557;14877
256093231;14878
256109905;14879
256126578;14880
256143252;14881
256159925;14882
256176599;14883
256193273;14884
256209946;14885
256226620;14886
256259967;14887
256276641;14888
256293314;14889
256309988;14890
256326662;14891
256343335;14892
256360009;14893
256376683;14894
256393356;14895
256410030;14896
256426704;14897
256443377;14898
256460051;14899
256476725;14900
256493398;14901
256510072;14902
256526745;14903
256543419;14904
256560093;14905
256576766;14906
256593440;14907
256610114;14908
256626787;14909
256643461;14910
256660135;14911
256676808;14912
256693482;14913
256710155;14914
256726829;14915
256760176;14916
256776850;14917
256793524;14918
256810197;14919
256826871;14920
256843544;14921
256860218;14922
256876892;14923
256893565;14924
256910239;14925
256926913;14926
256943586;14927
256960260;14928
256976933;14929
256993607;14930
257010281;14931
257026954;14932
257043628;14933
257060302;14934
257076975;14935
257093649;14936
257110323;14937
257126996;14938
257143670;14939
257160343;14940
257177017;14941
257193691;14942
257210364;14943
257227038;14944
257260385;14945
257277059;14946
257293733;14947
257310406;14948
257327080;14949
257343753;14950
257360427;14951
257377101;14952
257393774;14953
257410448;14954
257427122;14955
257443795;14956
257460469;14957
257477143;14958
257493816;14959
257510490;14960
257527164;14961
257543837;14962
257560511;14963
257577184;14964
257593858;14965
257610532;14966
257627205;14967
257643879;14968
257660552;14969
257677226;14970
257693900;14971
257710573;14972
257727247;14973
257760594;14974
257777268;14975
257793942;14976
257810615;14977
257827289;14978
257843963;14979
257860636;14980
257877310;14981
257893983;14982
257910657;14983
257927331;14984
257944004;14985
257960678;14986
257977352;14987
257994025;14988
258010699;14989
258027372;14990
258044046;14991
258060720;14992
258077393;14993
258094067;14994
258110741;14995
258127414;14996
258144088;14997
258160762;14998
258177435;14999
258194109;15000
258210783;15001
258227456;15002
258260803;15003
258277477;15004
258294151;15005
258310824;15006
258327498;15007
258344171;15008
258360845;15009
258377519;15010
258394192;15011
258410866;15012
258427540;15013
258444213;15014
258460887;15015
258477561;15016
258494234;15017
258510908;15018
258527582;15019
258544255;15020
258560929;15021
258577602;15022
258594276;15023
258610950;15024
258627623;15025
258644297;15026
258660971;15027
258677644;15028
258694318;15029
258710991;15030
258727665;15031
258761012;15032
258777686;15033
258794360;15034
258811033;15035
258827707;15036
258844381;15037
258861054;15038
258877728;15039
258894401;15040
258911075;15041
258927749;15042
258944422;15043
258961096;15044
258977770;15045
258994443;15046
259011117;15047
259027791;15048
259044464;15049
259061138;15050
259077811;15051
259094485;15052
259111159;15053
259127832;15054
259144506;15055
259161180;15056
259177853;15057
259194527;15058
259211201;15059
259227874;15060
259261221;15061
259277895;15062
259294569;15063
259311242;15064
259327916;15065
259344590;15066
259361263;15067
259377937;15068
259394611;15069
259411284;15070
259427958;15071
259444631;15072
259461305;15073
259477979;15074
259494652;15075
259511326;15076
259528000;15077
259544673;15078
259561347;15079
259578021;15080
259594694;15081
259611368;15082
259628041;15083
259644715;15084
259661389;15085
259678062;15086
259694736;15087
259711410;15088
259728083;15089
259761431;15090
259778104;15091
259794778;15092
259811451;15093
259828125;15094
259844799;15095
259861472;15096
259878146;15097
259894820;15098
259911493;15099
259928167;15100
259944841;15101
259961514;15102
259978188;15103
259994861;15104
260011535;15105
260028209;15106
260044882;15107
260061556;15108
260078230;15109
260094903;15110
260111577;15111
260128251;15112
260144924;15113
260161598;15114
260178271;15115
260194945;15116
260211619;15117
260228292;15118
260261640;15119
260278313;15120
260294987;15121
260311660;15122
260328334;15123
260345008;15124
260361681;15125
260378355;15126
260395029;15127
260411702;15128
260428376;15129
260445050;15130
260461723;15131
260478397;15132
260495070;15133
260511744;15134
260528418;15135
260545091;15136
260561765;15137
260578439;15138
260595112;15139
260611786;15140
260628459;15141
260645133;15142
260661807;15143
260678480;15144
260695154;15145
260711828;15146
260728501;15147
260761849;15148
260778522;15149
260795196;15150
260811870;15151
260828543;15152
260845217;15153
260861890;15154
260878564;15155
260895238;15156
260911911;15157
260928585;15158
260945259;15159
260961932;15160
260978606;15161
260995280;15162
261011953;15163
261028627;15164
261045300;15165
261061974;15166
261078648;15167
261095321;15168
261111995;15169
261128669;15170
261145342;15171
261162016;15172
261178689;15173
261195363;15174
261212037;15175
261228710;15176
261262058;15177
261278731;15178
261295405;15179
261312079;15180
261328752;15181
261345426;15182
261362099;15183
261378773;15184
261395447;15185
261412120;15186
261428794;15187
261445468;15188
261462141;15189
261478815;15190
261495488;15191
261512162;15192
261528836;15193
261545509;15194
261562183;15195
261578857;15196
261595530;15197
261612204;15198
261628878;15199
261645551;15200
261662225;15201
261678899;15202
261695572;15203
-1;-1
-1;-1
-1;-1
-1;-1
-1;-1
-1;-1
-1;-1
-1;-1
-1;-1
-1;-1
-1;-1
-1;-1
-1;-1
-1;-1
-1;-1
-1;-1
-1;-1
-1;-1
-1;-1
-1;-1
-1;-1
-1;-1
-1;-1
-1;-1
-1;-1
-1;-1
-1;-1
-1;-1
-1;-1
-1;-1
-1;-1
-1;-1
-1;-1
-1;-1
-1;-1
-1;-1
-1;-1
-1;-1
-1;-1
-1;-1
-1;-1
-1;-1
-1;-1
-1;-1
-1;-1
-1;-1
-1;-1
-1;-1
-1;-1
-1;-1
-1;-1
-1;-1
-1;-1
-1;-1
-1;-1
-1;-1
-1;-1
-1;-1
-1;-1
-1;-1
-1;-1
-1;-1
-1;-1
-1;-1
-1;-1
-1;-1
-1;-1
-1;-1
-1;-1
-1;-1
-1;-1
-1;-1
-1;-1
-1;-1
-1;-1
-1;-1
-1;-1
-1;-1
-1;-1
-1;-1
-1;-1
-1;-1
-1;-1
-1;-1
-1;-1
-1;-1
-1;-1
-1;-1
-1;-1
-1;-1
-1;-1
-1;-1
-1;-1
-1;-1
-1;-1
-1;-1
-1;-1
-1;-1
-1;-1
-1;-1
-1;-1
-1;-1
-1;-1
