296827307;17239
296843981;17240
296860655;17241
296877328;17242
296894002;17243
296927349;17244
296944023;17245
296960696;17246
296977370;17247
296994044;17248
297010717;17249
297027391;17250
297044065;17251
297060738;17252
297077412;17253
297094086;17254
297110759;17255
297127433;17256
297144106;17257
297160780;17258
297177454;17259
297194127;17260
297210801;17261
297227474;17262
297244148;17263
297260822;17264
297277495;17265
297294169;17266
297310843;17267
297327516;17268
297344190;17269
297360864;17270
297377537;17271
297394211;17272
297427558;17273
297444232;17274
297460905;17275
297477579;17276
297494253;17277
297510926;17278
297527600;17279
297544273;17280
297560947;17281
297577621;17282
297594294;17283
297610968;17284
297627642;17285
297644315;17286
297660989;17287
297677662;17288
297694336;17289
297711010;17290
297727683;17291
297744357;17292
297761031;17293
297777704;17294
297794378;17295
297811051;17296
297827725;17297
297844399;17298
297861072;17299
297877746;17300
297894420;17301
297927767;17302
297944441;17303
297961114;17304
297977788;17305
297994461;17306
298011135;17307
298027809;17308
298044482;17309
298061156;17310
298077830;17311
298094503;17312
298111177;17313
298127850;17314
298144524;17315
298161198;17316
298177871;17317
298194545;17318
298211219;17319
298227892;17320
298244566;17321
298261239;17322
298277913;17323
298294587;17324
298311260;17325
298327934;17326
298344608;17327
298361281;17328
298377955;17329
298394628;17330
298427976;17331
298444649;17332
298461323;17333
298477997;17334
298494670;17335
298511344;17336
298528017;17337
298544691;17338
298561365;17339
298578038;17340
298594712;17341
298611386;17342
298628059;17343
298644733;17344
298661407;17345
298678080;17346
298694754;17347
298711427;17348
298728101;17349
298744775;17350
298761448;17351
298778122;17352
298794796;17353
298811469;17354
298828143;17355
298844816;17356
298861490;17357
298878164;17358
298894837;17359
298928185;17360
298944858;17361
298961532;17362
298978205;17363
298994879;17364
299011553;17365
299028226;17366
299044900;17367
299061574;17368
299078247;17369
299094921;17370
299111594;17371
299128268;17372
299144942;17373
299161615;17374
299178289;17375
299194963;17376
299211636;17377
299228310;17378
299244983;17379
299261657;17380
299278331;17381
299295004;17382
299311678;17383
299328352;17384
299345025;17385
299361699;17386
299378372;17387
299395046;17388
299428393;17389
299445067;17390
299461741;17391
299478414;17392
299495088;17393
299511761;17394
299528435;17395
299545109;17396
299561782;17397
299578456;17398
299595130;17399
299611803;17400
299628477;17401
299645151;17402
299661824;17403
299678498;17404
299695171;17405
299711845;17406
299728519;17407
299745192;17408
299761866;17409
299778540;17410
299795213;17411
299811887;17412
299828560;17413
299845234;17414
299861908;17415
299878581;17416
299895255;17417
299928602;17418
299945276;17419
299961949;17420
299978623;17421
299995297;17422
300011970;17423
300028644;17424
300045318;17425
300061991;17426
300078665;17427
300095338;17428
300112012;17429
300128686;17430
300145359;17431
300162033;17432
300178707;17433
300195380;17434
300212054;17435
300228728;17436
300245401;17437
300262075;17438
300278748;17439
300295422;17440
300312096;17441
300328769;17442
300345443;17443
300362117;17444
300378790;17445
300395464;17446
300428811;17447
300445485;17448
300462158;17449
300478832;17450
300495506;17451
300512179;17452
300528853;17453
300545526;17454
300562200;17455
300578874;17456
300595547;17457
300612221;17458
300628895;17459
300645568;17460
300662242;17461
300678916;17462
300695589;17463
300712263;17464
300728936;17465
300745610;17466
300762284;17467
300778957;17468
300795631;17469
300812304;17470
300828978;17471
300845652;17472
300862325;17473
300878999;17474
300895673;17475
300929020;17476
300945694;17477
300962367;17478
300979041;17479
300995714;17480
301012388;17481
301029062;17482
301045735;17483
301062409;17484
301079083;17485
301095756;17486
301112430;17487
301129103;17488
301145777;17489
301162451;17490
301179124;17491
301195798;17492
301212472;17493
301229145;17494
301245819;17495
301262492;17496
301279166;17497
301295840;17498
301312513;17499
301329187;17500
301345861;17501
301362534;17502
301379208;17503
301395881;17504
301429229;17505
301445902;17506
301462576;17507
301479250;17508
301495923;17509
301512597;17510
301529271;17511
301545944;17512
301562618;17513
301579291;17514
301595965;17515
301612639;17516
301629312;17517
301645986;17518
301662660;17519
301679333;17520
301696007;17521
301712680;17522
301729354;17523
301746028;17524
301762701;17525
301779375;17526
301796049;17527
301812722;17528
301829396;17529
301846070;17530
301862743;17531
301879417;17532
301896090;17533
301929438;17534
301946111;17535
301962785;17536
301979458;17537
301996132;17538
302012806;17539
302029479;17540
302046153;17541
302062827;17542
302079500;17543
302096174;17544
302112848;17545
302129521;17546
302146195;17547
302162868;17548
302179542;17549
302196216;17550
302212889;17551
302229563;17552
302246237;17553
302262910;17554
302279584;17555
302296258;17556
302312931;17557
302329605;17558
302346278;17559
302362952;17560
302379626;17561
302396299;17562
302429646;17563
302446320;17564
302462994;17565
302479667;17566
302496341;17567
302513015;17568
302529688;17569
302546362;17570
302563036;17571
302579709;17572
302596383;17573
302613056;17574
302629730;17575
302646404;17576
302663077;17577
302679751;17578
302696425;17579
302713098;17580
302729772;17581
302746446;17582
302763119;17583
302779793;17584
302796466;17585
302813140;17586
302829814;17587
302846487;17588
302863161;17589
302879835;17590
302896508;17591
302929855;17592
302946529;17593
302963203;17594
302979876;17595
302996550;17596
303013224;17597
303029897;17598
303046571;17599
303063244;17600
303079918;17601
303096592;17602
303113265;17603
303129939;17604
303146613;17605
303163286;17606
303179960;17607
303196633;17608
303213307;17609
303229981;17610
303246654;17611
303263328;17612
303280002;17613
303296675;17614
303313349;17615
303330022;17616
303346696;17617
303363370;17618
303380044;17619
303396717;17620
303430064;17621
303446738;17622
303463412;17623
303480085;17624
303496759;17625
303513432;17626
303530106;17627
303546780;17628
303563453;17629
303580127;17630
303596801;17631
303613474;17632
303630148;17633
303646822;17634
303663495;17635
303680169;17636
303696842;17637
303713516;17638
303730190;17639
303746863;17640
303763537;17641
303780211;17642
303796884;17643
303813558;17644
303830232;17645
303846905;17646
303863579;17647
303880252;17648
303896926;17649
303930273;17650
303946947;17651
303963620;17652
303980294;17653
303996968;17654
304013641;17655
304030315;17656
304046989;17657
304063662;17658
304080336;17659
304097010;17660
304113683;17661
304130357;17662
304147030;17663
304163704;17664
304180378;17665
304197051;17666
304213725;17667
304230399;17668
304247072;17669
304263746;17670
304280419;17671
304297093;17672
304313767;17673
304330440;17674
304347114;17675
304363788;17676
304380461;17677
304397135;17678
304430482;17679
304447156;17680
304463829;17681
304480503;17682
304497177;17683
304513850;17684
304530524;17685
304547198;17686
304563871;17687
304580545;17688
304597219;17689
304613892;17690
304630566;17691
304647239;17692
304663913;17693
304680587;17694
304697260;17695
304713934;17696
304730608;17697
304747281;17698
304763955;17699
304780628;17700
304797302;17701
304813976;17702
304830649;17703
304847323;17704
304863997;17705
304880670;17706
304897344;17707
304930691;17708
304947365;17709
304964038;17710
304980712;17711
304997386;17712
305014059;17713
305030733;17714
305047407;17715
305064080;17716
305080754;17717
305097427;17718
305114101;17719
305130775;17720
305147448;17721
305164122;17722
305180796;17723
305197469;17724
305214143;17725
305230817;17726
305247490;17727
305264164;17728
305280837;17729
305297511;17730
305314185;17731
305330858;17732
305347532;17733
305364206;17734
305380879;17735
305397553;17736
305430900;17737
305447574;17738
305464247;17739
305480921;17740
305497595;17741
305514268;17742
305530942;17743
305547615;17744
305564289;17745
305580963;17746
305597636;17747
305614310;17748
305630984;17749
305647657;17750
305664331;17751
305681005;17752
305697678;17753
305714352;17754
305731025;17755
305747699;17756
305764373;17757
305781046;17758
305797720;17759
305814394;17760
305831067;17761
305847741;17762
305864414;17763
305881088;17764
305897762;17765
305931109;17766
305947783;17767
305964456;17768
305981130;17769
305997804;17770
306014477;17771
306031151;17772
306047825;17773
306064498;17774
306081172;17775
306097845;17776
306114519;17777
306131193;17778
306147866;17779
306164540;17780
306181214;17781
306197887;17782
306214561;17783
306231234;17784
306247908;17785
306264582;17786
306281255;17787
306297929;17788
306314603;17789
306331276;17790
306347950;17791
306364623;17792
306381297;17793
306397971;17794
306431318;17795
306447992;17796
306464665;17797
306481339;17798
306498013;17799
306514686;17800
306531360;17801
306548033;17802
306564707;17803
306581381;17804
306598054;17805
306614728;17806
306631402;17807
306648075;17808
306664749;17809
306681422;17810
306698096;17811
306714770;17812
306731443;17813
306748117;17814
306764791;17815
306781464;17816
306798138;17817
306814812;17818
306831485;17819
306848159;17820
306864832;17821
306881506;17822
306898180;17823
306931527;17824
306948201;17825
306964874;17826
306981548;17827
306998221;17828
307014895;17829
307031569;17830
307048242;17831
307064916;17832
307081590;17833
307098263;17834
307114937;17835
307131611;17836
307148284;17837
307164958;17838
307181631;17839
307198305;17840
307214979;17841
307231652;17842
307248326;17843
307265000;17844
307281673;17845
307298347;17846
307315021;17847
307331694;17848
307348368;17849
307365041;17850
307381715;17851
307398389;17852
307431736;17853
307448410;17854
307465083;17855
307481757;17856
307498431;17857
307515104;17858
307531778;17859
307548451;17860
307565125;17861
307581799;17862
307598472;17863
307615146;17864
307631820;17865
307648493;17866
307665167;17867
307681841;17868
307698514;17869
307715188;17870
307731861;17871
307748535;17872
307765209;17873
307781882;17874
307798556;17875
307815230;17876
307831903;17877
307848577;17878
307865250;17879
307881924;17880
307898598;17881
307931945;17882
307948619;17883
307965292;17884
307981966;17885
307998640;17886
308015313;17887
308031987;17888
308048660;17889
308065334;17890
308082008;17891
308098681;17892
308115355;17893
308132029;17894
308148702;17895
308165376;17896
308182050;17897
308198723;17898
308215397;17899
308232070;17900
308248744;17901
308265418;17902
308282091;17903
308298765;17904
308315439;17905
308332112;17906
308348786;17907
308365460;17908
308382133;17909
308398807;17910
308432154;17911
308448828;17912
308465501;17913
308482175;17914
308498849;17915
308515522;17916
308532196;17917
308548869;17918
308565543;17919
308582217;17920
308598890;17921
308615564;17922
308632238;17923
308648911;17924
308665585;17925
308682259;17926
308698932;17927
308715606;17928
308732280;17929
308748953;17930
308765627;17931
308782300;17932
308798974;17933
308815648;17934
308832321;17935
308848995;17936
308865669;17937
308882342;17938
308899016;17939
308932363;17940
308949037;17941
308965710;17942
308982384;17943
308999058;17944
309015731;17945
309032405;17946
309049079;17947
309065752;17948
309082426;17949
309099100;17950
309115773;17951
309132447;17952
309149120;17953
309165794;17954
309182468;17955
309199141;17956
309215815;17957
309232489;17958
309249162;17959
309265836;17960
309282509;17961
309299183;17962
309315857;17963
309332530;17964
309349204;17965
309365878;17966
309382551;17967
309399225;17968
309432572;17969
309449246;17970
309465920;17971
309482593;17972
309499267;17973
309515940;17974
309532614;17975
309549288;17976
309565961;17977
309582635;17978
309599309;17979
309615982;17980
309632656;17981
309649329;17982
309666003;17983
309682677;17984
309699350;17985
309716024;17986
309732698;17987
309749371;17988
309766045;17989
309782718;17990
309799392;17991
309816066;17992
309832739;17993
309849413;17994
309866087;17995
309882760;17996
309899434;17997
309932781;17998
309949455;17999
309966129;18000
309982802;18001
309999476;18002
310016149;18003
310032823;18004
310049497;18005
310066170;18006
310082844;18007
310099518;18008
310116191;18009
310132865;18010
310149538;18011
310166212;18012
310182886;18013
310199559;18014
310216233;18015
310232907;18016
310249580;18017
310266254;18018
310282928;18019
310299601;18020
310316275;18021
310332949;18022
310349622;18023
310366296;18024
310382969;18025
310399643;18026
310432990;18027
310449664;18028
310466338;18029
310483011;18030
310499685;18031
310516359;18032
310533032;18033
310549706;18034
310566379;18035
310583053;18036
310599727;18037
310616400;18038
310633074;18039
310649748;18040
310666421;18041
310683095;18042
310699768;18043
310716442;18044
310733116;18045
310749789;18046
310766463;18047
310783137;18048
310799810;18049
310816484;18050
310833158;18051
310849831;18052
310866505;18053
310883178;18054
310899852;18055
310933199;18056
310949873;18057
310966547;18058
310983220;18059
310999894;18060
311016568;18061
311033241;18062
311049915;18063
311066588;18064
311083262;18065
311099936;18066
311116609;18067
311133283;18068
311149957;18069
311166630;18070
311183304;18071
311199978;18072
311216651;18073
311233325;18074
311249999;18075
311266672;18076
311283346;18077
311300019;18078
311316693;18079
311333367;18080
311350040;18081
311366714;18082
311383388;18083
311400061;18084
311433409;18085
311450082;18086
311466756;18087
311483429;18088
311500103;18089
311516777;18090
311533450;18091
311550124;18092
311566798;18093
311583471;18094
311600145;18095
311616819;18096
311633492;18097
311650166;18098
311666839;18099
311683513;18100
311700187;18101
311716860;18102
311733534;18103
311750208;18104
311766881;18105
311783555;18106
311800229;18107
311816902;18108
311833576;18109
311850249;18110
311866923;18111
311883597;18112
311900270;18113
311933618;18114
311950291;18115
311966965;18116
311983638;18117
312000312;18118
312016986;18119
312033659;18120
312050333;18121
312067007;18122
312083680;18123
312100354;18124
312117028;18125
312133701;18126
312150375;18127
312167049;18128
312183722;18129
312200396;18130
312217070;18131
312233743;18132
312250417;18133
312267090;18134
312283764;18135
312300438;18136
312317111;18137
312333785;18138
312350459;18139
312367132;18140
312383806;18141
312400479;18142
312433827;18143
312450500;18144
312467174;18145
312483848;18146
312500521;18147
312517195;18148
312533869;18149
312550542;18150
312567216;18151
312583890;18152
312600563;18153
312617237;18154
312633910;18155
312650584;18156
312667258;18157
312683931;18158
312700605;18159
312717279;18160
312733952;18161
312750626;18162
312767300;18163
312783973;18164
312800647;18165
312817320;18166
312833994;18167
312850668;18168
312867341;18169
312884015;18170
312900689;18171
312934036;18172
312950709;18173
312967383;18174
312984057;18175
313000730;18176
313017404;18177
313034078;18178
313050751;18179
313067425;18180
313084099;18181
313100772;18182
313117446;18183
313134120;18184
313150793;18185
313167467;18186
313184141;18187
313200814;18188
313217488;18189
313234161;18190
313250835;18191
313267509;18192
313284182;18193
313300856;18194
313317530;18195
313334203;18196
313350877;18197
313367550;18198
313384224;18199
313400898;18200
313434245;18201
313450919;18202
313467592;18203
313484266;18204
313500940;18205
313517613;18206
313534287;18207
313550960;18208
313567634;18209
313584308;18210
313600981;18211
313617655;18212
313634329;18213
313651002;18214
313667676;18215
313684350;18216
313701023;18217
313717697;18218
313734371;18219
313751044;18220
313767718;18221
313784392;18222
313801065;18223
313817739;18224
313834412;18225
313851086;18226
313867760;18227
313884433;18228
313901107;18229
313934454;18230
313951128;18231
313967802;18232
313984475;18233
314001149;18234
314017822;18235
314034496;18236
314051170;18237
314067843;18238
314084517;18239
314101191;18240
314117864;18241
314134538;18242
314151212;18243
314167885;18244
314184559;18245
314201232;18246
314217906;18247
314234580;18248
314251253;18249
314267927;18250
314284601;18251
314301274;18252
314317948;18253
314334622;18254
314351295;18255
314367969;18256
314384642;18257
314401316;18258
314434663;18259
314451337;18260
314468011;18261
314484684;18262
314501358;18263
314518032;18264
314534705;18265
314551379;18266
314568053;18267
314584726;18268
314601400;18269
314618073;18270
314634747;18271
314651421;18272
314668094;18273
314684768;18274
314701442;18275
314718115;18276
314734789;18277
314751463;18278
314768136;18279
314784810;18280
314801483;18281
314818157;18282
314834831;18283
314851504;18284
314868178;18285
314884852;18286
314901525;18287
314934873;18288
314951546;18289
314968220;18290
314984894;18291
315001567;18292
315018241;18293
315034914;18294
315051588;18295
315068262;18296
315084935;18297
315101609;18298
315118283;18299
315134956;18300
315151630;18301
315168304;18302
315184977;18303
315201651;18304
315218324;18305
315234998;18306
315251672;18307
315268345;18308
315285019;18309
315301693;18310
315318366;18311
315335040;18312
315351714;18313
315368387;18314
315385061;18315
315401735;18316
315435082;18317
315451755;18318
315468429;18319
315485103;18320
315501776;18321
315518450;18322
315535124;18323
315551797;18324
315568471;18325
315585145;18326
315601818;18327
315618492;18328
315635166;18329
315651839;18330
315668513;18331
315685186;18332
315701860;18333
315718534;18334
315735207;18335
315751881;18336
315768555;18337
315785228;18338
315801902;18339
315818576;18340
315835249;18341
315851923;18342
315868596;18343
315885270;18344
315901944;18345
315935291;18346
315951965;18347
315968638;18348
315985312;18349
316001986;18350
316018659;18351
316035333;18352
316052007;18353
316068680;18354
316085354;18355
316102027;18356
316118701;18357
316135375;18358
316152048;18359
316168722;18360
316185396;18361
316202069;18362
316218743;18363
316235417;18364
316252090;18365
316268764;18366
316285438;18367
316302111;18368
316318785;18369
316335458;18370
316352132;18371
316368806;18372
316385479;18373
316402153;18374
316435500;18375
316452174;18376
316468848;18377
316485521;18378
316502195;18379
316518868;18380
316535542;18381
316552216;18382
316568889;18383
316585563;18384
316602237;18385
316618910;18386
316635584;18387
316652258;18388
316668931;18389
316685605;18390
316702279;18391
316718952;18392
316735626;18393
316752300;18394
316768973;18395
316785647;18396
316802320;18397
316818994;18398
316835668;18399
316852341;18400
316869015;18401
316885689;18402
316902362;18403
316935710;18404
316952383;18405
316969057;18406
316985730;18407
317002404;18408
317019078;18409
317035751;18410
317052425;18411
317069099;18412
317085772;18413
317102446;18414
317119120;18415
317135793;18416
317152467;18417
317169140;18418
317185814;18419
317202488;18420
317219161;18421
317235835;18422
317252509;18423
317269182;18424
317285856;18425
317302530;18426
317319203;18427
317335877;18428
317352551;18429
317369224;18430
317385898;18431
317402571;18432
317435919;18433
317452592;18434
317469266;18435
317485940;18436
317502613;18437
317519287;18438
317535961;18439
317552634;18440
317569308;18441
317585982;18442
317602655;18443
317619329;18444
317636003;18445
317652676;18446
317669350;18447
317686023;18448
317702697;18449
317719371;18450
317736044;18451
317752718;18452
317769392;18453
317786065;18454
317802739;18455
317819413;18456
317836086;18457
317852760;18458
317869433;18459
317886107;18460
317902781;18461
317936128;18462
317952802;18463
317969475;18464
317986149;18465
318002823;18466
318019496;18467
318036170;18468
318052844;18469
318069517;18470
318086191;18471
318102865;18472
318119538;18473
318136212;18474
318152885;18475
318169559;18476
318186233;18477
318202906;18478
318219580;18479
318236254;18480
318252927;18481
318269601;18482
318286275;18483
318302948;18484
318319622;18485
318336295;18486
318352969;18487
318369643;18488
318386316;18489
318402990;18490
318436337;18491
318453011;18492
318469685;18493
318486358;18494
318503032;18495
318519706;18496
318536379;18497
318553053;18498
318569726;18499
318586400;18500
318603074;18501
318619747;18502
318636421;18503
318653095;18504
318669768;18505
318686442;18506
318703116;18507
318719789;18508
318736463;18509
318753137;18510
318769810;18511
318786484;18512
318803157;18513
318819831;18514
318836505;18515
318853178;18516
318869852;18517
318886526;18518
318903199;18519
318936547;18520
318953220;18521
318969894;18522
318986568;18523
319003241;18524
319019915;18525
319036588;18526
319053262;18527
319069936;18528
319086609;18529
319103283;18530
319119957;18531
319136630;18532
319153304;18533
319169978;18534
319186651;18535
319203325;18536
319219998;18537
319236672;18538
319253346;18539
319270019;18540
319286693;18541
319303367;18542
319320040;18543
319336714;18544
319353388;18545
319370061;18546
319386735;18547
319403409;18548
319436756;18549
319453430;18550
319470103;18551
319486777;18552
319503450;18553
319520124;18554
319536798;18555
319553471;18556
319570145;18557
319586819;18558
319603492;18559
319620166;18560
319636840;18561
319653513;18562
319670187;18563
319686861;18564
319703534;18565
319720208;18566
319736881;18567
319753555;18568
319770229;18569
319786902;18570
319803576;18571
319820250;18572
319836923;18573
319853597;18574
319870271;18575
319886944;18576
319903618;18577
319936965;18578
319953639;18579
319970312;18580
319986986;18581
320003660;18582
320020333;18583
320037007;18584
320053681;18585
320070354;18586
320087028;18587
320103702;18588
320120375;18589
320137049;18590
320153722;18591
320170396;18592
320187070;18593
320203743;18594
320220417;18595
320237091;18596
320253764;18597
320270438;18598
320287112;18599
320303785;18600
320320459;18601
320337133;18602
320353806;18603
320370480;18604
320387154;18605
320403827;18606
320437174;18607
320453848;18608
320470522;18609
320487195;18610
320503869;18611
320520543;18612
320537216;18613
320553890;18614
320570564;18615
320587237;18616
320603911;18617
320620585;18618
320637258;18619
320653932;18620
320670605;18621
320687279;18622
320703953;18623
320720626;18624
320737300;18625
320753974;18626
320770647;18627
320787321;18628
320803995;18629
320820668;18630
320837342;18631
320854016;18632
320870689;18633
320887363;18634
320904037;18635
320937384;18636
320954057;18637
320970731;18638
320987405;18639
321004078;18640
321020752;18641
321037426;18642
321054099;18643
321070773;18644
321087447;18645
321104120;18646
321120794;18647
321137467;18648
321154141;18649
321170815;18650
321187488;18651
321204162;18652
321220836;18653
321237509;18654
321254183;18655
321270857;18656
321287530;18657
321304204;18658
321320878;18659
321337551;18660
321354225;18661
321370898;18662
321387572;18663
321404246;18664
321437593;18665
321454267;18666
321470940;18667
321487614;18668
321504288;18669
321520961;18670
321537635;18671
321554309;18672
321570982;18673
321587656;18674
321604330;18675
321621003;18676
321637677;18677
321654350;18678
321671024;18679
321687698;18680
321704371;18681
321721045;18682
321737719;18683
321754392;18684
321771066;18685
321787740;18686
321804413;18687
321821087;18688
321837761;18689
321854434;18690
321871108;18691
321887781;18692
321904455;18693
321937802;18694
321954476;18695
321971150;18696
321987823;18697
322004497;18698
322021171;18699
322037844;18700
322054518;18701
322071192;18702
322087865;18703
322104539;18704
322121213;18705
322137886;18706
322154560;18707
322171233;18708
322187907;18709
322204581;18710
322221254;18711
322237928;18712
322254602;18713
322271275;18714
322287949;18715
322304623;18716
322321296;18717
322337970;18718
322354644;18719
322371317;18720
322387991;18721
322404664;18722
322438012;18723
322454685;18724
322471359;18725
322488033;18726
322504706;18727
322521380;18728
322538054;18729
322554727;18730
322571401;18731
322588075;18732
322604748;18733
322621422;18734
322638095;18735
322654769;18736
322671443;18737
322688116;18738
322704790;18739
322721464;18740
322738137;18741
322754811;18742
322771485;18743
322788158;18744
322804832;18745
322821506;18746
322838179;18747
322854853;18748
322871526;18749
322888200;18750
322904874;18751
322938221;18752
322954895;18753
322971568;18754
322988242;18755
323004916;18756
323021589;18757
323038263;18758
323054937;18759
323071610;18760
323088284;18761
323104957;18762
323121631;18763
323138305;18764
323154978;18765
323171652;18766
323188326;18767
323204999;18768
323221673;18769
323238347;18770
323255020;18771
323271694;18772
323288368;18773
323305041;18774
323321715;18775
323338389;18776
323355062;18777
323371736;18778
323388410;18779
323405083;18780
323438430;18781
323455104;18782
323471778;18783
323488451;18784
323505125;18785
323521799;18786
323538472;18787
323555146;18788
323571820;18789
323588493;18790
323605167;18791
323621841;18792
323638514;18793
323655188;18794
323671862;18795
323688535;18796
323705209;18797
323721882;18798
323738556;18799
323755230;18800
323771903;18801
323788577;18802
323805251;18803
323821924;18804
323838598;18805
323855272;18806
323871945;18807
323888619;18808
323905293;18809
323938640;18810
323955314;18811
323971987;18812
323988661;18813
324005334;18814
324022008;18815
324038682;18816
324055355;18817
324072029;18818
324088703;18819
324105376;18820
324122050;18821
324138724;18822
324155397;18823
324172071;18824
324188745;18825
324205418;18826
324222092;18827
324238765;18828
324255439;18829
324272113;18830
324288786;18831
324305460;18832
324322134;18833
324338807;18834
324355481;18835
324372155;18836
324388828;18837
324405502;18838
324438849;18839
324455523;18840
324472196;18841
324488870;18842
324505544;18843
324522217;18844
324538891;18845
324555565;18846
324572238;18847
324588912;18848
324605586;18849
324622259;18850
324638933;18851
324655607;18852
324672280;18853
324688954;18854
324705627;18855
324722301;18856
324738975;18857
324755648;18858
324772322;18859
324788996;18860
324805669;18861
324822343;18862
324839017;18863
324855690;18864
324872364;18865
324889038;18866
324905711;18867
324939059;18868
324955732;18869
324972406;18870
324989079;18871
325005753;18872
325022427;18873
325039100;18874
325055774;18875
325072448;18876
325089121;18877
325105795;18878
325122469;18879
325139142;18880
325155816;18881
325172490;18882
325189163;18883
325205837;18884
325222511;18885
325239184;18886
325255858;18887
325272531;18888
325289205;18889
325305879;18890
325322552;18891
325339226;18892
325355900;18893
325372573;18894
325389247;18895
325405921;18896
325439268;18897
325455942;18898
325472615;18899
325489289;18900
325505962;18901
325522636;18902
325539310;18903
325555983;18904
325572657;18905
325589331;18906
325606004;18907
325622678;18908
325639352;18909
325656025;18910
325672699;18911
325689372;18912
325706046;18913
325722720;18914
325739394;18915
325756067;18916
325772741;18917
325789414;18918
325806088;18919
325822762;18920
325839435;18921
325856109;18922
325872783;18923
325889456;18924
325906130;18925
325939477;18926
325956151;18927
325972825;18928
325989498;18929
326006172;18930
326022845;18931
326039519;18932
326056193;18933
326072866;18934
326089540;18935
326106214;18936
326122887;18937
326139561;18938
326156235;18939
326172908;18940
326189582;18941
326206256;18942
326222929;18943
326239603;18944
326256277;18945
326272950;18946
326289624;18947
326306297;18948
326322971;18949
326339645;18950
326356318;18951
326372992;18952
326389666;18953
326406339;18954
326439687;18955
326456360;18956
326473034;18957
326489708;18958
326506381;18959
326523055;18960
326539728;18961
326556402;18962
326573076;18963
326589749;18964
326606423;18965
326623097;18966
326639770;18967
326656444;18968
326673118;18969
326689791;18970
326706465;18971
326723139;18972
326739812;18973
326756486;18974
326773159;18975
326789833;18976
326806507;18977
326823180;18978
326839854;18979
326856528;18980
326873201;18981
326889875;18982
326906549;18983
326939896;18984
326956570;18985
326973243;18986
326989917;18987
327006591;18988
327023264;18989
327039938;18990
327056612;18991
327073285;18992
327089959;18993
327106632;18994
327123306;18995
327139980;18996
327156653;18997
327173327;18998
327190001;18999
327206674;19000
327223348;19001
327240022;19002
327256695;19003
327273369;19004
327290042;19005
327306716;19006
327323390;19007
327340063;19008
327356737;19009
327373411;19010
327390084;19011
327406758;19012
327440105;19013
327456779;19014
327473453;19015
327490126;19016
327506800;19017
327523473;19018
327540147;19019
327556821;19020
327573495;19021
327590168;19022
327606842;19023
327623515;19024
327640189;19025
327656863;19026
327673536;19027
327690210;19028
327706884;19029
327723557;19030
327740231;19031
327756905;19032
327773578;19033
327790252;19034
327806925;19035
327823599;19036
327840273;19037
327856946;19038
327873620;19039
327890294;19040
327906967;19041
327940315;19042
327956988;19043
327973662;19044
327990336;19045
328007009;19046
328023683;19047
328040357;19048
328057030;19049
328073704;19050
328090377;19051
328107051;19052
328123725;19053
328140398;19054
328157072;19055
328173746;19056
328190419;19057
328207093;19058
328223767;19059
328240440;19060
328257114;19061
328273788;19062
328290461;19063
328307135;19064
328323809;19065
328340482;19066
328357156;19067
328373830;19068
328390503;19069
328407177;19070
328440524;19071
328457198;19072
328473871;19073
328490545;19074
328507219;19075
328523892;19076
328540566;19077
328557240;19078
328573913;19079
328590587;19080
328607261;19081
328623934;19082
328640608;19083
328657281;19084
328673955;19085
328690629;19086
328707302;19087
328723976;19088
328740650;19089
328757323;19090
328773997;19091
328790671;19092
328807344;19093
328824018;19094
328840692;19095
328857365;19096
328874039;19097
328890713;19098
328907386;19099
328940733;19100
328957407;19101
328974081;19102
328990754;19103
329007428;19104
329024102;19105
329040775;19106
329057449;19107
329074123;19108
329090796;19109
329107470;19110
329124144;19111
329140817;19112
329157491;19113
329174165;19114
329190838;19115
329207512;19116
329224185;19117
329240859;19118
329257533;19119
329274206;19120
329290880;19121
329307554;19122
329324227;19123
329340901;19124
329357575;19125
329374248;19126
329390922;19127
329407596;19128
329440943;19129
329457616;19130
329474290;19131
329490964;19132
329507637;19133
329524311;19134
329540985;19135
329557658;19136
329574332;19137
329591006;19138
329607679;19139
329624353;19140
329641027;19141
329657700;19142
329674374;19143
329691048;19144
329707721;19145
329724395;19146
329741068;19147
329757742;19148
329774416;19149
329791089;19150
329807763;19151
329824437;19152
329841110;19153
329857784;19154
329874458;19155
329891131;19156
329907805;19157
329941152;19158
329957826;19159
329974500;19160
329991173;19161
330007847;19162
330024520;19163
330041194;19164
330057868;19165
330074541;19166
330091215;19167
330107889;19168
330124562;19169
330141236;19170
330157910;19171
330174583;19172
330191257;19173
330207931;19174
330224604;19175
330241278;19176
330257952;19177
330274625;19178
330291299;19179
330307972;19180
330324646;19181
330341320;19182
330357993;19183
330374667;19184
330391341;19185
330408014;19186
330441362;19187
330458035;19188
330474709;19189
330491382;19190
330508056;19191
330524730;19192
330541404;19193
330558077;19194
330574751;19195
330591424;19196
330608098;19197
330624772;19198
330641445;19199
330658119;19200
330674793;19201
330691466;19202
330708140;19203
330724814;19204
330741487;19205
330758161;19206
330774834;19207
330791508;19208
330808182;19209
330824855;19210
330841529;19211
330858203;19212
330874876;19213
330891550;19214
330908224;19215
330941571;19216
330958245;19217
330974918;19218
330991592;19219
331008266;19220
331024939;19221
331041613;19222
331058287;19223
331074960;19224
331091634;19225
331108307;19226
331124981;19227
331141655;19228
331158328;19229
331175002;19230
331191676;19231
331208349;19232
331225023;19233
331241697;19234
331258370;19235
331275044;19236
331291718;19237
331308391;19238
331325065;19239
331341738;19240
331358412;19241
331375086;19242
331391759;19243
331408433;19244
331441780;19245
331458454;19246
331475128;19247
331491801;19248
331508475;19249
331525149;19250
331541822;19251
331558496;19252
331575170;19253
331591843;19254
331608517;19255
331625190;19256
331641864;19257
331658538;19258
331675211;19259
331691885;19260
331708559;19261
331725232;19262
331741906;19263
331758580;19264
331775253;19265
331791927;19266
331808601;19267
331825274;19268
331841948;19269
331858622;19270
331875295;19271
331891969;19272
331908642;19273
331941990;19274
331958663;19275
331975337;19276
331992011;19277
332008684;19278
332025358;19279
332042032;19280
332058705;19281
332075379;19282
332092053;19283
332108726;19284
332125400;19285
332142073;19286
332158747;19287
332175421;19288
332192094;19289
332208768;19290
332225442;19291
332242115;19292
332258789;19293
332275463;19294
332292136;19295
332308810;19296
332325484;19297
332342157;19298
332358831;19299
332375505;19300
332392178;19301
332408852;19302
332442199;19303
332458873;19304
332475546;19305
332492220;19306
332508894;19307
332525567;19308
332542241;19309
332558915;19310
332575588;19311
332592262;19312
332608936;19313
332625609;19314
332642283;19315
332658957;19316
332675630;19317
332692304;19318
332708978;19319
332725651;19320
332742325;19321
332758998;19322
332775672;19323
332792346;19324
332809019;19325
332825693;19326
332842367;19327
332859040;19328
332875714;19329
332892388;19330
332909061;19331
332942408;19332
332959082;19333
332975756;19334
332992430;19335
333009103;19336
333025777;19337
333042450;19338
333059124;19339
333075798;19340
333092471;19341
333109145;19342
333125819;19343
333142492;19344
333159166;19345
333175840;19346
333192513;19347
333209187;19348
333225861;19349
333242534;19350
333259208;19351
333275881;19352
333292555;19353
333309229;19354
333325902;19355
333342576;19356
333359250;19357
333375923;19358
333392597;19359
333409271;19360
333442618;19361
333459292;19362
333475965;19363
333492639;19364
333509313;19365
333525986;19366
333542660;19367
333559333;19368
333576007;19369
333592681;19370
333609354;19371
333626028;19372
333642702;19373
333659375;19374
333676049;19375
333692723;19376
333709396;19377
333726070;19378
333742744;19379
333759417;19380
333776091;19381
333792764;19382
333809438;19383
333826112;19384
333842785;19385
333859459;19386
333876133;19387
333892806;19388
333909480;19389
333942827;19390
333959501;19391
333976175;19392
333992848;19393
334009522;19394
334026196;19395
334042869;19396
334059543;19397
334076216;19398
334092890;19399
334109564;19400
334126237;19401
334142911;19402
334159585;19403
334176258;19404
334192932;19405
334209606;19406
334226279;19407
334242953;19408
334259626;19409
334276300;19410
334292974;19411
334309647;19412
334326321;19413
334342995;19414
334359668;19415
334376342;19416
334393016;19417
334409689;19418
334443037;19419
334459710;19420
334476384;19421
334493057;19422
334509731;19423
334526405;19424
334543078;19425
334559752;19426
334576426;19427
334593099;19428
334609773;19429
334626447;19430
334643120;19431
334659794;19432
334676468;19433
334693141;19434
334709815;19435
334726489;19436
334743162;19437
334759836;19438
334776509;19439
334793183;19440
334809857;19441
334826530;19442
334843204;19443
334859878;19444
334876551;19445
334893225;19446
334909899;19447
334943246;19448
334959920;19449
334976593;19450
334993267;19451
335009940;19452
335026614;19453
335043288;19454
335059961;19455
335076635;19456
335093309;19457
335109982;19458
335126656;19459
335143330;19460
335160003;19461
335176677;19462
335193351;19463
335210024;19464
335226698;19465
335243372;19466
335260045;19467
335276719;19468
335293392;19469
335310066;19470
335326740;19471
335343413;19472
335360087;19473
335376761;19474
335393434;19475
335410108;19476
335443455;19477
335460129;19478
335476803;19479
335493476;19480
335510150;19481
335526824;19482
335543497;19483
335560171;19484
335576844;19485
335593518;19486
335610192;19487
335626865;19488
335643539;19489
335660213;19490
335676886;19491
335693560;19492
335710234;19493
335726907;19494
335743581;19495
335760254;19496
335776928;19497
335793602;19498
335810275;19499
335826949;19500
335843623;19501
335860296;19502
335876970;19503
335893644;19504
335910317;19505
335943664;19506
335960338;19507
335977012;19508
335993685;19509
336010359;19510
336027033;19511
336043706;19512
336060380;19513
336077054;19514
336093727;19515
336110401;19516
336127075;19517
336143748;19518
336160422;19519
336177096;19520
336193769;19521
336210443;19522
336227116;19523
336243790;19524
336260464;19525
336277137;19526
336293811;19527
336310485;19528
336327158;19529
336343832;19530
336360506;19531
336377179;19532
336393853;19533
336410527;19534
336443874;19535
336460547;19536
336477221;19537
336493895;19538
336510568;19539
336527242;19540
336543916;19541
336560589;19542
336577263;19543
336593937;19544
336610610;19545
336627284;19546
336643958;19547
336660631;19548
336677305;19549
336693978;19550
336710652;19551
336727326;19552
336743999;19553
336760673;19554
336777347;19555
336794020;19556
336810694;19557
336827368;19558
336844041;19559
336860715;19560
336877389;19561
336894062;19562
336910736;19563
336944083;19564
336960757;19565
336977430;19566
336994104;19567
337010778;19568
337027451;19569
337044125;19570
337060799;19571
337077472;19572
337094146;19573
337110820;19574
337127493;19575
337144167;19576
337160840;19577
337177514;19578
337194188;19579
337210861;19580
337227535;19581
337244209;19582
337260882;19583
337277556;19584
337294230;19585
337310903;19586
337327577;19587
337344251;19588
337360924;19589
337377598;19590
337394272;19591
337410945;19592
337444292;19593
337460966;19594
337477640;19595
337494313;19596
337510987;19597
337527661;19598
337544334;19599
337561008;19600
337577682;19601
337594355;19602
337611029;19603
337627702;19604
337644376;19605
337661050;19606
337677723;19607
337694397;19608
337711071;19609
337727744;19610
337744418;19611
337761092;19612
337777765;19613
337794439;19614
337811113;19615
337827786;19616
337844460;19617
337861134;19618
337877807;19619
337894481;19620
337911154;19621
337944502;19622
337961175;19623
337977849;19624
337994523;19625
338011196;19626
338027870;19627
338044544;19628
338061217;19629
338077891;19630
338094564;19631
338111238;19632
338127912;19633
338144585;19634
338161259;19635
338177933;19636
338194606;19637
338211280;19638
338227954;19639
338244627;19640
338261301;19641
338277975;19642
338294648;19643
338311322;19644
338327996;19645
338344669;19646
338361343;19647
338378016;19648
338394690;19649
338411364;19650
338444711;19651
338461385;19652
338478058;19653
338494732;19654
338511406;19655
338528079;19656
338544753;19657
338561426;19658
338578100;19659
338594774;19660
338611447;19661
338628121;19662
338644795;19663
338661468;19664
338678142;19665
338694816;19666
338711489;19667
338728163;19668
338744837;19669
338761510;19670
338778184;19671
338794857;19672
338811531;19673
338828205;19674
338844878;19675
338861552;19676
338878226;19677
338894899;19678
338911573;19679
338944920;19680
338961594;19681
338978268;19682
338994941;19683
339011615;19684
339028289;19685
339044962;19686
339061636;19687
339078309;19688
339094983;19689
339111657;19690
339128330;19691
339145004;19692
339161678;19693
339178351;19694
339195025;19695
339211699;19696
339228372;19697
339245046;19698
339261720;19699
339278393;19700
339295067;19701
339311740;19702
339328414;19703
339345088;19704
339361761;19705
339378435;19706
339395109;19707
339411782;19708
339445130;19709
339461803;19710
339478477;19711
339495151;19712
339511824;19713
339528498;19714
339545171;19715
339561845;19716
339578519;19717
339595192;19718
339611866;19719
339628540;19720
339645213;19721
339661887;19722
339678560;19723
339695234;19724
339711908;19725
339728582;19726
339745255;19727
339761929;19728
339778602;19729
339795276;19730
339811950;19731
339828623;19732
339845297;19733
339861971;19734
339878644;19735
339895318;19736
339911992;19737
339945339;19738
339962012;19739
339978686;19740
339995360;19741
340012033;19742
340028707;19743
340045381;19744
340062054;19745
340078728;19746
340095402;19747
340112075;19748
340128749;19749
340145422;19750
340162096;19751
340178770;19752
340195443;19753
340212117;19754
340228791;19755
340245464;19756
340262138;19757
340278812;19758
340295485;19759
340312159;19760
340328833;19761
340345506;19762
340362180;19763
340378853;19764
340395527;19765
340412201;19766
340445548;19767
340462222;19768
340478895;19769
340495569;19770
340512243;19771
340528916;19772
340545590;19773
340562263;19774
340578937;19775
340595611;19776
340612284;19777
340628958;19778
340645632;19779
340662305;19780
340678979;19781
340695653;19782
340712326;19783
340729000;19784
340745674;19785
340762347;19786
340779021;19787
340795694;19788
340812368;19789
340829042;19790
340845715;19791
340862389;19792
340879063;19793
340895736;19794
340912410;19795
340945757;19796
340962431;19797
340979104;19798
340995778;19799
341012452;19800
341029125;19801
341045799;19802
341062473;19803
341079146;19804
341095820;19805
341112494;19806
341129167;19807
341145841;19808
341162515;19809
341179188;19810
341195862;19811
341212535;19812
341229209;19813
341245883;19814
341262556;19815
341279230;19816
341295904;19817
341312577;19818
341329251;19819
341345925;19820
341362598;19821
341379272;19822
341395946;19823
341412619;19824
341445966;19825
341462640;19826
341479314;19827
341495987;19828
341512661;19829
341529335;19830
341546008;19831
341562682;19832
341579356;19833
341596029;19834
341612703;19835
341629377;19836
341646050;19837
341662724;19838
341679397;19839
341696071;19840
341712745;19841
341729418;19842
341746092;19843
341762766;19844
341779439;19845
341796113;19846
341812787;19847
341829460;19848
341846134;19849
341862807;19850
341879481;19851
341896155;19852
341912828;19853
341946176;19854
341962849;19855
341979523;19856
341996197;19857
342012870;19858
342029544;19859
342046218;19860
342062891;19861
342079565;19862
342096238;19863
342112912;19864
342129586;19865
342146259;19866
342162933;19867
342179607;19868
342196280;19869
342212954;19870
342229627;19871
342246301;19872
342262975;19873
342279648;19874
342296322;19875
342312996;19876
342329669;19877
342346343;19878
342363017;19879
342379690;19880
342396364;19881
342413038;19882
342446385;19883
342463059;19884
342479732;19885
342496406;19886
342513079;19887
342529753;19888
342546427;19889
342563100;19890
342579774;19891
342596448;19892
342613121;19893
342629795;19894
342646468;19895
342663142;19896
342679816;19897
342696489;19898
342713163;19899
342729837;19900
342746510;19901
342763184;19902
342779858;19903
342796531;19904
342813205;19905
342829879;19906
342846552;19907
342863226;19908
342879900;19909
342896573;19910
342913247;19911
342946594;19912
342963268;19913
342979941;19914
342996615;19915
343013289;19916
343029962;19917
343046636;19918
343063310;19919
343079983;19920
343096657;19921
343113331;19922
343130004;19923
343146678;19924
343163351;19925
343180025;19926
343196699;19927
343213372;19928
343230046;19929
343246720;19930
343263393;19931
343280067;19932
343296741;19933
343313414;19934
343330088;19935
343346761;19936
343363435;19937
343380109;19938
343396782;19939
343413456;19940
343446803;19941
343463477;19942
343480151;19943
343496824;19944
343513498;19945
343530171;19946
343546845;19947
343563519;19948
343580192;19949
343596866;19950
343613540;19951
343630213;19952
343646887;19953
343663561;19954
343680234;19955
343696908;19956
343713582;19957
343730255;19958
343746929;19959
343763602;19960
343780276;19961
343796950;19962
343813623;19963
343830297;19964
343846971;19965
343863644;19966
343880318;19967
343896992;19968
343913665;19969
343947012;19970
343963686;19971
343980360;19972
343997033;19973
344013707;19974
344030381;19975
344047054;19976
344063728;19977
344080402;19978
344097075;19979
344113749;19980
344130422;19981
344147096;19982
344163770;19983
344180443;19984
344197117;19985
344213791;19986
344230464;19987
344247138;19988
344263812;19989
344280485;19990
344297159;19991
344313833;19992
344330506;19993
344347180;19994
344363853;19995
344380527;19996
344397201;19997
344413874;19998
344447222;19999
344463895;20000
344480569;20001
344497243;20002
344513916;20003
344530590;20004
344547263;20005
344563937;20006
344580611;20007
344597284;20008
344613958;20009
344630632;20010
344647305;20011
344663979;20012
344680653;20013
344697326;20014
344714000;20015
344730674;20016
344747347;20017
344764021;20018
344780694;20019
344797368;20020
344814042;20021
344830715;20022
344847389;20023
344864063;20024
344880736;20025
344897410;20026
344914084;20027
344947431;20028
344964105;20029
344980778;20030
344997452;20031
345014125;20032
345030799;20033
345047473;20034
345064146;20035
345080820;20036
345097494;20037
345114167;20038
345130841;20039
345147515;20040
345164188;20041
345180862;20042
345197535;20043
345214209;20044
345230883;20045
345247556;20046
345264230;20047
345280904;20048
345297577;20049
345314251;20050
345330925;20051
345347598;20052
345364272;20053
345380945;20054
345397619;20055
345414293;20056
345447640;20057
345464314;20058
345480987;20059
345497661;20060
345514335;20061
345531008;20062
345547682;20063
345564356;20064
345581029;20065
345597703;20066
345614376;20067
345631050;20068
345647724;20069
345664397;20070
345681071;20071
345697745;20072
345714418;20073
345731092;20074
345747766;20075
345764439;20076
345781113;20077
345797787;20078
345814460;20079
345831134;20080
345847807;20081
345864481;20082
345881155;20083
345897828;20084
345914502;20085
345947849;20086
345964523;20087
345981197;20088
345997870;20089
346014544;20090
346031217;20091
346047891;20092
346064565;20093
346081238;20094
346097912;20095
346114586;20096
346131259;20097
346147933;20098
346164607;20099
346181280;20100
346197954;20101
346214627;20102
346231301;20103
346247975;20104
346264648;20105
346281322;20106
346297996;20107
346314669;20108
346331343;20109
346348017;20110
346364690;20111
346381364;20112
346398037;20113
346414711;20114
346448058;20115
346464732;20116
346481406;20117
346498079;20118
346514753;20119
346531427;20120
346548100;20121
346564774;20122
346581448;20123
346598121;20124
346614795;20125
346631468;20126
346648142;20127
346664816;20128
346681489;20129
346698163;20130
346714837;20131
346731510;20132
346748184;20133
346764858;20134
346781531;20135
346798205;20136
346814878;20137
346831552;20138
346848226;20139
346864899;20140
346881573;20141
346898247;20142
346914920;20143
346948268;20144
346964941;20145
346981615;20146
346998288;20147
347014962;20148
347031636;20149
347048309;20150
347064983;20151
347081657;20152
347098330;20153
347115004;20154
347131678;20155
347148351;20156
347165025;20157
347181699;20158
347198372;20159
347215046;20160
347231719;20161
347248393;20162
347265067;20163
347281740;20164
347298414;20165
347315088;20166
347331761;20167
347348435;20168
347365109;20169
347381782;20170
347398456;20171
347415129;20172
347448477;20173
347465150;20174
347481824;20175
347498498;20176
347515171;20177
347531845;20178
347548518;20179
347565192;20180
347581866;20181
347598540;20182
347615213;20183
347631887;20184
347648560;20185
347665234;20186
347681908;20187
347698581;20188
347715255;20189
347731929;20190
347748602;20191
347765276;20192
347781949;20193
347798623;20194
347815297;20195
347831970;20196
347848644;20197
347865318;20198
347881991;20199
347898665;20200
347915339;20201
347948686;20202
347965360;20203
347982033;20204
347998707;20205
348015380;20206
348032054;20207
348048728;20208
348065401;20209
348082075;20210
348098749;20211
348115422;20212
348132096;20213
348148770;20214
348165443;20215
348182117;20216
348198790;20217
348215464;20218
348232138;20219
348248811;20220
348265485;20221
348282159;20222
348298832;20223
348315506;20224
348332180;20225
348348853;20226
348365527;20227
348382200;20228
348398874;20229
348415548;20230
348448895;20231
348465569;20232
348482242;20233
348498916;20234
348515589;20235
348532263;20236
348548937;20237
348565610;20238
348582284;20239
348598958;20240
348615631;20241
348632305;20242
348648979;20243
348665652;20244
348682326;20245
348699000;20246
348715673;20247
348732347;20248
348749021;20249
348765694;20250
348782368;20251
348799041;20252
348815715;20253
348832389;20254
348849062;20255
348865736;20256
348882410;20257
348899083;20258
348915757;20259
348949104;20260
348965778;20261
348982451;20262
348999125;20263
349015799;20264
349032472;20265
349049146;20266
349065820;20267
349082493;20268
349099167;20269
349115841;20270
349132514;20271
349149188;20272
349165861;20273
349182535;20274
349199209;20275
349215882;20276
349232556;20277
349249230;20278
349265903;20279
349282577;20280
349299251;20281
349315924;20282
349332598;20283
349349271;20284
349365945;20285
349382619;20286
349399292;20287
349415966;20288
349449313;20289
349465987;20290
349482661;20291
349499334;20292
349516008;20293
349532681;20294
349549355;20295
349566029;20296
349582702;20297
349599376;20298
349616050;20299
349632723;20300
349649397;20301
349666071;20302
349682744;20303
349699418;20304
349716091;20305
349732765;20306
349749439;20307
349766112;20308
349782786;20309
349799460;20310
349816133;20311
349832807;20312
349849481;20313
349866154;20314
349882828;20315
349899501;20316
349916175;20317
349949522;20318
349966196;20319
349982870;20320
349999543;20321
350016217;20322
350032891;20323
350049564;20324
350066238;20325
350082912;20326
350099585;20327
350116259;20328
350132932;20329
350149606;20330
350166280;20331
350182953;20332
350199627;20333
350216301;20334
350232974;20335
350249648;20336
350266322;20337
350282995;20338
350299669;20339
350316342;20340
350333016;20341
350349690;20342
350366363;20343
350383037;20344
350399711;20345
350416384;20346
350449732;20347
350466405;20348
350483079;20349
350499752;20350
350516426;20351
350533100;20352
350549773;20353
350566447;20354
350583121;20355
350599794;20356
350616468;20357
350633142;20358
350649815;20359
350666489;20360
350683162;20361
350699836;20362
350716510;20363
350733183;20364
350749857;20365
350766531;20366
350783204;20367
350799878;20368
350816552;20369
350833225;20370
350849899;20371
350866572;20372
350883246;20373
350899920;20374
350916593;20375
350949941;20376
350966614;20377
350983288;20378
350999962;20379
351016635;20380
351033309;20381
351049982;20382
351066656;20383
351083330;20384
351100003;20385
351116677;20386
351133351;20387
351150024;20388
351166698;20389
351183372;20390
351200045;20391
351216719;20392
351233393;20393
351250066;20394
351266740;20395
351283413;20396
351300087;20397
351316761;20398
351333434;20399
351350108;20400
351366782;20401
351383455;20402
351400129;20403
351416803;20404
351450150;20405
351466823;20406
351483497;20407
351500171;20408
351516844;20409
351533518;20410
351550192;20411
351566865;20412
351583539;20413
351600213;20414
351616886;20415
351633560;20416
351650233;20417
351666907;20418
351683581;20419
351700254;20420
351716928;20421
351733602;20422
351750275;20423
351766949;20424
351783622;20425
351800296;20426
351816970;20427
351833643;20428
351850317;20429
351866991;20430
351883664;20431
351900338;20432
351917012;20433
351950359;20434
351967033;20435
351983706;20436
352000380;20437
352017053;20438
352033727;20439
352050401;20440
352067074;20441
352083748;20442
352100422;20443
352117095;20444
352133769;20445
352150443;20446
352167116;20447
352183790;20448
352200463;20449
352217137;20450
352233811;20451
352250484;20452
352267158;20453
352283832;20454
352300505;20455
352317179;20456
352333853;20457
352350526;20458
352367200;20459
352383873;20460
352400547;20461
352417221;20462
352450568;20463
352467242;20464
352483915;20465
352500589;20466
352517263;20467
352533936;20468
352550610;20469
352567283;20470
352583957;20471
352600631;20472
352617304;20473
352633978;20474
352650652;20475
352667325;20476
352683999;20477
352700673;20478
352717346;20479
352734020;20480
352750693;20481
352767367;20482
352784041;20483
352800714;20484
352817388;20485
352834062;20486
352850735;20487
352867409;20488
352884083;20489
352900756;20490
352917430;20491
352950777;20492
352967451;20493
352984124;20494
353000798;20495
353017472;20496
353034145;20497
353050819;20498
353067493;20499
353084166;20500
353100840;20501
353117513;20502
353134187;20503
353150861;20504
353167534;20505
353184208;20506
353200882;20507
353217555;20508
353234229;20509
353250903;20510
353267576;20511
353284250;20512
353300923;20513
353317597;20514
353334271;20515
353350944;20516
353367618;20517
353384292;20518
353400965;20519
353417639;20520
353450986;20521
353467660;20522
353484333;20523
353501007;20524
353517681;20525
353534354;20526
353551028;20527
353567702;20528
353584375;20529
353601049;20530
353617723;20531
353634396;20532
353651070;20533
353667743;20534
353684417;20535
353701091;20536
353717764;20537
353734438;20538
353751112;20539
353767785;20540
353784459;20541
353801133;20542
353817806;20543
353834480;20544
353851153;20545
353867827;20546
353884501;20547
353901174;20548
353917848;20549
353951195;20550
353967869;20551
353984543;20552
354001216;20553
354017890;20554
354034564;20555
354051237;20556
354067911;20557
354084584;20558
354101258;20559
354117932;20560
354134605;20561
354151279;20562
354167953;20563
354184626;20564
354201300;20565
354217973;20566
354234647;20567
354251321;20568
354267994;20569
354284668;20570
354301342;20571
354318015;20572
354334689;20573
354351363;20574
354368036;20575
354384710;20576
354401383;20577
354418057;20578
354451404;20579
354468078;20580
354484752;20581
354501425;20582
354518099;20583
354534773;20584
354551446;20585
354568120;20586
354584794;20587
354601467;20588
354618141;20589
354634814;20590
354651488;20591
354668162;20592
354684835;20593
354701509;20594
354718183;20595
354734856;20596
354751530;20597
354768203;20598
354784877;20599
354801551;20600
354818224;20601
354834898;20602
354851572;20603
354868245;20604
354884919;20605
354901592;20606
354918266;20607
354951613;20608
354968287;20609
354984961;20610
355001634;20611
355018308;20612
355034982;20613
355051655;20614
355068329;20615
355085003;20616
355101676;20617
355118350;20618
355135024;20619
355151697;20620
355168371;20621
355185044;20622
355201718;20623
355218392;20624
355235065;20625
355251739;20626
355268412;20627
355285086;20628
355301760;20629
355318433;20630
355335107;20631
355351781;20632
355368454;20633
355385128;20634
355401802;20635
355418475;20636
355451823;20637
355468496;20638
355485170;20639
355501843;20640
355518517;20641
355535191;20642
355551864;20643
355568538;20644
355585212;20645
355601885;20646
355618559;20647
355635233;20648
355651906;20649
355668580;20650
355685253;20651
355701927;20652
355718601;20653
355735274;20654
355751948;20655
355768622;20656
355785295;20657
355801969;20658
355818643;20659
355835316;20660
355851990;20661
355868663;20662
355885337;20663
355902011;20664
355918684;20665
355952032;20666
355968705;20667
355985379;20668
356002053;20669
356018726;20670
356035400;20671
356052073;20672
356068747;20673
356085421;20674
356102094;20675
356118768;20676
356135442;20677
356152115;20678
356168789;20679
356185462;20680
356202136;20681
356218810;20682
356235483;20683
356252157;20684
356268831;20685
356285504;20686
356302178;20687
356318852;20688
356335525;20689
356352199;20690
356368873;20691
356385546;20692
356402220;20693
356418893;20694
356452241;20695
356468914;20696
356485588;20697
356502262;20698
356518935;20699
356535609;20700
356552283;20701
356568956;20702
356585630;20703
356602304;20704
356618977;20705
356635651;20706
356652324;20707
356668998;20708
356685672;20709
356702345;20710
356719019;20711
356735693;20712
356752366;20713
356769040;20714
356785713;20715
356802387;20716
356819061;20717
356835734;20718
356852408;20719
356869082;20720
356885755;20721
356902429;20722
356919103;20723
356952450;20724
356969123;20725
356985797;20726
357002471;20727
357019144;20728
357035818;20729
357052492;20730
357069165;20731
357085839;20732
357102513;20733
357119186;20734
357135860;20735
357152533;20736
357169207;20737
357185881;20738
357202554;20739
357219228;20740
357235902;20741
357252575;20742
357269249;20743
357285922;20744
357302596;20745
357319270;20746
357335943;20747
357352617;20748
357369291;20749
357385964;20750
357402638;20751
357419312;20752
357452659;20753
357469333;20754
357486006;20755
357502680;20756
357519353;20757
357536027;20758
357552701;20759
357569374;20760
357586048;20761
357602722;20762
357619395;20763
357636069;20764
357652742;20765
357669416;20766
357686090;20767
357702763;20768
357719437;20769
357736111;20770
357752784;20771
357769458;20772
357786132;20773
357802805;20774
357819479;20775
357836153;20776
357852826;20777
357869500;20778
357886173;20779
357902847;20780
357919521;20781
357952868;20782
357969542;20783
357986215;20784
358002889;20785
358019562;20786
358036236;20787
358052910;20788
358069583;20789
358086257;20790
358102931;20791
358119604;20792
358136278;20793
358152952;20794
358169625;20795
358186299;20796
358202972;20797
358219646;20798
358236320;20799
358252993;20800
358269667;20801
358286341;20802
358303014;20803
358319688;20804
358336361;20805
358353035;20806
358369709;20807
358386382;20808
358403056;20809
358419730;20810
358453077;20811
358469751;20812
358486424;20813
358503098;20814
358519771;20815
358536445;20816
358553119;20817
358569792;20818
358586466;20819
358603140;20820
358619813;20821
358636487;20822
358653161;20823
358669834;20824
358686508;20825
358703181;20826
358719855;20827
358736529;20828
358753202;20829
358769876;20830
358786550;20831
358803223;20832
358819897;20833
358836570;20834
358853244;20835
358869918;20836
358886591;20837
358903265;20838
358919939;20839
358953286;20840
358969960;20841
358986633;20842
359003307;20843
359019981;20844
359036654;20845
359053328;20846
359070001;20847
359086675;20848
359103349;20849
359120022;20850
359136696;20851
359153370;20852
359170043;20853
359186717;20854
359203391;20855
359220064;20856
359236738;20857
359253411;20858
359270085;20859
359286759;20860
359303432;20861
359320106;20862
359336780;20863
359353453;20864
359370127;20865
359386800;20866
359403474;20867
359420148;20868
359453495;20869
359470169;20870
359486842;20871
359503516;20872
359520190;20873
359536863;20874
359553537;20875
359570210;20876
359586884;20877
359603558;20878
359620231;20879
359636905;20880
359653579;20881
359670252;20882
359686926;20883
359703599;20884
359720273;20885
359736947;20886
359753620;20887
359770294;20888
359786968;20889
359803641;20890
359820315;20891
359836989;20892
359853662;20893
359870336;20894
359887009;20895
359903683;20896
359920357;20897
359953704;20898
359970378;20899
359987051;20900
360003725;20901
360020398;20902
360037072;20903
360053746;20904
360070419;20905
360087093;20906
360103767;20907
360120440;20908
360137114;20909
360153788;20910
360170461;20911
360187135;20912
360203809;20913
360220482;20914
360237156;20915
360253829;20916
360270503;20917
360287177;20918
360303850;20919
360320524;20920
360337198;20921
360353871;20922
360370545;20923
360387219;20924
360403892;20925
360420566;20926
360453913;20927
360470587;20928
360487260;20929
360503934;20930
360520608;20931
360537281;20932
360553955;20933
360570629;20934
360587302;20935
360603976;20936
360620649;20937
360637323;20938
360653997;20939
360670670;20940
360687344;20941
360704018;20942
360720691;20943
360737365;20944
360754038;20945
360770712;20946
360787386;20947
360804059;20948
360820733;20949
360837407;20950
360854080;20951
360870754;20952
360887427;20953
360904101;20954
360920775;20955
360954122;20956
360970796;20957
360987469;20958
361004143;20959
361020817;20960
361037490;20961
361054164;20962
361070837;20963
361087511;20964
361104185;20965
361120858;20966
361137532;20967
361154206;20968
361170879;20969
361187553;20970
361204227;20971
361220900;20972
361237574;20973
361254248;20974
361270921;20975
361287595;20976
361304268;20977
361320942;20978
361337616;20979
361354289;20980
361370963;20981
361387637;20982
361404310;20983
361420984;20984
361454331;20985
361471005;20986
361487678;20987
361504352;20988
361521026;20989
361537699;20990
361554373;20991
361571047;20992
361587720;20993
361604394;20994
361621067;20995
361637741;20996
361654415;20997
361671088;20998
361687762;20999
361704436;21000
361721109;21001
361737783;21002
361754457;21003
361771130;21004
361787804;21005
361804477;21006
361821151;21007
361837825;21008
361854498;21009
361871172;21010
361887846;21011
361904519;21012
361921193;21013
361954540;21014
361971214;21015
361987887;21016
362004561;21017
362021235;21018
362037908;21019
362054582;21020
362071256;21021
362087929;21022
362104603;21023
362121277;21024
362137950;21025
362154624;21026
362171297;21027
362187971;21028
362204645;21029
362221318;21030
362237992;21031
362254666;21032
362271339;21033
362288013;21034
362304687;21035
362321360;21036
362338034;21037
362354707;21038
362371381;21039
362388055;21040
362404728;21041
362421402;21042
362454749;21043
362471423;21044
362488096;21045
362504770;21046
362521444;21047
362538117;21048
362554791;21049
362571465;21050
362588138;21051
362604812;21052
362621486;21053
362638159;21054
362654833;21055
362671506;21056
362688180;21057
362704854;21058
362721527;21059
362738201;21060
362754875;21061
362771548;21062
362788222;21063
362804896;21064
362821569;21065
362838243;21066
362854916;21067
362871590;21068
362888264;21069
362904937;21070
362921611;21071
362954958;21072
362971632;21073
362988306;21074
363004979;21075
363021653;21076
363038326;21077
363055000;21078
363071674;21079
363088347;21080
363105021;21081
363121695;21082
363138368;21083
363155042;21084
363171716;21085
363188389;21086
363205063;21087
363221736;21088
363238410;21089
363255084;21090
363271757;21091
363288431;21092
363305105;21093
363321778;21094
363338452;21095
363355125;21096
363371799;21097
363388473;21098
363405146;21099
363421820;21100
363455167;21101
363471841;21102
363488515;21103
363505188;21104
363521862;21105
363538536;21106
363555209;21107
363571883;21108
363588556;21109
363605230;21110
363621904;21111
363638577;21112
363655251;21113
363671925;21114
363688598;21115
363705272;21116
363721946;21117
363738619;21118
363755293;21119
363771966;21120
363788640;21121
363805314;21122
363821987;21123
363838661;21124
363855335;21125
363872008;21126
363888682;21127
363905356;21128
363922029;21129
363955376;21130
363972050;21131
363988724;21132
364005397;21133
364022071;21134
364038745;21135
364055418;21136
364072092;21137
364088765;21138
364105439;21139
364122113;21140
364138786;21141
364155460;21142
364172134;21143
364188807;21144
364205481;21145
364222155;21146
364238828;21147
364255502;21148
364272175;21149
364288849;21150
364305523;21151
364322196;21152
364338870;21153
364355544;21154
364372217;21155
364388891;21156
364405565;21157
364422238;21158
364455586;21159
364472259;21160
364488933;21161
364505606;21162
364522280;21163
364538954;21164
364555627;21165
364572301;21166
364588975;21167
364605648;21168
364622322;21169
364638995;21170
364655669;21171
364672343;21172
364689016;21173
364705690;21174
364722364;21175
364739037;21176
364755711;21177
364772384;21178
364789058;21179
364805732;21180
364822405;21181
364839079;21182
364855753;21183
364872426;21184
364889100;21185
364905774;21186
364922447;21187
364955794;21188
364972468;21189
364989142;21190
365005815;21191
365022489;21192
365039163;21193
365055836;21194
365072510;21195
365089184;21196
365105857;21197
365122531;21198
365139205;21199
365155878;21200
365172552;21201
365189225;21202
365205899;21203
365222573;21204
365239246;21205
365255920;21206
365272594;21207
365289267;21208
365305941;21209
365322614;21210
365339288;21211
365355962;21212
365372635;21213
365389309;21214
365405983;21215
365422656;21216
365456004;21217
365472677;21218
365489351;21219
365506025;21220
365522698;21221
365539372;21222
365556045;21223
365572719;21224
365589393;21225
365606066;21226
365622740;21227
365639414;21228
365656087;21229
365672761;21230
365689434;21231
365706108;21232
365722782;21233
365739455;21234
365756129;21235
365772803;21236
365789476;21237
365806150;21238
365822824;21239
365839497;21240
365856171;21241
365872844;21242
365889518;21243
365906192;21244
365922865;21245
365956213;21246
365972886;21247
365989560;21248
366006234;21249
366022907;21250
366039581;21251
366056254;21252
366072928;21253
366089602;21254
366106275;21255
366122949;21256
366139623;21257
366156296;21258
366172970;21259
366189644;21260
366206317;21261
366222991;21262
366239664;21263
366256338;21264
366273012;21265
366289685;21266
366306359;21267
366323033;21268
366339706;21269
366356380;21270
366373054;21271
366389727;21272
366406401;21273
366423074;21274
366456422;21275
366473095;21276
366489769;21277
366506443;21278
366523116;21279
366539790;21280
366556464;21281
366573137;21282
366589811;21283
366606484;21284
366623158;21285
366639832;21286
366656505;21287
366673179;21288
366689853;21289
366706526;21290
366723200;21291
366739874;21292
366756547;21293
366773221;21294
366789894;21295
366806568;21296
366823242;21297
366839915;21298
366856589;21299
366873263;21300
366889936;21301
366906610;21302
366923284;21303
366956631;21304
366973304;21305
366989978;21306
367006652;21307
367023325;21308
367039999;21309
367056673;21310
367073346;21311
367090020;21312
367106693;21313
367123367;21314
367140041;21315
367156714;21316
367173388;21317
367190062;21318
367206735;21319
367223409;21320
367240083;21321
367256756;21322
367273430;21323
367290104;21324
367306777;21325
367323451;21326
367340124;21327
367356798;21328
367373472;21329
367390145;21330
367406819;21331
367423493;21332
367456840;21333
367473514;21334
367490187;21335
367506861;21336
367523534;21337
367540208;21338
367556882;21339
367573555;21340
367590229;21341
367606903;21342
367623576;21343
367640250;21344
367656924;21345
367673597;21346
367690271;21347
367706944;21348
367723618;21349
367740292;21350
367756965;21351
367773639;21352
367790313;21353
367806986;21354
367823660;21355
367840334;21356
367857007;21357
367873681;21358
367890354;21359
367907028;21360
367923702;21361
367957049;21362
367973723;21363
367990396;21364
368007070;21365
368023744;21366
368040417;21367
368057091;21368
368073764;21369
368090438;21370
368107112;21371
368123785;21372
368140459;21373
368157133;21374
368173806;21375
368190480;21376
368207154;21377
368223827;21378
368240501;21379
368257174;21380
368273848;21381
368290522;21382
368307195;21383
368323869;21384
368340543;21385
368357216;21386
368373890;21387
368390564;21388
368407237;21389
368423911;21390
368457258;21391
368473932;21392
368490605;21393
368507279;21394
368523953;21395
368540626;21396
368557300;21397
368573974;21398
368590647;21399
368607321;21400
368623994;21401
368640668;21402
368657342;21403
368674015;21404
368690689;21405
368707363;21406
368724036;21407
368740710;21408
368757384;21409
368774057;21410
368790731;21411
368807404;21412
368824078;21413
368840752;21414
368857425;21415
368874099;21416
368890773;21417
368907446;21418
368924120;21419
368957467;21420
368974141;21421
368990814;21422
369007488;21423
369024162;21424
369040835;21425
369057509;21426
369074183;21427
369090856;21428
369107530;21429
369124203;21430
369140877;21431
369157551;21432
369174224;21433
369190898;21434
369207572;21435
369224245;21436
369240919;21437
369257593;21438
369274266;21439
369290940;21440
369307613;21441
369324287;21442
369340961;21443
369357634;21444
369374308;21445
369390982;21446
369407655;21447
369424329;21448
369457676;21449
369474350;21450
369491023;21451
369507697;21452
369524371;21453
369541044;21454
369557718;21455
369574392;21456
369591065;21457
369607739;21458
369624413;21459
369641086;21460
369657760;21461
369674434;21462
369691107;21463
369707781;21464
369724454;21465
369741128;21466
369757802;21467
369774475;21468
369791149;21469
369807823;21470
369824496;21471
369841170;21472
369857843;21473
369874517;21474
369891191;21475
369907864;21476
369924538;21477
369957885;21478
369974559;21479
369991233;21480
370007906;21481
370024580;21482
370041253;21483
370057927;21484
370074601;21485
370091274;21486
370107948;21487
370124622;21488
370141295;21489
370157969;21490
370174643;21491
370191316;21492
370207990;21493
370224663;21494
370241337;21495
370258011;21496
370274684;21497
370291358;21498
370308032;21499
370324705;21500
370341379;21501
370358053;21502
370374726;21503
370391400;21504
370408074;21505
370424747;21506
370458094;21507
370474768;21508
370491442;21509
370508115;21510
370524789;21511
370541463;21512
370558136;21513
370574810;21514
370591484;21515
370608157;21516
370624831;21517
370641504;21518
370658178;21519
370674852;21520
370691525;21521
370708199;21522
370724873;21523
370741546;21524
370758220;21525
370774894;21526
370791567;21527
370808241;21528
370824914;21529
370841588;21530
370858262;21531
370874935;21532
370891609;21533
370908283;21534
370924956;21535
370941630;21536
370974977;21537
370991651;21538
371008324;21539
371024998;21540
371041672;21541
371058345;21542
371075019;21543
371091693;21544
371108366;21545
371125040;21546
371141714;21547
371158387;21548
371175061;21549
371191735;21550
371208408;21551
371225082;21552
371241755;21553
371258429;21554
371275103;21555
371291776;21556
371308450;21557
371325124;21558
371341797;21559
371358471;21560
371375144;21561
371391818;21562
371408492;21563
371425165;21564
371441839;21565
371475186;21566
371491860;21567
371508534;21568
371525207;21569
371541881;21570
371558554;21571
371575228;21572
371591902;21573
371608575;21574
371625249;21575
371641923;21576
371658596;21577
371675270;21578
371691944;21579
371708617;21580
371725291;21581
371741965;21582
371758638;21583
371775312;21584
371791985;21585
371808659;21586
371825333;21587
371842006;21588
371858680;21589
371875354;21590
371892027;21591
371908701;21592
371925375;21593
371942048;21594
371975395;21595
371992069;21596
372008743;21597
372025416;21598
372042090;21599
372058764;21600
372075437;21601
372092111;21602
372108785;21603
372125458;21604
372142132;21605
372158805;21606
372175479;21607
372192153;21608
372208826;21609
372225500;21610
372242174;21611
372258847;21612
372275521;21613
372292195;21614
372308868;21615
372325542;21616
372342215;21617
372358889;21618
372375563;21619
372392236;21620
372408910;21621
372425584;21622
372442257;21623
372475605;21624
372492278;21625
372508952;21626
372525625;21627
372542299;21628
372558973;21629
372575646;21630
372592320;21631
372608994;21632
372625667;21633
372642341;21634
372659015;21635
372675688;21636
372692362;21637
372709035;21638
372725709;21639
372742383;21640
372759056;21641
372775730;21642
372792404;21643
372809077;21644
372825751;21645
372842425;21646
372859098;21647
372875772;21648
372892445;21649
372909119;21650
372925793;21651
372942466;21652
372975814;21653
372992487;21654
373009161;21655
373025835;21656
373042508;21657
373059182;21658
373075856;21659
373092529;21660
373109203;21661
373125876;21662
373142550;21663
373159224;21664
373175897;21665
373192571;21666
373209245;21667
373225918;21668
373242592;21669
373259266;21670
373275939;21671
373292613;21672
373309287;21673
373325960;21674
373342634;21675
373359307;21676
373375981;21677
373392655;21678
373409328;21679
373426002;21680
373442676;21681
373476023;21682
373492697;21683
373509370;21684
373526044;21685
373542717;21686
373559391;21687
373576065;21688
373592738;21689
373609412;21690
373626086;21691
373642759;21692
373659433;21693
373676107;21694
373692780;21695
373709454;21696
373726127;21697
373742801;21698
373759475;21699
373776148;21700
373792822;21701
373809496;21702
373826169;21703
373842843;21704
373859517;21705
373876190;21706
373892864;21707
373909537;21708
373926211;21709
373942885;21710
373976232;21711
373992906;21712
374009579;21713
374026253;21714
374042927;21715
374059600;21716
374076274;21717
374092948;21718
374109621;21719
374126295;21720
374142968;21721
374159642;21722
374176316;21723
374192989;21724
374209663;21725
374226337;21726
374243010;21727
374259684;21728
374276358;21729
374293031;21730
374309705;21731
374326379;21732
374343052;21733
374359726;21734
374376399;21735
374393073;21736
374409747;21737
374426420;21738
374443094;21739
374476441;21740
374493115;21741
374509789;21742
374526462;21743
374543136;21744
374559809;21745
374576483;21746
374593157;21747
374609830;21748
374626504;21749
374643178;21750
374659851;21751
374676525;21752
374693199;21753
374709872;21754
374726546;21755
374743219;21756
374759893;21757
374776567;21758
374793240;21759
374809914;21760
374826588;21761
374843261;21762
374859935;21763
374876609;21764
374893282;21765
374909956;21766
374926629;21767
374943303;21768
374976650;21769
374993324;21770
375009998;21771
375026671;21772
375043345;21773
375060019;21774
375076692;21775
375093366;21776
375110040;21777
375126713;21778
375143387;21779
375160060;21780
375176734;21781
375193408;21782
375210081;21783
375226755;21784
375243429;21785
375260102;21786
375276776;21787
375293450;21788
375310123;21789
375326797;21790
375343470;21791
375360144;21792
375376818;21793
375393491;21794
375410165;21795
375426839;21796
375443512;21797
375476860;21798
375493533;21799
375510207;21800
375526881;21801
375543554;21802
375560228;21803
375576901;21804
375593575;21805
375610249;21806
375626922;21807
375643596;21808
375660270;21809
375676943;21810
375693617;21811
375710290;21812
375726964;21813
375743638;21814
375760311;21815
375776985;21816
375793659;21817
375810332;21818
375827006;21819
375843680;21820
375860353;21821
375877027;21822
375893701;21823
375910374;21824
375927048;21825
375943722;21826
375977069;21827
375993742;21828
376010416;21829
376027090;21830
376043763;21831
376060437;21832
376077111;21833
376093784;21834
376110458;21835
376127132;21836
376143805;21837
376160479;21838
376177152;21839
376193826;21840
376210500;21841
376227173;21842
376243847;21843
376260521;21844
376277194;21845
376293868;21846
376310542;21847
376327215;21848
376343889;21849
376360563;21850
376377236;21851
376393910;21852
376410583;21853
376427257;21854
376443931;21855
376477278;21856
376493952;21857
376510625;21858
376527299;21859
376543973;21860
376560646;21861
376577320;21862
376593993;21863
376610667;21864
376627341;21865
376644014;21866
376660688;21867
376677362;21868
376694035;21869
376710709;21870
376727383;21871
376744056;21872
376760730;21873
376777404;21874
376794077;21875
376810751;21876
376827424;21877
376844098;21878
376860772;21879
376877445;21880
376894119;21881
376910793;21882
376927466;21883
376944140;21884
376977487;21885
376994161;21886
377010835;21887
377027508;21888
377044182;21889
377060855;21890
377077529;21891
377094203;21892
377110876;21893
377127550;21894
377144224;21895
377160897;21896
377177571;21897
377194245;21898
377210918;21899
377227592;21900
377244266;21901
377260939;21902
377277613;21903
377294286;21904
377310960;21905
377327634;21906
377344307;21907
377360981;21908
377377655;21909
377394328;21910
377411002;21911
377427676;21912
377444349;21913
377477696;21914
377494370;21915
377511044;21916
377527717;21917
377544391;21918
377561065;21919
377577738;21920
377594412;21921
377611086;21922
377627759;21923
377644433;21924
377661106;21925
377677780;21926
377694454;21927
377711127;21928
377727801;21929
377744475;21930
377761148;21931
377777822;21932
377794496;21933
377811169;21934
377827843;21935
377844517;21936
377861190;21937
377877864;21938
377894537;21939
377911211;21940
377927885;21941
377944558;21942
377977906;21943
377994579;21944
378011253;21945
378027927;21946
378044600;21947
378061274;21948
378077947;21949
378094621;21950
378111295;21951
378127968;21952
378144642;21953
378161316;21954
378177989;21955
378194663;21956
378211337;21957
378228010;21958
378244684;21959
378261358;21960
378278031;21961
378294705;21962
378311378;21963
378328052;21964
378344726;21965
378361399;21966
378378073;21967
378394747;21968
378411420;21969
378428094;21970
378444768;21971
378478115;21972
378494789;21973
378511462;21974
378528136;21975
378544809;21976
378561483;21977
378578157;21978
378594830;21979
378611504;21980
378628178;21981
378644851;21982
378661525;21983
378678198;21984
378694872;21985
378711546;21986
378728219;21987
378744893;21988
378761567;21989
378778240;21990
378794914;21991
378811588;21992
378828261;21993
378844935;21994
378861609;21995
378878282;21996
378894956;21997
378911630;21998
378928303;21999
378944977;22000
378978324;22001
378994998;22002
379011671;22003
379028345;22004
379045019;22005
379061692;22006
379078366;22007
379095039;22008
379111713;22009
-1;-1
-1;-1
-1;-1
-1;-1
-1;-1
-1;-1
-1;-1
-1;-1
-1;-1
-1;-1
-1;-1
-1;-1
-1;-1
-1;-1
-1;-1
-1;-1
-1;-1
-1;-1
-1;-1
-1;-1
-1;-1
-1;-1
-1;-1
-1;-1
-1;-1
-1;-1
-1;-1
-1;-1
-1;-1
-1;-1
-1;-1
-1;-1
-1;-1
-1;-1
-1;-1
-1;-1
-1;-1
-1;-1
-1;-1
-1;-1
-1;-1
-1;-1
-1;-1
-1;-1
-1;-1
-1;-1
-1;-1
-1;-1
-1;-1
-1;-1
-1;-1
-1;-1
-1;-1
-1;-1
-1;-1
-1;-1
-1;-1
-1;-1
-1;-1
-1;-1
-1;-1
-1;-1
-1;-1
-1;-1
-1;-1
-1;-1
-1;-1
-1;-1
-1;-1
-1;-1
-1;-1
-1;-1
-1;-1
-1;-1
-1;-1
-1;-1
-1;-1
-1;-1
-1;-1
-1;-1
-1;-1
-1;-1
-1;-1
-1;-1
-1;-1
-1;-1
-1;-1
-1;-1
-1;-1
-1;-1
-1;-1
-1;-1
-1;-1
-1;-1
-1;-1
-1;-1
-1;-1
-1;-1
-1;-1
-1;-1
-1;-1
-1;-1
-1;-1
-1;-1
-1;-1
-1;-1
-1;-1
-1;-1
-1;-1
-1;-1
-1;-1
-1;-1
-1;-1
-1;-1
-1;-1
-1;-1
-1;-1
-1;-1
-1;-1
-1;-1
-1;-1
-1;-1
-1;-1
-1;-1
-1;-1
-1;-1
-1;-1
-1;-1
-1;-1
-1;-1
-1;-1
-1;-1
-1;-1
-1;-1
-1;-1
-1;-1
-1;-1
-1;-1
-1;-1
-1;-1
-1;-1
-1;-1
-1;-1
-1;-1
-1;-1
-1;-1
-1;-1
-1;-1
-1;-1
-1;-1
-1;-1
-1;-1
-1;-1
-1;-1
-1;-1
-1;-1
-1;-1
-1;-1
-1;-1
-1;-1
-1;-1
-1;-1
-1;-1
-1;-1
-1;-1
-1;-1
-1;-1
