296827276;17238
296843950;17239
296860623;17240
296877297;17241
296893971;17242
296927318;17243
296943991;17244
296960665;17245
296977339;17246
296994012;17247
297010686;17248
297027359;17249
297044033;17250
297060707;17251
297077380;17252
297094054;17253
297110728;17254
297127401;17255
297144075;17256
297160748;17257
297177422;17258
297194096;17259
297210769;17260
297227443;17261
297244116;17262
297260790;17263
297277464;17264
297294137;17265
297310811;17266
297327485;17267
297344158;17268
297360832;17269
297377505;17270
297394179;17271
297427526;17272
297444200;17273
297460874;17274
297477547;17275
297494221;17276
297510894;17277
297527568;17278
297544242;17279
297560915;17280
297577589;17281
297594263;17282
297610936;17283
297627610;17284
297644283;17285
297660957;17286
297677631;17287
297694304;17288
297710978;17289
297727651;17290
297744325;17291
297760999;17292
297777672;17293
297794346;17294
297811020;17295
297827693;17296
297844367;17297
297861040;17298
297877714;17299
297894388;17300
297927735;17301
297944409;17302
297961082;17303
297977756;17304
297994429;17305
298011103;17306
298027777;17307
298044450;17308
298061124;17309
298077798;17310
298094471;17311
298111145;17312
298127818;17313
298144492;17314
298161166;17315
298177839;17316
298194513;17317
298211186;17318
298227860;17319
298244534;17320
298261207;17321
298277881;17322
298294555;17323
298311228;17324
298327902;17325
298344575;17326
298361249;17327
298377923;17328
298394596;17329
298427944;17330
298444617;17331
298461291;17332
298477964;17333
298494638;17334
298511312;17335
298527985;17336
298544659;17337
298561333;17338
298578006;17339
298594680;17340
298611353;17341
298628027;17342
298644701;17343
298661374;17344
298678048;17345
298694721;17346
298711395;17347
298728069;17348
298744742;17349
298761416;17350
298778090;17351
298794763;17352
298811437;17353
298828110;17354
298844784;17355
298861458;17356
298878131;17357
298894805;17358
298928152;17359
298944826;17360
298961499;17361
298978173;17362
298994847;17363
299011520;17364
299028194;17365
299044868;17366
299061541;17367
299078215;17368
299094888;17369
299111562;17370
299128236;17371
299144909;17372
299161583;17373
299178257;17374
299194930;17375
299211604;17376
299228277;17377
299244951;17378
299261625;17379
299278298;17380
299294972;17381
299311646;17382
299328319;17383
299344993;17384
299361666;17385
299378340;17386
299395014;17387
299428361;17388
299445034;17389
299461708;17390
299478382;17391
299495055;17392
299511729;17393
299528403;17394
299545076;17395
299561750;17396
299578423;17397
299595097;17398
299611771;17399
299628444;17400
299645118;17401
299661792;17402
299678465;17403
299695139;17404
299711812;17405
299728486;17406
299745160;17407
299761833;17408
299778507;17409
299795181;17410
299811854;17411
299828528;17412
299845201;17413
299861875;17414
299878549;17415
299895222;17416
299928569;17417
299945243;17418
299961917;17419
299978590;17420
299995264;17421
300011938;17422
300028611;17423
300045285;17424
300061958;17425
300078632;17426
300095306;17427
300111979;17428
300128653;17429
300145327;17430
300162000;17431
300178674;17432
300195347;17433
300212021;17434
300228695;17435
300245368;17436
300262042;17437
300278716;17438
300295389;17439
300312063;17440
300328736;17441
300345410;17442
300362084;17443
300378757;17444
300395431;17445
300428778;17446
300445452;17447
300462125;17448
300478799;17449
300495473;17450
300512146;17451
300528820;17452
300545494;17453
300562167;17454
300578841;17455
300595514;17456
300612188;17457
300628862;17458
300645535;17459
300662209;17460
300678882;17461
300695556;17462
300712230;17463
300728903;17464
300745577;17465
300762251;17466
300778924;17467
300795598;17468
300812272;17469
300828945;17470
300845619;17471
300862292;17472
300878966;17473
300895640;17474
300928987;17475
300945661;17476
300962334;17477
300979008;17478
300995681;17479
301012355;17480
301029029;17481
301045702;17482
301062376;17483
301079049;17484
301095723;17485
301112397;17486
301129070;17487
301145744;17488
301162418;17489
301179091;17490
301195765;17491
301212438;17492
301229112;17493
301245786;17494
301262459;17495
301279133;17496
301295807;17497
301312480;17498
301329154;17499
301345827;17500
301362501;17501
301379175;17502
301395848;17503
301429196;17504
301445869;17505
301462543;17506
301479216;17507
301495890;17508
301512564;17509
301529237;17510
301545911;17511
301562585;17512
301579258;17513
301595932;17514
301612605;17515
301629279;17516
301645953;17517
301662626;17518
301679300;17519
301695974;17520
301712647;17521
301729321;17522
301745994;17523
301762668;17524
301779342;17525
301796015;17526
301812689;17527
301829363;17528
301846036;17529
301862710;17530
301879383;17531
301896057;17532
301929404;17533
301946078;17534
301962752;17535
301979425;17536
301996099;17537
302012772;17538
302029446;17539
302046120;17540
302062793;17541
302079467;17542
302096141;17543
302112814;17544
302129488;17545
302146161;17546
302162835;17547
302179509;17548
302196182;17549
302212856;17550
302229530;17551
302246203;17552
302262877;17553
302279550;17554
302296224;17555
302312898;17556
302329571;17557
302346245;17558
302362918;17559
302379592;17560
302396266;17561
302429613;17562
302446287;17563
302462960;17564
302479634;17565
302496308;17566
302512981;17567
302529655;17568
302546328;17569
302563002;17570
302579676;17571
302596349;17572
302613023;17573
302629696;17574
302646370;17575
302663044;17576
302679717;17577
302696391;17578
302713065;17579
302729738;17580
302746412;17581
302763086;17582
302779759;17583
302796433;17584
302813106;17585
302829780;17586
302846454;17587
302863127;17588
302879801;17589
302896474;17590
302929822;17591
302946495;17592
302963169;17593
302979843;17594
302996516;17595
303013190;17596
303029863;17597
303046537;17598
303063211;17599
303079884;17600
303096558;17601
303113232;17602
303129905;17603
303146579;17604
303163252;17605
303179926;17606
303196600;17607
303213273;17608
303229947;17609
303246621;17610
303263294;17611
303279968;17612
303296641;17613
303313315;17614
303329989;17615
303346662;17616
303363336;17617
303380010;17618
303396683;17619
303430030;17620
303446704;17621
303463378;17622
303480051;17623
303496725;17624
303513399;17625
303530072;17626
303546746;17627
303563419;17628
303580093;17629
303596767;17630
303613440;17631
303630114;17632
303646788;17633
303663461;17634
303680135;17635
303696808;17636
303713482;17637
303730156;17638
303746829;17639
303763503;17640
303780177;17641
303796850;17642
303813524;17643
303830197;17644
303846871;17645
303863545;17646
303880218;17647
303896892;17648
303930239;17649
303946913;17650
303963586;17651
303980260;17652
303996934;17653
304013607;17654
304030281;17655
304046955;17656
304063628;17657
304080302;17658
304096975;17659
304113649;17660
304130323;17661
304146996;17662
304163670;17663
304180344;17664
304197017;17665
304213691;17666
304230364;17667
304247038;17668
304263712;17669
304280385;17670
304297059;17671
304313733;17672
304330406;17673
304347080;17674
304363754;17675
304380427;17676
304397101;17677
304430448;17678
304447122;17679
304463795;17680
304480469;17681
304497142;17682
304513816;17683
304530490;17684
304547163;17685
304563837;17686
304580511;17687
304597184;17688
304613858;17689
304630531;17690
304647205;17691
304663879;17692
304680552;17693
304697226;17694
304713900;17695
304730573;17696
304747247;17697
304763920;17698
304780594;17699
304797268;17700
304813941;17701
304830615;17702
304847289;17703
304863962;17704
304880636;17705
304897309;17706
304930657;17707
304947330;17708
304964004;17709
304980678;17710
304997351;17711
305014025;17712
305030698;17713
305047372;17714
305064046;17715
305080719;17716
305097393;17717
305114067;17718
305130740;17719
305147414;17720
305164087;17721
305180761;17722
305197435;17723
305214108;17724
305230782;17725
305247456;17726
305264129;17727
305280803;17728
305297476;17729
305314150;17730
305330824;17731
305347497;17732
305364171;17733
305380845;17734
305397518;17735
305430866;17736
305447539;17737
305464213;17738
305480886;17739
305497560;17740
305514234;17741
305530907;17742
305547581;17743
305564255;17744
305580928;17745
305597602;17746
305614275;17747
305630949;17748
305647623;17749
305664296;17750
305680970;17751
305697644;17752
305714317;17753
305730991;17754
305747664;17755
305764338;17756
305781012;17757
305797685;17758
305814359;17759
305831033;17760
305847706;17761
305864380;17762
305881053;17763
305897727;17764
305931074;17765
305947748;17766
305964422;17767
305981095;17768
305997769;17769
306014442;17770
306031116;17771
306047790;17772
306064463;17773
306081137;17774
306097811;17775
306114484;17776
306131158;17777
306147832;17778
306164505;17779
306181179;17780
306197852;17781
306214526;17782
306231200;17783
306247873;17784
306264547;17785
306281220;17786
306297894;17787
306314568;17788
306331241;17789
306347915;17790
306364589;17791
306381262;17792
306397936;17793
306431283;17794
306447957;17795
306464630;17796
306481304;17797
306497978;17798
306514651;17799
306531325;17800
306547999;17801
306564672;17802
306581346;17803
306598019;17804
306614693;17805
306631367;17806
306648040;17807
306664714;17808
306681388;17809
306698061;17810
306714735;17811
306731408;17812
306748082;17813
306764756;17814
306781429;17815
306798103;17816
306814777;17817
306831450;17818
306848124;17819
306864797;17820
306881471;17821
306898145;17822
306931492;17823
306948166;17824
306964839;17825
306981513;17826
306998186;17827
307014860;17828
307031534;17829
307048207;17830
307064881;17831
307081555;17832
307098228;17833
307114902;17834
307131575;17835
307148249;17836
307164923;17837
307181596;17838
307198270;17839
307214944;17840
307231617;17841
307248291;17842
307264965;17843
307281638;17844
307298312;17845
307314985;17846
307331659;17847
307348333;17848
307365006;17849
307381680;17850
307398354;17851
307431701;17852
307448374;17853
307465048;17854
307481722;17855
307498395;17856
307515069;17857
307531743;17858
307548416;17859
307565090;17860
307581764;17861
307598437;17862
307615111;17863
307631784;17864
307648458;17865
307665132;17866
307681805;17867
307698479;17868
307715152;17869
307731826;17870
307748500;17871
307765173;17872
307781847;17873
307798521;17874
307815194;17875
307831868;17876
307848542;17877
307865215;17878
307881889;17879
307898562;17880
307931910;17881
307948583;17882
307965257;17883
307981931;17884
307998604;17885
308015278;17886
308031951;17887
308048625;17888
308065299;17889
308081972;17890
308098646;17891
308115320;17892
308131993;17893
308148667;17894
308165340;17895
308182014;17896
308198688;17897
308215361;17898
308232035;17899
308248709;17900
308265382;17901
308282056;17902
308298730;17903
308315403;17904
308332077;17905
308348750;17906
308365424;17907
308382098;17908
308398771;17909
308432119;17910
308448792;17911
308465466;17912
308482139;17913
308498813;17914
308515487;17915
308532160;17916
308548834;17917
308565508;17918
308582181;17919
308598855;17920
308615528;17921
308632202;17922
308648876;17923
308665549;17924
308682223;17925
308698897;17926
308715570;17927
308732244;17928
308748918;17929
308765591;17930
308782265;17931
308798938;17932
308815612;17933
308832286;17934
308848959;17935
308865633;17936
308882307;17937
308898980;17938
308932327;17939
308949001;17940
308965675;17941
308982348;17942
308999022;17943
309015695;17944
309032369;17945
309049043;17946
309065716;17947
309082390;17948
309099064;17949
309115737;17950
309132411;17951
309149085;17952
309165758;17953
309182432;17954
309199106;17955
309215779;17956
309232453;17957
309249126;17958
309265800;17959
309282474;17960
309299147;17961
309315821;17962
309332495;17963
309349168;17964
309365842;17965
309382515;17966
309399189;17967
309432536;17968
309449210;17969
309465884;17970
309482557;17971
309499231;17972
309515904;17973
309532578;17974
309549252;17975
309565925;17976
309582599;17977
309599273;17978
309615946;17979
309632620;17980
309649293;17981
309665967;17982
309682641;17983
309699314;17984
309715988;17985
309732662;17986
309749335;17987
309766009;17988
309782683;17989
309799356;17990
309816030;17991
309832703;17992
309849377;17993
309866051;17994
309882724;17995
309899398;17996
309932745;17997
309949419;17998
309966092;17999
309982766;18000
309999440;18001
310016113;18002
310032787;18003
310049461;18004
310066134;18005
310082808;18006
310099482;18007
310116155;18008
310132829;18009
310149502;18010
310166176;18011
310182850;18012
310199523;18013
310216197;18014
310232871;18015
310249544;18016
310266218;18017
310282891;18018
310299565;18019
310316239;18020
310332912;18021
310349586;18022
310366260;18023
310382933;18024
310399607;18025
310432954;18026
310449628;18027
310466301;18028
310482975;18029
310499649;18030
310516322;18031
310532996;18032
310549669;18033
310566343;18034
310583017;18035
310599690;18036
310616364;18037
310633038;18038
310649711;18039
310666385;18040
310683059;18041
310699732;18042
310716406;18043
310733079;18044
310749753;18045
310766427;18046
310783100;18047
310799774;18048
310816448;18049
310833121;18050
310849795;18051
310866469;18052
310883142;18053
310899816;18054
310933163;18055
310949837;18056
310966510;18057
310983184;18058
310999858;18059
311016531;18060
311033205;18061
311049878;18062
311066552;18063
311083226;18064
311099899;18065
311116573;18066
311133247;18067
311149920;18068
311166594;18069
311183268;18070
311199941;18071
311216615;18072
311233288;18073
311249962;18074
311266636;18075
311283309;18076
311299983;18077
311316656;18078
311333330;18079
311350004;18080
311366677;18081
311383351;18082
311400025;18083
311433372;18084
311450046;18085
311466719;18086
311483393;18087
311500066;18088
311516740;18089
311533414;18090
311550087;18091
311566761;18092
311583435;18093
311600108;18094
311616782;18095
311633456;18096
311650129;18097
311666803;18098
311683476;18099
311700150;18100
311716824;18101
311733497;18102
311750171;18103
311766845;18104
311783518;18105
311800192;18106
311816865;18107
311833539;18108
311850213;18109
311866886;18110
311883560;18111
311900234;18112
311933581;18113
311950255;18114
311966928;18115
311983602;18116
312000275;18117
312016949;18118
312033623;18119
312050296;18120
312066970;18121
312083644;18122
312100317;18123
312116991;18124
312133664;18125
312150338;18126
312167012;18127
312183685;18128
312200359;18129
312217033;18130
312233706;18131
312250380;18132
312267054;18133
312283727;18134
312300401;18135
312317074;18136
312333748;18137
312350422;18138
312367095;18139
312383769;18140
312400443;18141
312433790;18142
312450463;18143
312467137;18144
312483811;18145
312500484;18146
312517158;18147
312533832;18148
312550505;18149
312567179;18150
312583853;18151
312600526;18152
312617200;18153
312633873;18154
312650547;18155
312667221;18156
312683894;18157
312700568;18158
312717242;18159
312733915;18160
312750589;18161
312767262;18162
312783936;18163
312800610;18164
312817283;18165
312833957;18166
312850631;18167
312867304;18168
312883978;18169
312900652;18170
312933999;18171
312950672;18172
312967346;18173
312984020;18174
313000693;18175
313017367;18176
313034041;18177
313050714;18178
313067388;18179
313084061;18180
313100735;18181
313117409;18182
313134082;18183
313150756;18184
313167430;18185
313184103;18186
313200777;18187
313217451;18188
313234124;18189
313250798;18190
313267471;18191
313284145;18192
313300819;18193
313317492;18194
313334166;18195
313350840;18196
313367513;18197
313384187;18198
313400861;18199
313434208;18200
313450881;18201
313467555;18202
313484229;18203
313500902;18204
313517576;18205
313534250;18206
313550923;18207
313567597;18208
313584270;18209
313600944;18210
313617618;18211
313634291;18212
313650965;18213
313667639;18214
313684312;18215
313700986;18216
313717659;18217
313734333;18218
313751007;18219
313767680;18220
313784354;18221
313801028;18222
313817701;18223
313834375;18224
313851049;18225
313867722;18226
313884396;18227
313901069;18228
313934417;18229
313951090;18230
313967764;18231
313984438;18232
314001111;18233
314017785;18234
314034459;18235
314051132;18236
314067806;18237
314084479;18238
314101153;18239
314117827;18240
314134500;18241
314151174;18242
314167848;18243
314184521;18244
314201195;18245
314217869;18246
314234542;18247
314251216;18248
314267889;18249
314284563;18250
314301237;18251
314317910;18252
314334584;18253
314351258;18254
314367931;18255
314384605;18256
314401279;18257
314434626;18258
314451299;18259
314467973;18260
314484647;18261
314501320;18262
314517994;18263
314534668;18264
314551341;18265
314568015;18266
314584688;18267
314601362;18268
314618036;18269
314634709;18270
314651383;18271
314668057;18272
314684730;18273
314701404;18274
314718078;18275
314734751;18276
314751425;18277
314768098;18278
314784772;18279
314801446;18280
314818119;18281
314834793;18282
314851467;18283
314868140;18284
314884814;18285
314901487;18286
314934835;18287
314951508;18288
314968182;18289
314984856;18290
315001529;18291
315018203;18292
315034877;18293
315051550;18294
315068224;18295
315084897;18296
315101571;18297
315118245;18298
315134918;18299
315151592;18300
315168266;18301
315184939;18302
315201613;18303
315218287;18304
315234960;18305
315251634;18306
315268307;18307
315284981;18308
315301655;18309
315318328;18310
315335002;18311
315351676;18312
315368349;18313
315385023;18314
315401697;18315
315435044;18316
315451717;18317
315468391;18318
315485065;18319
315501738;18320
315518412;18321
315535086;18322
315551759;18323
315568433;18324
315585107;18325
315601780;18326
315618454;18327
315635127;18328
315651801;18329
315668475;18330
315685148;18331
315701822;18332
315718496;18333
315735169;18334
315751843;18335
315768517;18336
315785190;18337
315801864;18338
315818537;18339
315835211;18340
315851885;18341
315868558;18342
315885232;18343
315901905;18344
315935253;18345
315951926;18346
315968600;18347
315985274;18348
316001947;18349
316018621;18350
316035295;18351
316051968;18352
316068642;18353
316085315;18354
316101989;18355
316118663;18356
316135336;18357
316152010;18358
316168684;18359
316185357;18360
316202031;18361
316218705;18362
316235378;18363
316252052;18364
316268725;18365
316285399;18366
316302073;18367
316318746;18368
316335420;18369
316352094;18370
316368767;18371
316385441;18372
316402115;18373
316435462;18374
316452135;18375
316468809;18376
316485483;18377
316502156;18378
316518830;18379
316535504;18380
316552177;18381
316568851;18382
316585525;18383
316602198;18384
316618872;18385
316635545;18386
316652219;18387
316668893;18388
316685566;18389
316702240;18390
316718914;18391
316735587;18392
316752261;18393
316768935;18394
316785608;18395
316802282;18396
316818955;18397
316835629;18398
316852303;18399
316868976;18400
316885650;18401
316902324;18402
316935671;18403
316952344;18404
316969018;18405
316985692;18406
317002365;18407
317019039;18408
317035713;18409
317052386;18410
317069060;18411
317085734;18412
317102407;18413
317119081;18414
317135754;18415
317152428;18416
317169102;18417
317185775;18418
317202449;18419
317219123;18420
317235796;18421
317252470;18422
317269144;18423
317285817;18424
317302491;18425
317319165;18426
317335838;18427
317352512;18428
317369185;18429
317385859;18430
317402533;18431
317435880;18432
317452554;18433
317469227;18434
317485901;18435
317502575;18436
317519248;18437
317535922;18438
317552595;18439
317569269;18440
317585943;18441
317602616;18442
317619290;18443
317635963;18444
317652637;18445
317669311;18446
317685985;18447
317702658;18448
317719332;18449
317736005;18450
317752679;18451
317769353;18452
317786026;18453
317802700;18454
317819374;18455
317836047;18456
317852721;18457
317869394;18458
317886068;18459
317902742;18460
317936089;18461
317952763;18462
317969436;18463
317986110;18464
318002783;18465
318019457;18466
318036131;18467
318052804;18468
318069478;18469
318086152;18470
318102825;18471
318119499;18472
318136173;18473
318152846;18474
318169520;18475
318186194;18476
318202867;18477
318219541;18478
318236214;18479
318252888;18480
318269562;18481
318286235;18482
318302909;18483
318319583;18484
318336256;18485
318352930;18486
318369604;18487
318386277;18488
318402951;18489
318436298;18490
318452972;18491
318469645;18492
318486319;18493
318502993;18494
318519666;18495
318536340;18496
318553013;18497
318569687;18498
318586361;18499
318603034;18500
318619708;18501
318636382;18502
318653055;18503
318669729;18504
318686402;18505
318703076;18506
318719750;18507
318736423;18508
318753097;18509
318769771;18510
318786444;18511
318803118;18512
318819792;18513
318836465;18514
318853139;18515
318869813;18516
318886486;18517
318903160;18518
318936507;18519
318953181;18520
318969854;18521
318986528;18522
319003202;18523
319019875;18524
319036549;18525
319053222;18526
319069896;18527
319086570;18528
319103243;18529
319119917;18530
319136591;18531
319153264;18532
319169938;18533
319186612;18534
319203285;18535
319219959;18536
319236633;18537
319253306;18538
319269980;18539
319286653;18540
319303327;18541
319320001;18542
319336674;18543
319353348;18544
319370022;18545
319386695;18546
319403369;18547
319436716;18548
319453390;18549
319470063;18550
319486737;18551
319503411;18552
319520084;18553
319536758;18554
319553432;18555
319570105;18556
319586779;18557
319603452;18558
319620126;18559
319636800;18560
319653473;18561
319670147;18562
319686821;18563
319703494;18564
319720168;18565
319736842;18566
319753515;18567
319770189;18568
319786862;18569
319803536;18570
319820210;18571
319836883;18572
319853557;18573
319870231;18574
319886904;18575
319903578;18576
319936925;18577
319953599;18578
319970272;18579
319986946;18580
320003620;18581
320020293;18582
320036967;18583
320053641;18584
320070314;18585
320086988;18586
320103661;18587
320120335;18588
320137009;18589
320153682;18590
320170356;18591
320187030;18592
320203703;18593
320220377;18594
320237051;18595
320253724;18596
320270398;18597
320287072;18598
320303745;18599
320320419;18600
320337092;18601
320353766;18602
320370440;18603
320387113;18604
320403787;18605
320437134;18606
320453808;18607
320470482;18608
320487155;18609
320503829;18610
320520502;18611
320537176;18612
320553850;18613
320570523;18614
320587197;18615
320603871;18616
320620544;18617
320637218;18618
320653892;18619
320670565;18620
320687239;18621
320703912;18622
320720586;18623
320737260;18624
320753933;18625
320770607;18626
320787281;18627
320803954;18628
320820628;18629
320837301;18630
320853975;18631
320870649;18632
320887322;18633
320903996;18634
320937343;18635
320954017;18636
320970691;18637
320987364;18638
321004038;18639
321020711;18640
321037385;18641
321054059;18642
321070732;18643
321087406;18644
321104080;18645
321120753;18646
321137427;18647
321154101;18648
321170774;18649
321187448;18650
321204122;18651
321220795;18652
321237469;18653
321254142;18654
321270816;18655
321287490;18656
321304163;18657
321320837;18658
321337511;18659
321354184;18660
321370858;18661
321387531;18662
321404205;18663
321437552;18664
321454226;18665
321470900;18666
321487573;18667
321504247;18668
321520920;18669
321537594;18670
321554268;18671
321570941;18672
321587615;18673
321604289;18674
321620962;18675
321637636;18676
321654310;18677
321670983;18678
321687657;18679
321704331;18680
321721004;18681
321737678;18682
321754351;18683
321771025;18684
321787699;18685
321804372;18686
321821046;18687
321837720;18688
321854393;18689
321871067;18690
321887741;18691
321904414;18692
321937761;18693
321954435;18694
321971109;18695
321987782;18696
322004456;18697
322021130;18698
322037803;18699
322054477;18700
322071151;18701
322087824;18702
322104498;18703
322121171;18704
322137845;18705
322154519;18706
322171192;18707
322187866;18708
322204540;18709
322221213;18710
322237887;18711
322254561;18712
322271234;18713
322287908;18714
322304581;18715
322321255;18716
322337929;18717
322354602;18718
322371276;18719
322387950;18720
322404623;18721
322437970;18722
322454644;18723
322471318;18724
322487991;18725
322504665;18726
322521339;18727
322538012;18728
322554686;18729
322571360;18730
322588033;18731
322604707;18732
322621381;18733
322638054;18734
322654728;18735
322671401;18736
322688075;18737
322704749;18738
322721422;18739
322738096;18740
322754770;18741
322771443;18742
322788117;18743
322804791;18744
322821464;18745
322838138;18746
322854811;18747
322871485;18748
322888159;18749
322904832;18750
322938180;18751
322954853;18752
322971527;18753
322988201;18754
323004874;18755
323021548;18756
323038221;18757
323054895;18758
323071569;18759
323088242;18760
323104916;18761
323121590;18762
323138263;18763
323154937;18764
323171610;18765
323188284;18766
323204958;18767
323221631;18768
323238305;18769
323254979;18770
323271652;18771
323288326;18772
323305000;18773
323321673;18774
323338347;18775
323355021;18776
323371694;18777
323388368;18778
323405041;18779
323438389;18780
323455062;18781
323471736;18782
323488410;18783
323505083;18784
323521757;18785
323538431;18786
323555104;18787
323571778;18788
323588451;18789
323605125;18790
323621799;18791
323638472;18792
323655146;18793
323671820;18794
323688493;18795
323705167;18796
323721841;18797
323738514;18798
323755188;18799
323771862;18800
323788535;18801
323805209;18802
323821882;18803
323838556;18804
323855230;18805
323871903;18806
323888577;18807
323905251;18808
323938598;18809
323955272;18810
323971945;18811
323988619;18812
324005292;18813
324021966;18814
324038640;18815
324055313;18816
324071987;18817
324088661;18818
324105334;18819
324122008;18820
324138681;18821
324155355;18822
324172029;18823
324188702;18824
324205376;18825
324222050;18826
324238723;18827
324255397;18828
324272071;18829
324288744;18830
324305418;18831
324322092;18832
324338765;18833
324355439;18834
324372112;18835
324388786;18836
324405460;18837
324438807;18838
324455481;18839
324472154;18840
324488828;18841
324505501;18842
324522175;18843
324538849;18844
324555522;18845
324572196;18846
324588870;18847
324605543;18848
324622217;18849
324638890;18850
324655564;18851
324672238;18852
324688912;18853
324705585;18854
324722259;18855
324738932;18856
324755606;18857
324772280;18858
324788953;18859
324805627;18860
324822301;18861
324838974;18862
324855648;18863
324872322;18864
324888995;18865
324905669;18866
324922342;18867
324955690;18868
324972363;18869
324989037;18870
325005711;18871
325022384;18872
325039058;18873
325055732;18874
325072405;18875
325089079;18876
325105752;18877
325122426;18878
325139100;18879
325155773;18880
325172447;18881
325189121;18882
325205794;18883
325222468;18884
325239141;18885
325255815;18886
325272489;18887
325289162;18888
325305836;18889
325322510;18890
325339183;18891
325355857;18892
325372531;18893
325389204;18894
325405878;18895
325422551;18896
325455899;18897
325472572;18898
325489246;18899
325505920;18900
325522593;18901
325539267;18902
325555941;18903
325572614;18904
325589288;18905
325605961;18906
325622635;18907
325639309;18908
325655982;18909
325672656;18910
325689330;18911
325706003;18912
325722677;18913
325739350;18914
325756024;18915
325772698;18916
325789371;18917
325806045;18918
325822719;18919
325839392;18920
325856066;18921
325872740;18922
325889413;18923
325906087;18924
325922761;18925
325956108;18926
325972781;18927
325989455;18928
326006129;18929
326022802;18930
326039476;18931
326056150;18932
326072823;18933
326089497;18934
326106170;18935
326122844;18936
326139518;18937
326156191;18938
326172865;18939
326189539;18940
326206212;18941
326222886;18942
326239560;18943
326256233;18944
326272907;18945
326289581;18946
326306254;18947
326322928;18948
326339601;18949
326356275;18950
326372949;18951
326389622;18952
326406296;18953
326422970;18954
326456317;18955
326472991;18956
326489664;18957
326506338;18958
326523011;18959
326539685;18960
326556359;18961
326573032;18962
326589706;18963
326606380;18964
326623053;18965
326639727;18966
326656401;18967
326673074;18968
326689748;18969
326706421;18970
326723095;18971
326739769;18972
326756442;18973
326773116;18974
326789790;18975
326806463;18976
326823137;18977
326839810;18978
326856484;18979
326873158;18980
326889831;18981
326906505;18982
326923179;18983
326956526;18984
326973200;18985
326989873;18986
327006547;18987
327023220;18988
327039894;18989
327056568;18990
327073241;18991
327089915;18992
327106589;18993
327123262;18994
327139936;18995
327156610;18996
327173283;18997
327189957;18998
327206631;18999
327223304;19000
327239978;19001
327256651;19002
327273325;19003
327289999;19004
327306672;19005
327323346;19006
327340020;19007
327356693;19008
327373367;19009
327390040;19010
327406714;19011
327423388;19012
327456735;19013
327473409;19014
327490082;19015
327506756;19016
327523430;19017
327540103;19018
327556777;19019
327573451;19020
327590124;19021
327606798;19022
327623471;19023
327640145;19024
327656819;19025
327673492;19026
327690166;19027
327706840;19028
327723513;19029
327740187;19030
327756861;19031
327773534;19032
327790208;19033
327806881;19034
327823555;19035
327840229;19036
327856902;19037
327873576;19038
327890250;19039
327906923;19040
327923597;19041
327956944;19042
327973618;19043
327990291;19044
328006965;19045
328023639;19046
328040312;19047
328056986;19048
328073660;19049
328090333;19050
328107007;19051
328123681;19052
328140354;19053
328157028;19054
328173701;19055
328190375;19056
328207049;19057
328223722;19058
328240396;19059
328257070;19060
328273743;19061
328290417;19062
328307090;19063
328323764;19064
328340438;19065
328357111;19066
328373785;19067
328390459;19068
328407132;19069
328423806;19070
328457153;19071
328473827;19072
328490500;19073
328507174;19074
328523848;19075
328540521;19076
328557195;19077
328573869;19078
328590542;19079
328607216;19080
328623890;19081
328640563;19082
328657237;19083
328673910;19084
328690584;19085
328707258;19086
328723931;19087
328740605;19088
328757279;19089
328773952;19090
328790626;19091
328807300;19092
328823973;19093
328840647;19094
328857321;19095
328873994;19096
328890668;19097
328907341;19098
328924015;19099
328940689;19100
328974036;19101
328990710;19102
329007383;19103
329024057;19104
329040731;19105
329057404;19106
329074078;19107
329090751;19108
329107425;19109
329124099;19110
329140772;19111
329157446;19112
329174120;19113
329190793;19114
329207467;19115
329224140;19116
329240814;19117
329257488;19118
329274161;19119
329290835;19120
329307509;19121
329324182;19122
329340856;19123
329357530;19124
329374203;19125
329390877;19126
329407550;19127
329424224;19128
329440898;19129
329474245;19130
329490919;19131
329507592;19132
329524266;19133
329540940;19134
329557613;19135
329574287;19136
329590960;19137
329607634;19138
329624308;19139
329640981;19140
329657655;19141
329674329;19142
329691002;19143
329707676;19144
329724350;19145
329741023;19146
329757697;19147
329774370;19148
329791044;19149
329807718;19150
329824391;19151
329841065;19152
329857739;19153
329874412;19154
329891086;19155
329907760;19156
329924433;19157
329941107;19158
329974454;19159
329991128;19160
330007801;19161
330024475;19162
330041149;19163
330057822;19164
330074496;19165
330091170;19166
330107843;19167
330124517;19168
330141191;19169
330157864;19170
330174538;19171
330191211;19172
330207885;19173
330224559;19174
330241232;19175
330257906;19176
330274580;19177
330291253;19178
330307927;19179
330324601;19180
330341274;19181
330357948;19182
330374621;19183
330391295;19184
330407969;19185
330424642;19186
330441316;19187
330474663;19188
330491337;19189
330508010;19190
330524684;19191
330541358;19192
330558031;19193
330574705;19194
330591379;19195
330608052;19196
330624726;19197
330641400;19198
330658073;19199
330674747;19200
330691420;19201
330708094;19202
330724768;19203
330741441;19204
330758115;19205
330774789;19206
330791462;19207
330808136;19208
330824810;19209
330841483;19210
330858157;19211
330874830;19212
330891504;19213
330908178;19214
330924851;19215
330941525;19216
330974872;19217
330991546;19218
331008220;19219
331024893;19220
331041567;19221
331058240;19222
331074914;19223
331091588;19224
331108261;19225
331124935;19226
331141609;19227
331158282;19228
331174956;19229
331191630;19230
331208303;19231
331224977;19232
331241650;19233
331258324;19234
331274998;19235
331291671;19236
331308345;19237
331325019;19238
331341692;19239
331358366;19240
331375040;19241
331391713;19242
331408387;19243
331425060;19244
331441734;19245
331475081;19246
331491755;19247
331508429;19248
331525102;19249
331541776;19250
331558449;19251
331575123;19252
331591797;19253
331608470;19254
331625144;19255
331641818;19256
331658491;19257
331675165;19258
331691839;19259
331708512;19260
331725186;19261
331741859;19262
331758533;19263
331775207;19264
331791880;19265
331808554;19266
331825228;19267
331841901;19268
331858575;19269
331875249;19270
331891922;19271
331908596;19272
331925269;19273
331941943;19274
331975290;19275
331991964;19276
332008638;19277
332025311;19278
332041985;19279
332058659;19280
332075332;19281
332092006;19282
332108679;19283
332125353;19284
332142027;19285
332158700;19286
332175374;19287
332192048;19288
332208721;19289
332225395;19290
332242069;19291
332258742;19292
332275416;19293
332292090;19294
332308763;19295
332325437;19296
332342110;19297
332358784;19298
332375458;19299
332392131;19300
332408805;19301
332425479;19302
332442152;19303
332475499;19304
332492173;19305
332508847;19306
332525520;19307
332542194;19308
332558868;19309
332575541;19310
332592215;19311
332608889;19312
332625562;19313
332642236;19314
332658909;19315
332675583;19316
332692257;19317
332708930;19318
332725604;19319
332742278;19320
332758951;19321
332775625;19322
332792299;19323
332808972;19324
332825646;19325
332842319;19326
332858993;19327
332875667;19328
332892340;19329
332909014;19330
332925688;19331
332942361;19332
332975709;19333
332992382;19334
333009056;19335
333025729;19336
333042403;19337
333059077;19338
333075750;19339
333092424;19340
333109098;19341
333125771;19342
333142445;19343
333159118;19344
333175792;19345
333192466;19346
333209139;19347
333225813;19348
333242487;19349
333259160;19350
333275834;19351
333292508;19352
333309181;19353
333325855;19354
333342529;19355
333359202;19356
333375876;19357
333392549;19358
333409223;19359
333425897;19360
333442570;19361
333475918;19362
333492591;19363
333509265;19364
333525938;19365
333542612;19366
333559286;19367
333575959;19368
333592633;19369
333609307;19370
333625980;19371
333642654;19372
333659328;19373
333676001;19374
333692675;19375
333709348;19376
333726022;19377
333742696;19378
333759369;19379
333776043;19380
333792717;19381
333809390;19382
333826064;19383
333842737;19384
333859411;19385
333876085;19386
333892758;19387
333909432;19388
333926106;19389
333942779;19390
333976127;19391
333992800;19392
334009474;19393
334026148;19394
334042821;19395
334059495;19396
334076168;19397
334092842;19398
334109516;19399
334126189;19400
334142863;19401
334159537;19402
334176210;19403
334192884;19404
334209557;19405
334226231;19406
334242905;19407
334259578;19408
334276252;19409
334292926;19410
334309599;19411
334326273;19412
334342946;19413
334359620;19414
334376294;19415
334392967;19416
334409641;19417
334426315;19418
334442988;19419
334476336;19420
334493009;19421
334509683;19422
334526357;19423
334543030;19424
334559704;19425
334576377;19426
334593051;19427
334609725;19428
334626398;19429
334643072;19430
334659746;19431
334676419;19432
334693093;19433
334709766;19434
334726440;19435
334743114;19436
334759787;19437
334776461;19438
334793135;19439
334809808;19440
334826482;19441
334843156;19442
334859829;19443
334876503;19444
334893176;19445
334909850;19446
334926524;19447
334943197;19448
334976545;19449
334993218;19450
335009892;19451
335026566;19452
335043239;19453
335059913;19454
335076586;19455
335093260;19456
335109934;19457
335126607;19458
335143281;19459
335159955;19460
335176628;19461
335193302;19462
335209975;19463
335226649;19464
335243323;19465
335259996;19466
335276670;19467
335293344;19468
335310017;19469
335326691;19470
335343365;19471
335360038;19472
335376712;19473
335393385;19474
335410059;19475
335426733;19476
335443406;19477
335476754;19478
335493427;19479
335510101;19480
335526774;19481
335543448;19482
335560122;19483
335576795;19484
335593469;19485
335610143;19486
335626816;19487
335643490;19488
335660164;19489
335676837;19490
335693511;19491
335710184;19492
335726858;19493
335743532;19494
335760205;19495
335776879;19496
335793553;19497
335810226;19498
335826900;19499
335843574;19500
335860247;19501
335876921;19502
335893594;19503
335910268;19504
335926942;19505
335943615;19506
335976963;19507
335993636;19508
336010310;19509
336026983;19510
336043657;19511
336060331;19512
336077004;19513
336093678;19514
336110352;19515
336127025;19516
336143699;19517
336160372;19518
336177046;19519
336193720;19520
336210393;19521
336227067;19522
336243741;19523
336260414;19524
336277088;19525
336293762;19526
336310435;19527
336327109;19528
336343782;19529
336360456;19530
336377130;19531
336393803;19532
336410477;19533
336427151;19534
336443824;19535
336477172;19536
336493845;19537
336510519;19538
336527192;19539
336543866;19540
336560540;19541
336577213;19542
336593887;19543
336610561;19544
336627234;19545
336643908;19546
336660581;19547
336677255;19548
336693929;19549
336710602;19550
336727276;19551
336743950;19552
336760623;19553
336777297;19554
336793971;19555
336810644;19556
336827318;19557
336843991;19558
336860665;19559
336877339;19560
336894012;19561
336910686;19562
336927360;19563
336944033;19564
336977380;19565
336994054;19566
337010728;19567
337027401;19568
337044075;19569
337060749;19570
337077422;19571
337094096;19572
337110770;19573
337127443;19574
337144117;19575
337160790;19576
337177464;19577
337194138;19578
337210811;19579
337227485;19580
337244159;19581
337260832;19582
337277506;19583
337294180;19584
337310853;19585
337327527;19586
337344200;19587
337360874;19588
337377548;19589
337394221;19590
337410895;19591
337427569;19592
337444242;19593
337477590;19594
337494263;19595
337510937;19596
337527610;19597
337544284;19598
337560958;19599
337577631;19600
337594305;19601
337610979;19602
337627652;19603
337644326;19604
337660999;19605
337677673;19606
337694347;19607
337711020;19608
337727694;19609
337744368;19610
337761041;19611
337777715;19612
337794389;19613
337811062;19614
337827736;19615
337844409;19616
337861083;19617
337877757;19618
337894430;19619
337911104;19620
337927778;19621
337944451;19622
337977798;19623
337994472;19624
338011146;19625
338027819;19626
338044493;19627
338061167;19628
338077840;19629
338094514;19630
338111188;19631
338127861;19632
338144535;19633
338161208;19634
338177882;19635
338194556;19636
338211229;19637
338227903;19638
338244577;19639
338261250;19640
338277924;19641
338294598;19642
338311271;19643
338327945;19644
338344618;19645
338361292;19646
338377966;19647
338394639;19648
338411313;19649
338427987;19650
338444660;19651
338478007;19652
338494681;19653
338511355;19654
338528028;19655
338544702;19656
338561376;19657
338578049;19658
338594723;19659
338611396;19660
338628070;19661
338644744;19662
338661417;19663
338678091;19664
338694765;19665
338711438;19666
338728112;19667
338744786;19668
338761459;19669
338778133;19670
338794806;19671
338811480;19672
338828154;19673
338844827;19674
338861501;19675
338878175;19676
338894848;19677
338911522;19678
338928195;19679
338944869;19680
338978216;19681
338994890;19682
339011564;19683
339028237;19684
339044911;19685
339061585;19686
339078258;19687
339094932;19688
339111605;19689
339128279;19690
339144953;19691
339161626;19692
339178300;19693
339194974;19694
339211647;19695
339228321;19696
339244995;19697
339261668;19698
339278342;19699
339295015;19700
339311689;19701
339328363;19702
339345036;19703
339361710;19704
339378384;19705
339395057;19706
339411731;19707
339428404;19708
339445078;19709
339478425;19710
339495099;19711
339511773;19712
339528446;19713
339545120;19714
339561794;19715
339578467;19716
339595141;19717
339611814;19718
339628488;19719
339645162;19720
339661835;19721
339678509;19722
339695183;19723
339711856;19724
339728530;19725
339745203;19726
339761877;19727
339778551;19728
339795224;19729
339811898;19730
339828571;19731
339845245;19732
339861919;19733
339878592;19734
339895266;19735
339911940;19736
339928613;19737
339945287;19738
339978634;19739
339995308;19740
340011981;19741
340028655;19742
340045329;19743
340062002;19744
340078676;19745
340095350;19746
340112023;19747
340128697;19748
340145370;19749
340162044;19750
340178718;19751
340195391;19752
340212065;19753
340228739;19754
340245412;19755
340262086;19756
340278760;19757
340295433;19758
340312107;19759
340328780;19760
340345454;19761
340362128;19762
340378801;19763
340395475;19764
340412149;19765
340428822;19766
340445496;19767
340478843;19768
340495517;19769
340512190;19770
340528864;19771
340545538;19772
340562211;19773
340578885;19774
340595559;19775
340612232;19776
340628906;19777
340645579;19778
340662253;19779
340678927;19780
340695600;19781
340712274;19782
340728948;19783
340745621;19784
340762295;19785
340778969;19786
340795642;19787
340812316;19788
340828989;19789
340845663;19790
340862337;19791
340879010;19792
340895684;19793
340912357;19794
340929031;19795
340945705;19796
340979052;19797
340995726;19798
341012399;19799
341029073;19800
341045747;19801
341062420;19802
341079094;19803
341095767;19804
341112441;19805
341129115;19806
341145788;19807
341162462;19808
341179136;19809
341195809;19810
341212483;19811
341229156;19812
341245830;19813
341262504;19814
341279177;19815
341295851;19816
341312525;19817
341329198;19818
341345872;19819
341362546;19820
341379219;19821
341395893;19822
341412566;19823
341429240;19824
341445914;19825
341479261;19826
341495935;19827
341512608;19828
341529282;19829
341545955;19830
341562629;19831
341579303;19832
341595976;19833
341612650;19834
341629324;19835
341645997;19836
341662671;19837
341679344;19838
341696018;19839
341712692;19840
341729365;19841
341746039;19842
341762713;19843
341779386;19844
341796060;19845
341812733;19846
341829407;19847
341846081;19848
341862754;19849
341879428;19850
341896102;19851
341912775;19852
341929449;19853
341946123;19854
341979470;19855
341996143;19856
342012817;19857
342029491;19858
342046164;19859
342062838;19860
342079512;19861
342096185;19862
342112859;19863
342129532;19864
342146206;19865
342162880;19866
342179553;19867
342196227;19868
342212901;19869
342229574;19870
342246248;19871
342262921;19872
342279595;19873
342296269;19874
342312942;19875
342329616;19876
342346290;19877
342362963;19878
342379637;19879
342396311;19880
342412984;19881
342429658;19882
342446331;19883
342479679;19884
342496352;19885
342513026;19886
342529700;19887
342546373;19888
342563047;19889
342579720;19890
342596394;19891
342613068;19892
342629741;19893
342646415;19894
342663089;19895
342679762;19896
342696436;19897
342713109;19898
342729783;19899
342746457;19900
342763130;19901
342779804;19902
342796478;19903
342813151;19904
342829825;19905
342846498;19906
342863172;19907
342879846;19908
342896519;19909
342913193;19910
342929867;19911
342946540;19912
342979888;19913
342996561;19914
343013235;19915
343029908;19916
343046582;19917
343063256;19918
343079929;19919
343096603;19920
343113277;19921
343129950;19922
343146624;19923
343163297;19924
343179971;19925
343196645;19926
343213318;19927
343229992;19928
343246666;19929
343263339;19930
343280013;19931
343296686;19932
343313360;19933
343330034;19934
343346707;19935
343363381;19936
343380055;19937
343396728;19938
343413402;19939
343430076;19940
343446749;19941
343480096;19942
343496770;19943
343513444;19944
343530117;19945
343546791;19946
343563465;19947
343580138;19948
343596812;19949
343613485;19950
343630159;19951
343646833;19952
343663506;19953
343680180;19954
343696854;19955
343713527;19956
343730201;19957
343746875;19958
343763548;19959
343780222;19960
343796895;19961
343813569;19962
343830243;19963
343846916;19964
343863590;19965
343880264;19966
343896937;19967
343913611;19968
343930285;19969
343946958;19970
343980305;19971
343996979;19972
344013653;19973
344030326;19974
344047000;19975
344063673;19976
344080347;19977
344097021;19978
344113694;19979
344130368;19980
344147042;19981
344163715;19982
344180389;19983
344197063;19984
344213736;19985
344230410;19986
344247083;19987
344263757;19988
344280431;19989
344297104;19990
344313778;19991
344330452;19992
344347125;19993
344363799;19994
344380472;19995
344397146;19996
344413820;19997
344430493;19998
344447167;19999
344480514;20000
344497188;20001
344513861;20002
344530535;20003
344547209;20004
344563882;20005
344580556;20006
344597230;20007
344613903;20008
344630577;20009
344647250;20010
344663924;20011
344680598;20012
344697271;20013
344713945;20014
344730619;20015
344747292;20016
344763966;20017
344780640;20018
344797313;20019
344813987;20020
344830660;20021
344847334;20022
344864008;20023
344880681;20024
344897355;20025
344914029;20026
344930702;20027
344947376;20028
344964049;20029
344997397;20030
345014070;20031
345030744;20032
345047418;20033
345064091;20034
345080765;20035
345097438;20036
345114112;20037
345130786;20038
345147459;20039
345164133;20040
345180807;20041
345197480;20042
345214154;20043
345230828;20044
345247501;20045
345264175;20046
345280848;20047
345297522;20048
345314196;20049
345330869;20050
345347543;20051
345364217;20052
345380890;20053
345397564;20054
345414237;20055
345430911;20056
345447585;20057
345464258;20058
345497606;20059
345514279;20060
345530953;20061
345547627;20062
345564300;20063
345580974;20064
345597647;20065
345614321;20066
345630995;20067
345647668;20068
345664342;20069
345681016;20070
345697689;20071
345714363;20072
345731036;20073
345747710;20074
345764384;20075
345781057;20076
345797731;20077
345814405;20078
345831078;20079
345847752;20080
345864425;20081
345881099;20082
345897773;20083
345914446;20084
345931120;20085
345947794;20086
345964467;20087
345997815;20088
346014488;20089
346031162;20090
346047835;20091
346064509;20092
346081183;20093
346097856;20094
346114530;20095
346131204;20096
346147877;20097
346164551;20098
346181224;20099
346197898;20100
346214572;20101
346231245;20102
346247919;20103
346264593;20104
346281266;20105
346297940;20106
346314613;20107
346331287;20108
346347961;20109
346364634;20110
346381308;20111
346397982;20112
346414655;20113
346431329;20114
346448003;20115
346464676;20116
346498023;20117
346514697;20118
346531371;20119
346548044;20120
346564718;20121
346581391;20122
346598065;20123
346614739;20124
346631412;20125
346648086;20126
346664760;20127
346681433;20128
346698107;20129
346714781;20130
346731454;20131
346748128;20132
346764801;20133
346781475;20134
346798149;20135
346814822;20136
346831496;20137
346848169;20138
346864843;20139
346881517;20140
346898190;20141
346914864;20142
346931538;20143
346948211;20144
346964885;20145
346998232;20146
347014906;20147
347031579;20148
347048253;20149
347064927;20150
347081600;20151
347098274;20152
347114948;20153
347131621;20154
347148295;20155
347164968;20156
347181642;20157
347198316;20158
347214989;20159
347231663;20160
347248337;20161
347265010;20162
347281684;20163
347298357;20164
347315031;20165
347331705;20166
347348378;20167
347365052;20168
347381726;20169
347398399;20170
347415073;20171
347431747;20172
347448420;20173
347465094;20174
347498441;20175
347515115;20176
347531788;20177
347548462;20178
347565136;20179
347581809;20180
347598483;20181
347615157;20182
347631830;20183
347648504;20184
347665177;20185
347681851;20186
347698525;20187
347715198;20188
347731872;20189
347748546;20190
347765219;20191
347781893;20192
347798566;20193
347815240;20194
347831914;20195
347848587;20196
347865261;20197
347881934;20198
347898608;20199
347915282;20200
347931955;20201
347948629;20202
347965303;20203
347998650;20204
348015324;20205
348031997;20206
348048671;20207
348065345;20208
348082018;20209
348098692;20210
348115365;20211
348132039;20212
348148713;20213
348165386;20214
348182060;20215
348198733;20216
348215407;20217
348232081;20218
348248754;20219
348265428;20220
348282102;20221
348298775;20222
348315449;20223
348332122;20224
348348796;20225
348365470;20226
348382143;20227
348398817;20228
348415491;20229
348432164;20230
348448838;20231
348465512;20232
348498859;20233
348515532;20234
348532206;20235
348548880;20236
348565553;20237
348582227;20238
348598901;20239
348615574;20240
348632248;20241
348648921;20242
348665595;20243
348682269;20244
348698942;20245
348715616;20246
348732290;20247
348748963;20248
348765637;20249
348782310;20250
348798984;20251
348815658;20252
348832331;20253
348849005;20254
348865679;20255
348882352;20256
348899026;20257
348915700;20258
348932373;20259
348949047;20260
348965720;20261
348999068;20262
349015741;20263
349032415;20264
349049089;20265
349065762;20266
349082436;20267
349099109;20268
349115783;20269
349132457;20270
349149130;20271
349165804;20272
349182478;20273
349199151;20274
349215825;20275
349232498;20276
349249172;20277
349265846;20278
349282519;20279
349299193;20280
349315867;20281
349332540;20282
349349214;20283
349365888;20284
349382561;20285
349399235;20286
349415908;20287
349432582;20288
349449256;20289
349465929;20290
349499276;20291
349515950;20292
349532624;20293
349549297;20294
349565971;20295
349582645;20296
349599318;20297
349615992;20298
349632666;20299
349649339;20300
349666013;20301
349682686;20302
349699360;20303
349716034;20304
349732707;20305
349749381;20306
349766054;20307
349782728;20308
349799402;20309
349816075;20310
349832749;20311
349849423;20312
349866096;20313
349882770;20314
349899444;20315
349916117;20316
349932791;20317
349949464;20318
349966138;20319
349999485;20320
350016159;20321
350032833;20322
350049506;20323
350066180;20324
350082854;20325
350099527;20326
350116201;20327
350132874;20328
350149548;20329
350166222;20330
350182895;20331
350199569;20332
350216243;20333
350232916;20334
350249590;20335
350266263;20336
350282937;20337
350299611;20338
350316284;20339
350332958;20340
350349632;20341
350366305;20342
350382979;20343
350399652;20344
350416326;20345
350433000;20346
350449673;20347
350466347;20348
350499694;20349
350516368;20350
350533041;20351
350549715;20352
350566389;20353
350583062;20354
350599736;20355
350616410;20356
350633083;20357
350649757;20358
350666430;20359
350683104;20360
350699778;20361
350716451;20362
350733125;20363
350749799;20364
350766472;20365
350783146;20366
350799819;20367
350816493;20368
350833167;20369
350849840;20370
350866514;20371
350883188;20372
350899861;20373
350916535;20374
350933208;20375
350949882;20376
350966556;20377
350999903;20378
351016577;20379
351033250;20380
351049924;20381
351066598;20382
351083271;20383
351099945;20384
351116618;20385
351133292;20386
351149966;20387
351166639;20388
351183313;20389
351199987;20390
351216660;20391
351233334;20392
351250007;20393
351266681;20394
351283355;20395
351300028;20396
351316702;20397
351333376;20398
351350049;20399
351366723;20400
351383397;20401
351400070;20402
351416744;20403
351433417;20404
351450091;20405
351466765;20406
351500112;20407
351516786;20408
351533459;20409
351550133;20410
351566806;20411
351583480;20412
351600154;20413
351616827;20414
351633501;20415
351650175;20416
351666848;20417
351683522;20418
351700195;20419
351716869;20420
351733543;20421
351750216;20422
351766890;20423
351783564;20424
351800237;20425
351816911;20426
351833584;20427
351850258;20428
351866932;20429
351883605;20430
351900279;20431
351916953;20432
351933626;20433
351950300;20434
351966973;20435
352000321;20436
352016994;20437
352033668;20438
352050342;20439
352067015;20440
352083689;20441
352100362;20442
352117036;20443
352133710;20444
352150383;20445
352167057;20446
352183731;20447
352200404;20448
352217078;20449
352233752;20450
352250425;20451
352267099;20452
352283772;20453
352300446;20454
352317120;20455
352333793;20456
352350467;20457
352367141;20458
352383814;20459
352400488;20460
352417161;20461
352433835;20462
352450509;20463
352467182;20464
352500530;20465
352517203;20466
352533877;20467
352550550;20468
352567224;20469
352583898;20470
352600571;20471
352617245;20472
352633919;20473
352650592;20474
352667266;20475
352683940;20476
352700613;20477
352717287;20478
352733960;20479
352750634;20480
352767308;20481
352783981;20482
352800655;20483
352817329;20484
352834002;20485
352850676;20486
352867349;20487
352884023;20488
352900697;20489
352917370;20490
352934044;20491
352950718;20492
352967391;20493
353000738;20494
353017412;20495
353034086;20496
353050759;20497
353067433;20498
353084107;20499
353100780;20500
353117454;20501
353134127;20502
353150801;20503
353167475;20504
353184148;20505
353200822;20506
353217496;20507
353234169;20508
353250843;20509
353267516;20510
353284190;20511
353300864;20512
353317537;20513
353334211;20514
353350885;20515
353367558;20516
353384232;20517
353400905;20518
353417579;20519
353434253;20520
353450926;20521
353467600;20522
353500947;20523
353517621;20524
353534295;20525
353550968;20526
353567642;20527
353584315;20528
353600989;20529
353617663;20530
353634336;20531
353651010;20532
353667684;20533
353684357;20534
353701031;20535
353717704;20536
353734378;20537
353751052;20538
353767725;20539
353784399;20540
353801073;20541
353817746;20542
353834420;20543
353851093;20544
353867767;20545
353884441;20546
353901114;20547
353917788;20548
353934462;20549
353951135;20550
353967809;20551
354001156;20552
354017830;20553
354034503;20554
354051177;20555
354067851;20556
354084524;20557
354101198;20558
354117871;20559
354134545;20560
354151219;20561
354167892;20562
354184566;20563
354201240;20564
354217913;20565
354234587;20566
354251261;20567
354267934;20568
354284608;20569
354301281;20570
354317955;20571
354334629;20572
354351302;20573
354367976;20574
354384650;20575
354401323;20576
354417997;20577
354434670;20578
354451344;20579
354468018;20580
354501365;20581
354518039;20582
354534712;20583
354551386;20584
354568059;20585
354584733;20586
354601407;20587
354618080;20588
354634754;20589
354651428;20590
354668101;20591
354684775;20592
354701449;20593
354718122;20594
354734796;20595
354751469;20596
354768143;20597
354784817;20598
354801490;20599
354818164;20600
354834838;20601
354851511;20602
354868185;20603
354884858;20604
354901532;20605
354918206;20606
354934879;20607
354951553;20608
354968227;20609
355001574;20610
355018247;20611
355034921;20612
355051595;20613
355068268;20614
355084942;20615
355101616;20616
355118289;20617
355134963;20618
355151637;20619
355168310;20620
355184984;20621
355201657;20622
355218331;20623
355235005;20624
355251678;20625
355268352;20626
355285026;20627
355301699;20628
355318373;20629
355335046;20630
355351720;20631
355368394;20632
355385067;20633
355401741;20634
355418415;20635
355435088;20636
355451762;20637
355468435;20638
355501783;20639
355518456;20640
355535130;20641
355551804;20642
355568477;20643
355585151;20644
355601824;20645
355618498;20646
355635172;20647
355651845;20648
355668519;20649
355685193;20650
355701866;20651
355718540;20652
355735214;20653
355751887;20654
355768561;20655
355785234;20656
355801908;20657
355818582;20658
355835255;20659
355851929;20660
355868602;20661
355885276;20662
355901950;20663
355918623;20664
355935297;20665
355951971;20666
355968644;20667
356001992;20668
356018665;20669
356035339;20670
356052012;20671
356068686;20672
356085360;20673
356102033;20674
356118707;20675
356135381;20676
356152054;20677
356168728;20678
356185401;20679
356202075;20680
356218749;20681
356235422;20682
356252096;20683
356268770;20684
356285443;20685
356302117;20686
356318790;20687
356335464;20688
356352138;20689
356368811;20690
356385485;20691
356402159;20692
356418832;20693
356435506;20694
356452179;20695
356468853;20696
356502200;20697
356518874;20698
356535548;20699
356552221;20700
356568895;20701
356585569;20702
356602242;20703
356618916;20704
356635589;20705
356652263;20706
356668937;20707
356685610;20708
356702284;20709
356718958;20710
356735631;20711
356752305;20712
356768978;20713
356785652;20714
356802326;20715
356818999;20716
356835673;20717
356852347;20718
356869020;20719
356885694;20720
356902367;20721
356919041;20722
356935715;20723
356952388;20724
356969062;20725
357002409;20726
357019083;20727
357035756;20728
357052430;20729
357069104;20730
357085777;20731
357102451;20732
357119125;20733
357135798;20734
357152472;20735
357169146;20736
357185819;20737
357202493;20738
357219166;20739
357235840;20740
357252514;20741
357269187;20742
357285861;20743
357302534;20744
357319208;20745
357335882;20746
357352555;20747
357369229;20748
357385903;20749
357402576;20750
357419250;20751
357435923;20752
357452597;20753
357469271;20754
357502618;20755
357519292;20756
357535965;20757
357552639;20758
357569313;20759
357585986;20760
357602660;20761
357619333;20762
357636007;20763
357652681;20764
357669354;20765
357686028;20766
357702702;20767
357719375;20768
357736049;20769
357752722;20770
357769396;20771
357786070;20772
357802743;20773
357819417;20774
357836091;20775
357852764;20776
357869438;20777
357886111;20778
357902785;20779
357919459;20780
357936132;20781
357952806;20782
357969480;20783
358002827;20784
358019501;20785
358036174;20786
358052848;20787
358069521;20788
358086195;20789
358102869;20790
358119542;20791
358136216;20792
358152890;20793
358169563;20794
358186237;20795
358202910;20796
358219584;20797
358236258;20798
358252931;20799
358269605;20800
358286279;20801
358302952;20802
358319626;20803
358336299;20804
358352973;20805
358369647;20806
358386320;20807
358402994;20808
358419668;20809
358436341;20810
358453015;20811
358469688;20812
358503036;20813
358519709;20814
358536383;20815
358553057;20816
358569730;20817
358586404;20818
358603077;20819
358619751;20820
358636425;20821
358653098;20822
358669772;20823
358686446;20824
358703119;20825
358719793;20826
358736466;20827
358753140;20828
358769814;20829
358786487;20830
358803161;20831
358819835;20832
358836508;20833
358853182;20834
358869856;20835
358886529;20836
358903203;20837
358919876;20838
358936550;20839
358953224;20840
358969897;20841
359003244;20842
359019918;20843
359036592;20844
359053265;20845
359069939;20846
359086613;20847
359103286;20848
359119960;20849
359136634;20850
359153307;20851
359169981;20852
359186654;20853
359203328;20854
359220002;20855
359236675;20856
359253349;20857
359270022;20858
359286696;20859
359303370;20860
359320043;20861
359336717;20862
359353391;20863
359370064;20864
359386738;20865
359403411;20866
359420085;20867
359436759;20868
359453432;20869
359470106;20870
359503453;20871
359520127;20872
359536801;20873
359553474;20874
359570148;20875
359586821;20876
359603495;20877
359620169;20878
359636842;20879
359653516;20880
359670190;20881
359686863;20882
359703537;20883
359720210;20884
359736884;20885
359753558;20886
359770231;20887
359786905;20888
359803579;20889
359820252;20890
359836926;20891
359853599;20892
359870273;20893
359886947;20894
359903620;20895
359920294;20896
359936967;20897
359953641;20898
359970315;20899
360003662;20900
360020336;20901
360037009;20902
360053683;20903
360070357;20904
360087030;20905
360103704;20906
360120377;20907
360137051;20908
360153725;20909
360170398;20910
360187072;20911
360203746;20912
360220419;20913
360237093;20914
360253766;20915
360270440;20916
360287114;20917
360303787;20918
360320461;20919
360337135;20920
360353808;20921
360370482;20922
360387156;20923
360403829;20924
360420503;20925
360437176;20926
360453850;20927
360470524;20928
360503871;20929
360520545;20930
360537218;20931
360553892;20932
360570565;20933
360587239;20934
360603913;20935
360620586;20936
360637260;20937
360653934;20938
360670607;20939
360687281;20940
360703954;20941
360720628;20942
360737302;20943
360753975;20944
360770649;20945
360787323;20946
360803996;20947
360820670;20948
360837343;20949
360854017;20950
360870691;20951
360887364;20952
360904038;20953
360920712;20954
360937385;20955
360954059;20956
360970732;20957
361004080;20958
361020753;20959
361037427;20960
361054101;20961
361070774;20962
361087448;20963
361104122;20964
361120795;20965
361137469;20966
361154142;20967
361170816;20968
361187490;20969
361204163;20970
361220837;20971
361237511;20972
361254184;20973
361270858;20974
361287531;20975
361304205;20976
361320879;20977
361337552;20978
361354226;20979
361370900;20980
361387573;20981
361404247;20982
361420920;20983
361437594;20984
361454268;20985
361470941;20986
361504289;20987
361520962;20988
361537636;20989
361554309;20990
361570983;20991
361587657;20992
361604330;20993
361621004;20994
361637678;20995
361654351;20996
361671025;20997
361687698;20998
361704372;20999
361721046;21000
361737719;21001
361754393;21002
361771067;21003
361787740;21004
361804414;21005
361821088;21006
361837761;21007
361854435;21008
361871108;21009
361887782;21010
361904456;21011
361921129;21012
361937803;21013
361954477;21014
361971150;21015
362004497;21016
362021171;21017
362037845;21018
362054518;21019
362071192;21020
362087866;21021
362104539;21022
362121213;21023
362137886;21024
362154560;21025
362171234;21026
362187907;21027
362204581;21028
362221255;21029
362237928;21030
362254602;21031
362271275;21032
362287949;21033
362304623;21034
362321296;21035
362337970;21036
362354644;21037
362371317;21038
362387991;21039
362404664;21040
362421338;21041
362438012;21042
362454685;21043
362471359;21044
362504706;21045
362521380;21046
362538054;21047
362554727;21048
362571401;21049
362588074;21050
362604748;21051
362621422;21052
362638095;21053
362654769;21054
362671443;21055
362688116;21056
362704790;21057
362721463;21058
362738137;21059
362754811;21060
362771484;21061
362788158;21062
362804832;21063
362821505;21064
362838179;21065
362854853;21066
362871526;21067
362888200;21068
362904873;21069
362921547;21070
362938221;21071
362954894;21072
362971568;21073
363004915;21074
363021589;21075
363038262;21076
363054936;21077
363071610;21078
363088283;21079
363104957;21080
363121631;21081
363138304;21082
363154978;21083
363171651;21084
363188325;21085
363204999;21086
363221672;21087
363238346;21088
363255020;21089
363271693;21090
363288367;21091
363305040;21092
363321714;21093
363338388;21094
363355061;21095
363371735;21096
363388409;21097
363405082;21098
363421756;21099
363438430;21100
363455103;21101
363471777;21102
363505124;21103
363521798;21104
363538471;21105
363555145;21106
363571819;21107
363588492;21108
363605166;21109
363621839;21110
363638513;21111
363655187;21112
363671860;21113
363688534;21114
363705208;21115
363721881;21116
363738555;21117
363755228;21118
363771902;21119
363788576;21120
363805249;21121
363821923;21122
363838597;21123
363855270;21124
363871944;21125
363888617;21126
363905291;21127
363921965;21128
363938638;21129
363955312;21130
363971986;21131
364005333;21132
364022006;21133
364038680;21134
364055354;21135
364072027;21136
364088701;21137
364105375;21138
364122048;21139
364138722;21140
364155396;21141
364172069;21142
364188743;21143
364205416;21144
364222090;21145
364238764;21146
364255437;21147
364272111;21148
364288785;21149
364305458;21150
364322132;21151
364338805;21152
364355479;21153
364372153;21154
364388826;21155
364405500;21156
364422174;21157
364438847;21158
364455521;21159
364472194;21160
364505542;21161
364522215;21162
364538889;21163
364555563;21164
364572236;21165
364588910;21166
364605584;21167
364622257;21168
364638931;21169
364655604;21170
364672278;21171
364688952;21172
364705625;21173
364722299;21174
364738973;21175
364755646;21176
364772320;21177
364788993;21178
364805667;21179
364822341;21180
364839014;21181
364855688;21182
364872362;21183
364889035;21184
364905709;21185
364922382;21186
364939056;21187
364955730;21188
364972403;21189
365005751;21190
365022424;21191
365039098;21192
365055772;21193
365072445;21194
365089119;21195
365105792;21196
365122466;21197
365139140;21198
365155813;21199
365172487;21200
365189161;21201
365205834;21202
365222508;21203
365239181;21204
365255855;21205
365272529;21206
365289202;21207
365305876;21208
365322550;21209
365339223;21210
365355897;21211
365372570;21212
365389244;21213
365405918;21214
365422591;21215
365439265;21216
365455939;21217
365472612;21218
365505959;21219
365522633;21220
365539307;21221
365555980;21222
365572654;21223
365589328;21224
365606001;21225
365622675;21226
365639349;21227
365656022;21228
365672696;21229
365689369;21230
365706043;21231
365722717;21232
365739390;21233
365756064;21234
365772738;21235
365789411;21236
365806085;21237
365822758;21238
365839432;21239
365856106;21240
365872779;21241
365889453;21242
365906127;21243
365922800;21244
365939474;21245
365956147;21246
365972821;21247
366006168;21248
366022842;21249
366039516;21250
366056189;21251
366072863;21252
366089536;21253
366106210;21254
366122884;21255
366139557;21256
366156231;21257
366172905;21258
366189578;21259
366206252;21260
366222925;21261
366239599;21262
366256273;21263
366272946;21264
366289620;21265
366306294;21266
366322967;21267
366339641;21268
366356315;21269
366372988;21270
366389662;21271
366406335;21272
366423009;21273
366439683;21274
366456356;21275
366473030;21276
366506377;21277
366523051;21278
366539724;21279
366556398;21280
366573072;21281
366589745;21282
366606419;21283
366623093;21284
366639766;21285
366656440;21286
366673114;21287
366689787;21288
366706461;21289
366723134;21290
366739808;21291
366756482;21292
366773155;21293
366789829;21294
366806503;21295
366823176;21296
366839850;21297
366856523;21298
366873197;21299
366889871;21300
366906544;21301
366923218;21302
366939892;21303
366956565;21304
366973239;21305
367006586;21306
367023260;21307
367039933;21308
367056607;21309
367073281;21310
367089954;21311
367106628;21312
367123301;21313
367139975;21314
367156649;21315
367173322;21316
367189996;21317
367206670;21318
367223343;21319
367240017;21320
367256691;21321
367273364;21322
367290038;21323
367306712;21324
367323385;21325
367340059;21326
367356732;21327
367373406;21328
367390080;21329
367406753;21330
367423427;21331
367440101;21332
367456774;21333
367473448;21334
367506795;21335
367523469;21336
367540142;21337
367556816;21338
367573490;21339
367590163;21340
367606837;21341
367623510;21342
367640184;21343
367656858;21344
367673531;21345
367690205;21346
367706879;21347
367723552;21348
367740226;21349
367756899;21350
367773573;21351
367790247;21352
367806920;21353
367823594;21354
367840268;21355
367856941;21356
367873615;21357
367890289;21358
367906962;21359
367923636;21360
367940309;21361
367956983;21362
367973657;21363
368007004;21364
368023677;21365
368040351;21366
368057025;21367
368073698;21368
368090372;21369
368107046;21370
368123719;21371
368140393;21372
368157067;21373
368173740;21374
368190414;21375
368207087;21376
368223761;21377
368240435;21378
368257108;21379
368273782;21380
368290456;21381
368307129;21382
368323803;21383
368340477;21384
368357150;21385
368373824;21386
368390497;21387
368407171;21388
368423845;21389
368440518;21390
368457192;21391
368473866;21392
368507213;21393
368523886;21394
368540560;21395
368557234;21396
368573907;21397
368590581;21398
368607255;21399
368623928;21400
368640602;21401
368657276;21402
368673949;21403
368690623;21404
368707296;21405
368723970;21406
368740644;21407
368757317;21408
368773991;21409
368790665;21410
368807338;21411
368824012;21412
368840685;21413
368857359;21414
368874033;21415
368890706;21416
368907380;21417
368924054;21418
368940727;21419
368957401;21420
368974075;21421
369007422;21422
369024095;21423
369040769;21424
369057443;21425
369074116;21426
369090790;21427
369107464;21428
369124137;21429
369140811;21430
369157484;21431
369174158;21432
369190832;21433
369207505;21434
369224179;21435
369240853;21436
369257526;21437
369274200;21438
369290873;21439
369307547;21440
369324221;21441
369340894;21442
369357568;21443
369374242;21444
369390915;21445
369407589;21446
369424262;21447
369440936;21448
369457610;21449
369474283;21450
369507631;21451
369524304;21452
369540978;21453
369557652;21454
369574325;21455
369590999;21456
369607672;21457
369624346;21458
369641020;21459
369657693;21460
369674367;21461
369691041;21462
369707714;21463
369724388;21464
369741061;21465
369757735;21466
369774409;21467
369791082;21468
369807756;21469
369824430;21470
369841103;21471
369857777;21472
369874450;21473
369891124;21474
369907798;21475
369924471;21476
369941145;21477
369957819;21478
369974492;21479
370007840;21480
370024513;21481
370041187;21482
370057860;21483
370074534;21484
370091208;21485
370107881;21486
370124555;21487
370141229;21488
370157902;21489
370174576;21490
370191249;21491
370207923;21492
370224597;21493
370241270;21494
370257944;21495
370274618;21496
370291291;21497
370307965;21498
370324639;21499
370341312;21500
370357986;21501
370374659;21502
370391333;21503
370408007;21504
370424680;21505
370441354;21506
370458028;21507
370474701;21508
370508048;21509
370524722;21510
370541396;21511
370558069;21512
370574743;21513
370591417;21514
370608090;21515
370624764;21516
370641437;21517
370658111;21518
370674785;21519
370691458;21520
370708132;21521
370724806;21522
370741479;21523
370758153;21524
370774827;21525
370791500;21526
370808174;21527
370824847;21528
370841521;21529
370858195;21530
370874868;21531
370891542;21532
370908216;21533
370924889;21534
370941563;21535
370958236;21536
370974910;21537
371008257;21538
371024931;21539
371041605;21540
371058278;21541
371074952;21542
371091626;21543
371108299;21544
371124973;21545
371141646;21546
371158320;21547
371174994;21548
371191667;21549
371208341;21550
371225015;21551
371241688;21552
371258362;21553
371275035;21554
371291709;21555
371308383;21556
371325056;21557
371341730;21558
371358404;21559
371375077;21560
371391751;21561
371408425;21562
371425098;21563
371441772;21564
371458445;21565
371475119;21566
371508466;21567
371525140;21568
371541814;21569
371558487;21570
371575161;21571
371591834;21572
371608508;21573
371625182;21574
371641855;21575
371658529;21576
371675203;21577
371691876;21578
371708550;21579
371725224;21580
371741897;21581
371758571;21582
371775244;21583
371791918;21584
371808592;21585
371825265;21586
371841939;21587
371858613;21588
371875286;21589
371891960;21590
371908633;21591
371925307;21592
371941981;21593
371958654;21594
371975328;21595
372008675;21596
372025349;21597
372042023;21598
372058696;21599
372075370;21600
372092043;21601
372108717;21602
372125391;21603
372142064;21604
372158738;21605
372175412;21606
372192085;21607
372208759;21608
372225432;21609
372242106;21610
372258780;21611
372275453;21612
372292127;21613
372308801;21614
372325474;21615
372342148;21616
372358822;21617
372375495;21618
372392169;21619
372408842;21620
372425516;21621
372442190;21622
372458863;21623
372475537;21624
372508884;21625
372525558;21626
372542231;21627
372558905;21628
372575579;21629
372592252;21630
372608926;21631
372625600;21632
372642273;21633
372658947;21634
372675620;21635
372692294;21636
372708968;21637
372725641;21638
372742315;21639
372758989;21640
372775662;21641
372792336;21642
372809010;21643
372825683;21644
372842357;21645
372859031;21646
372875704;21647
372892378;21648
372909051;21649
372925725;21650
372942399;21651
372959072;21652
372975746;21653
373009093;21654
373025767;21655
373042440;21656
373059114;21657
373075788;21658
373092461;21659
373109135;21660
373125809;21661
373142482;21662
373159156;21663
373175830;21664
373192503;21665
373209177;21666
373225850;21667
373242524;21668
373259198;21669
373275871;21670
373292545;21671
373309219;21672
373325892;21673
373342566;21674
373359240;21675
373375913;21676
373392587;21677
373409260;21678
373425934;21679
373442608;21680
373459281;21681
373475955;21682
373509302;21683
373525976;21684
373542649;21685
373559323;21686
373575997;21687
373592670;21688
373609344;21689
373626018;21690
373642691;21691
373659365;21692
373676039;21693
373692712;21694
373709386;21695
373726059;21696
373742733;21697
373759407;21698
373776080;21699
373792754;21700
373809428;21701
373826101;21702
373842775;21703
373859448;21704
373876122;21705
373892796;21706
373909469;21707
373926143;21708
373942817;21709
373959490;21710
373976164;21711
374009511;21712
374026185;21713
374042858;21714
374059532;21715
374076206;21716
374092879;21717
374109553;21718
374126226;21719
374142900;21720
374159574;21721
374176247;21722
374192921;21723
374209595;21724
374226268;21725
374242942;21726
374259616;21727
374276289;21728
374292963;21729
374309636;21730
374326310;21731
374342984;21732
374359657;21733
374376331;21734
374393005;21735
374409678;21736
374426352;21737
374443026;21738
374459699;21739
374476373;21740
374509720;21741
374526394;21742
374543067;21743
374559741;21744
374576415;21745
374593088;21746
374609762;21747
374626435;21748
374643109;21749
374659783;21750
374676456;21751
374693130;21752
374709804;21753
374726477;21754
374743151;21755
374759825;21756
374776498;21757
374793172;21758
374809845;21759
374826519;21760
374843193;21761
374859866;21762
374876540;21763
374893214;21764
374909887;21765
374926561;21766
374943235;21767
374959908;21768
374976582;21769
375009929;21770
375026603;21771
375043276;21772
375059950;21773
375076624;21774
375093297;21775
375109971;21776
375126645;21777
375143318;21778
375159992;21779
375176665;21780
375193339;21781
375210013;21782
375226686;21783
375243360;21784
375260034;21785
375276707;21786
375293381;21787
375310054;21788
375326728;21789
375343402;21790
375360075;21791
375376749;21792
375393423;21793
375410096;21794
375426770;21795
375443444;21796
375460117;21797
375476791;21798
375510138;21799
375526812;21800
375543485;21801
375560159;21802
375576833;21803
375593506;21804
375610180;21805
375626854;21806
375643527;21807
375660201;21808
375676874;21809
375693548;21810
375710222;21811
375726895;21812
375743569;21813
375760243;21814
375776916;21815
375793590;21816
375810263;21817
375826937;21818
375843611;21819
375860284;21820
375876958;21821
375893632;21822
375910305;21823
375926979;21824
375943653;21825
375960326;21826
375977000;21827
376010347;21828
376027021;21829
376043694;21830
376060368;21831
376077042;21832
376093715;21833
376110389;21834
376127063;21835
376143736;21836
376160410;21837
376177083;21838
376193757;21839
376210431;21840
376227104;21841
376243778;21842
376260452;21843
376277125;21844
376293799;21845
376310472;21846
376327146;21847
376343820;21848
376360493;21849
376377167;21850
376393841;21851
376410514;21852
376427188;21853
376443862;21854
376460535;21855
376477209;21856
376510556;21857
376527230;21858
376543903;21859
376560577;21860
376577251;21861
376593924;21862
376610598;21863
376627272;21864
376643945;21865
376660619;21866
376677292;21867
376693966;21868
376710640;21869
376727313;21870
376743987;21871
376760661;21872
376777334;21873
376794008;21874
376810681;21875
376827355;21876
376844029;21877
376860702;21878
376877376;21879
376894050;21880
376910723;21881
376927397;21882
376944070;21883
376960744;21884
376977418;21885
377010765;21886
377027439;21887
377044112;21888
377060786;21889
377077460;21890
377094133;21891
377110807;21892
377127480;21893
377144154;21894
377160828;21895
377177501;21896
377194175;21897
377210849;21898
377227522;21899
377244196;21900
377260870;21901
377277543;21902
377294217;21903
377310890;21904
377327564;21905
377344238;21906
377360911;21907
377377585;21908
377394259;21909
377410932;21910
377427606;21911
377444280;21912
377460953;21913
377477627;21914
377510974;21915
377527648;21916
377544321;21917
377560995;21918
377577669;21919
377594342;21920
377611016;21921
377627689;21922
377644363;21923
377661037;21924
377677710;21925
377694384;21926
377711058;21927
377727731;21928
377744405;21929
377761079;21930
377777752;21931
377794426;21932
377811099;21933
377827773;21934
377844447;21935
377861120;21936
377877794;21937
377894468;21938
377911141;21939
377927815;21940
377944489;21941
377961162;21942
377977836;21943
378011183;21944
378027857;21945
378044530;21946
378061204;21947
378077878;21948
378094551;21949
378111225;21950
378127898;21951
378144572;21952
378161246;21953
378177919;21954
378194593;21955
378211267;21956
378227940;21957
378244614;21958
378261288;21959
378277961;21960
378294635;21961
378311308;21962
378327982;21963
378344656;21964
378361329;21965
378378003;21966
378394677;21967
378411350;21968
378428024;21969
378444697;21970
378461371;21971
378478045;21972
378511392;21973
378528066;21974
378544739;21975
378561413;21976
378578087;21977
378594760;21978
378611434;21979
378628108;21980
378644781;21981
378661455;21982
378678128;21983
378694802;21984
378711476;21985
378728149;21986
378744823;21987
378761497;21988
378778170;21989
378794844;21990
378811517;21991
378828191;21992
378844865;21993
378861538;21994
378878212;21995
378894886;21996
378911559;21997
378928233;21998
378944907;21999
378961580;22000
378978254;22001
379011601;22002
379028275;22003
379044948;22004
379061622;22005
379078296;22006
379094969;22007
379111643;22008
-1;-1
-1;-1
-1;-1
-1;-1
-1;-1
-1;-1
-1;-1
-1;-1
-1;-1
-1;-1
-1;-1
-1;-1
-1;-1
-1;-1
-1;-1
-1;-1
-1;-1
-1;-1
-1;-1
-1;-1
-1;-1
-1;-1
-1;-1
-1;-1
-1;-1
-1;-1
-1;-1
-1;-1
-1;-1
-1;-1
-1;-1
-1;-1
-1;-1
-1;-1
-1;-1
-1;-1
-1;-1
-1;-1
-1;-1
-1;-1
-1;-1
-1;-1
-1;-1
-1;-1
-1;-1
-1;-1
-1;-1
-1;-1
-1;-1
-1;-1
-1;-1
-1;-1
-1;-1
-1;-1
-1;-1
-1;-1
-1;-1
-1;-1
-1;-1
-1;-1
-1;-1
-1;-1
-1;-1
-1;-1
-1;-1
-1;-1
-1;-1
-1;-1
-1;-1
-1;-1
-1;-1
-1;-1
-1;-1
-1;-1
-1;-1
-1;-1
-1;-1
-1;-1
-1;-1
-1;-1
-1;-1
-1;-1
-1;-1
-1;-1
-1;-1
-1;-1
-1;-1
-1;-1
-1;-1
-1;-1
-1;-1
-1;-1
-1;-1
-1;-1
-1;-1
-1;-1
-1;-1
-1;-1
-1;-1
-1;-1
-1;-1
-1;-1
-1;-1
-1;-1
-1;-1
-1;-1
-1;-1
-1;-1
-1;-1
-1;-1
-1;-1
-1;-1
-1;-1
-1;-1
-1;-1
-1;-1
-1;-1
-1;-1
-1;-1
-1;-1
-1;-1
-1;-1
-1;-1
-1;-1
-1;-1
-1;-1
-1;-1
-1;-1
-1;-1
-1;-1
-1;-1
-1;-1
-1;-1
-1;-1
-1;-1
-1;-1
-1;-1
-1;-1
-1;-1
-1;-1
-1;-1
-1;-1
-1;-1
-1;-1
-1;-1
-1;-1
-1;-1
-1;-1
-1;-1
-1;-1
-1;-1
-1;-1
-1;-1
-1;-1
-1;-1
-1;-1
-1;-1
-1;-1
-1;-1
-1;-1
-1;-1
-1;-1
-1;-1
-1;-1
-1;-1
-1;-1
-1;-1
