296827728;17240
296844402;17241
296861075;17242
296877749;17243
296894423;17244
296911096;17245
296927770;17246
296961117;17247
296977791;17248
296994465;17249
297011138;17250
297027812;17251
297044486;17252
297061160;17253
297077833;17254
297094507;17255
297111180;17256
297127854;17257
297144528;17258
297161201;17259
297177875;17260
297194549;17261
297211222;17262
297227896;17263
297244570;17264
297261243;17265
297277917;17266
297294591;17267
297311265;17268
297327938;17269
297344612;17270
297361286;17271
297377959;17272
297394633;17273
297411307;17274
297427980;17275
297461328;17276
297478001;17277
297494675;17278
297511349;17279
297528022;17280
297544696;17281
297561370;17282
297578043;17283
297594717;17284
297611391;17285
297628064;17286
297644738;17287
297661412;17288
297678085;17289
297694759;17290
297711433;17291
297728106;17292
297744780;17293
297761454;17294
297778127;17295
297794801;17296
297811475;17297
297828148;17298
297844822;17299
297861496;17300
297878169;17301
297894843;17302
297911517;17303
297928190;17304
297961538;17305
297978211;17306
297994885;17307
298011559;17308
298028232;17309
298044906;17310
298061580;17311
298078253;17312
298094927;17313
298111601;17314
298128274;17315
298144948;17316
298161622;17317
298178296;17318
298194969;17319
298211643;17320
298228317;17321
298244990;17322
298261664;17323
298278338;17324
298295011;17325
298311685;17326
298328359;17327
298345032;17328
298361706;17329
298378380;17330
298395053;17331
298411727;17332
298428401;17333
298461748;17334
298478422;17335
298495095;17336
298511769;17337
298528443;17338
298545116;17339
298561790;17340
298578464;17341
298595137;17342
298611811;17343
298628485;17344
298645158;17345
298661832;17346
298678506;17347
298695179;17348
298711853;17349
298728527;17350
298745200;17351
298761874;17352
298778548;17353
298795221;17354
298811895;17355
298828569;17356
298845242;17357
298861916;17358
298878590;17359
298895263;17360
298911937;17361
298928611;17362
298961958;17363
298978632;17364
298995305;17365
299011979;17366
299028653;17367
299045327;17368
299062000;17369
299078674;17370
299095348;17371
299112021;17372
299128695;17373
299145369;17374
299162042;17375
299178716;17376
299195390;17377
299212063;17378
299228737;17379
299245411;17380
299262084;17381
299278758;17382
299295432;17383
299312105;17384
299328779;17385
299345453;17386
299362126;17387
299378800;17388
299395474;17389
299412147;17390
299428821;17391
299462168;17392
299478842;17393
299495516;17394
299512189;17395
299528863;17396
299545537;17397
299562210;17398
299578884;17399
299595558;17400
299612231;17401
299628905;17402
299645579;17403
299662252;17404
299678926;17405
299695600;17406
299712274;17407
299728947;17408
299745621;17409
299762294;17410
299778968;17411
299795642;17412
299812315;17413
299828989;17414
299845663;17415
299862337;17416
299879010;17417
299895684;17418
299912358;17419
299929031;17420
299962379;17421
299979052;17422
299995726;17423
300012400;17424
300029073;17425
300045747;17426
300062421;17427
300079094;17428
300095768;17429
300112442;17430
300129115;17431
300145789;17432
300162463;17433
300179136;17434
300195810;17435
300212484;17436
300229157;17437
300245831;17438
300262505;17439
300279178;17440
300295852;17441
300312526;17442
300329199;17443
300345873;17444
300362547;17445
300379220;17446
300395894;17447
300412568;17448
300429242;17449
300462589;17450
300479263;17451
300495936;17452
300512610;17453
300529284;17454
300545957;17455
300562631;17456
300579305;17457
300595978;17458
300612652;17459
300629326;17460
300645999;17461
300662673;17462
300679347;17463
300696020;17464
300712694;17465
300729368;17466
300746041;17467
300762715;17468
300779389;17469
300796062;17470
300812736;17471
300829410;17472
300846083;17473
300862757;17474
300879431;17475
300896104;17476
300912778;17477
300929452;17478
300962799;17479
300979473;17480
300996146;17481
301012820;17482
301029494;17483
301046167;17484
301062841;17485
301079515;17486
301096188;17487
301112862;17488
301129536;17489
301146209;17490
301162883;17491
301179557;17492
301196231;17493
301212904;17494
301229578;17495
301246252;17496
301262925;17497
301279599;17498
301296273;17499
301312946;17500
301329620;17501
301346294;17502
301362967;17503
301379641;17504
301396315;17505
301412988;17506
301429662;17507
301463009;17508
301479683;17509
301496357;17510
301513030;17511
301529704;17512
301546378;17513
301563051;17514
301579725;17515
301596399;17516
301613072;17517
301629746;17518
301646420;17519
301663093;17520
301679767;17521
301696441;17522
301713114;17523
301729788;17524
301746462;17525
301763135;17526
301779809;17527
301796483;17528
301813157;17529
301829830;17530
301846504;17531
301863178;17532
301879851;17533
301896525;17534
301913198;17535
301929872;17536
301963220;17537
301979893;17538
301996567;17539
302013241;17540
302029914;17541
302046588;17542
302063262;17543
302079935;17544
302096609;17545
302113283;17546
302129956;17547
302146630;17548
302163304;17549
302179977;17550
302196651;17551
302213325;17552
302229998;17553
302246672;17554
302263346;17555
302280019;17556
302296693;17557
302313367;17558
302330040;17559
302346714;17560
302363388;17561
302380061;17562
302396735;17563
302413409;17564
302430083;17565
302463430;17566
302480104;17567
302496777;17568
302513451;17569
302530125;17570
302546798;17571
302563472;17572
302580146;17573
302596819;17574
302613493;17575
302630167;17576
302646840;17577
302663514;17578
302680188;17579
302696861;17580
302713535;17581
302730209;17582
302746882;17583
302763556;17584
302780230;17585
302796903;17586
302813577;17587
302830251;17588
302846924;17589
302863598;17590
302880272;17591
302896945;17592
302913619;17593
302930293;17594
302963640;17595
302980314;17596
302996987;17597
303013661;17598
303030335;17599
303047009;17600
303063682;17601
303080356;17602
303097029;17603
303113703;17604
303130377;17605
303147050;17606
303163724;17607
303180398;17608
303197072;17609
303213745;17610
303230419;17611
303247093;17612
303263766;17613
303280440;17614
303297114;17615
303313787;17616
303330461;17617
303347135;17618
303363808;17619
303380482;17620
303397156;17621
303413829;17622
303430503;17623
303463850;17624
303480524;17625
303497198;17626
303513871;17627
303530545;17628
303547219;17629
303563892;17630
303580566;17631
303597240;17632
303613913;17633
303630587;17634
303647261;17635
303663935;17636
303680608;17637
303697282;17638
303713956;17639
303730629;17640
303747303;17641
303763977;17642
303780650;17643
303797324;17644
303813998;17645
303830671;17646
303847345;17647
303864019;17648
303880692;17649
303897366;17650
303914040;17651
303930713;17652
303964061;17653
303980734;17654
303997408;17655
304014082;17656
304030755;17657
304047429;17658
304064103;17659
304080776;17660
304097450;17661
304114124;17662
304130797;17663
304147471;17664
304164145;17665
304180819;17666
304197492;17667
304214166;17668
304230839;17669
304247513;17670
304264187;17671
304280861;17672
304297534;17673
304314208;17674
304330882;17675
304347555;17676
304364229;17677
304380903;17678
304397576;17679
304414250;17680
304430924;17681
304464271;17682
304480945;17683
304497618;17684
304514292;17685
304530966;17686
304547639;17687
304564313;17688
304580987;17689
304597661;17690
304614334;17691
304631008;17692
304647682;17693
304664355;17694
304681029;17695
304697703;17696
304714376;17697
304731050;17698
304747724;17699
304764397;17700
304781071;17701
304797745;17702
304814418;17703
304831092;17704
304847766;17705
304864439;17706
304881113;17707
304897787;17708
304914460;17709
304931134;17710
304964481;17711
304981155;17712
304997829;17713
305014502;17714
305031176;17715
305047850;17716
305064524;17717
305081197;17718
305097871;17719
305114544;17720
305131218;17721
305147892;17722
305164565;17723
305181239;17724
305197913;17725
305214587;17726
305231260;17727
305247934;17728
305264608;17729
305281281;17730
305297955;17731
305314629;17732
305331302;17733
305347976;17734
305364650;17735
305381323;17736
305397997;17737
305414671;17738
305431344;17739
305464692;17740
305481365;17741
305498039;17742
305514713;17743
305531386;17744
305548060;17745
305564734;17746
305581407;17747
305598081;17748
305614755;17749
305631429;17750
305648102;17751
305664776;17752
305681450;17753
305698123;17754
305714797;17755
305731471;17756
305748144;17757
305764818;17758
305781492;17759
305798165;17760
305814839;17761
305831513;17762
305848186;17763
305864860;17764
305881534;17765
305898207;17766
305914881;17767
305931555;17768
305964902;17769
305981576;17770
305998249;17771
306014923;17772
306031597;17773
306048271;17774
306064944;17775
306081618;17776
306098291;17777
306114965;17778
306131639;17779
306148313;17780
306164986;17781
306181660;17782
306198334;17783
306215007;17784
306231681;17785
306248355;17786
306265028;17787
306281702;17788
306298376;17789
306315049;17790
306331723;17791
306348397;17792
306365070;17793
306381744;17794
306398418;17795
306415091;17796
306431765;17797
306465113;17798
306481786;17799
306498460;17800
306515133;17801
306531807;17802
306548481;17803
306565155;17804
306581828;17805
306598502;17806
306615176;17807
306631849;17808
306648523;17809
306665197;17810
306681870;17811
306698544;17812
306715218;17813
306731891;17814
306748565;17815
306765239;17816
306781912;17817
306798586;17818
306815260;17819
306831933;17820
306848607;17821
306865281;17822
306881954;17823
306898628;17824
306915302;17825
306931976;17826
306965323;17827
306981997;17828
306998670;17829
307015344;17830
307032018;17831
307048691;17832
307065365;17833
307082039;17834
307098712;17835
307115386;17836
307132060;17837
307148733;17838
307165407;17839
307182081;17840
307198754;17841
307215428;17842
307232102;17843
307248775;17844
307265449;17845
307282123;17846
307298796;17847
307315470;17848
307332144;17849
307348817;17850
307365491;17851
307382165;17852
307398839;17853
307415512;17854
307432186;17855
307465533;17856
307482207;17857
307498881;17858
307515554;17859
307532228;17860
307548902;17861
307565575;17862
307582249;17863
307598923;17864
307615596;17865
307632270;17866
307648944;17867
307665617;17868
307682291;17869
307698965;17870
307715638;17871
307732312;17872
307748986;17873
307765660;17874
307782333;17875
307799007;17876
307815681;17877
307832354;17878
307849028;17879
307865702;17880
307882375;17881
307899049;17882
307915723;17883
307932396;17884
307965744;17885
307982417;17886
307999091;17887
308015765;17888
308032438;17889
308049112;17890
308065786;17891
308082459;17892
308099133;17893
308115807;17894
308132481;17895
308149154;17896
308165828;17897
308182501;17898
308199175;17899
308215849;17900
308232523;17901
308249196;17902
308265870;17903
308282544;17904
308299217;17905
308315891;17906
308332565;17907
308349238;17908
308365912;17909
308382586;17910
308399259;17911
308415933;17912
308432607;17913
308465954;17914
308482628;17915
308499301;17916
308515975;17917
308532649;17918
308549323;17919
308565996;17920
308582670;17921
308599344;17922
308616017;17923
308632691;17924
308649365;17925
308666038;17926
308682712;17927
308699386;17928
308716059;17929
308732733;17930
308749407;17931
308766080;17932
308782754;17933
308799428;17934
308816101;17935
308832775;17936
308849449;17937
308866122;17938
308882796;17939
308899470;17940
308916144;17941
308932817;17942
308966165;17943
308982838;17944
308999512;17945
309016186;17946
309032859;17947
309049533;17948
309066207;17949
309082880;17950
309099554;17951
309116228;17952
309132901;17953
309149575;17954
309166249;17955
309182922;17956
309199596;17957
309216270;17958
309232943;17959
309249617;17960
309266291;17961
309282965;17962
309299638;17963
309316312;17964
309332986;17965
309349659;17966
309366333;17967
309383007;17968
309399680;17969
309416354;17970
309433028;17971
309466375;17972
309483049;17973
309499722;17974
309516396;17975
309533070;17976
309549743;17977
309566417;17978
309583091;17979
309599765;17980
309616438;17981
309633112;17982
309649785;17983
309666459;17984
309683133;17985
309699807;17986
309716480;17987
309733154;17988
309749828;17989
309766501;17990
309783175;17991
309799849;17992
309816522;17993
309833196;17994
309849870;17995
309866543;17996
309883217;17997
309899891;17998
309916564;17999
309933238;18000
309966585;18001
309983259;18002
309999933;18003
310016607;18004
310033280;18005
310049954;18006
310066628;18007
310083301;18008
310099975;18009
310116649;18010
310133322;18011
310149996;18012
310166670;18013
310183343;18014
310200017;18015
310216691;18016
310233364;18017
310250038;18018
310266712;18019
310283385;18020
310300059;18021
310316733;18022
310333406;18023
310350080;18024
310366754;18025
310383428;18026
310400101;18027
310416775;18028
310433449;18029
310466796;18030
310483470;18031
310500143;18032
310516817;18033
310533491;18034
310550164;18035
310566838;18036
310583512;18037
310600185;18038
310616859;18039
310633533;18040
310650206;18041
310666880;18042
310683554;18043
310700228;18044
310716901;18045
310733575;18046
310750249;18047
310766922;18048
310783596;18049
310800270;18050
310816943;18051
310833617;18052
310850291;18053
310866964;18054
310883638;18055
310900312;18056
310916985;18057
310933659;18058
310967006;18059
310983680;18060
311000354;18061
311017027;18062
311033701;18063
311050375;18064
311067049;18065
311083722;18066
311100396;18067
311117070;18068
311133743;18069
311150417;18070
311167091;18071
311183764;18072
311200438;18073
311217112;18074
311233785;18075
311250459;18076
311267133;18077
311283806;18078
311300480;18079
311317154;18080
311333827;18081
311350501;18082
311367175;18083
311383848;18084
311400522;18085
311417196;18086
311433870;18087
311467217;18088
311483891;18089
311500564;18090
311517238;18091
311533912;18092
311550585;18093
311567259;18094
311583933;18095
311600606;18096
311617280;18097
311633954;18098
311650627;18099
311667301;18100
311683975;18101
311700649;18102
311717322;18103
311733996;18104
311750670;18105
311767343;18106
311784017;18107
311800691;18108
311817364;18109
311834038;18110
311850712;18111
311867385;18112
311884059;18113
311900733;18114
311917406;18115
311934080;18116
311967427;18117
311984101;18118
312000775;18119
312017448;18120
312034122;18121
312050796;18122
312067470;18123
312084143;18124
312100817;18125
312117491;18126
312134164;18127
312150838;18128
312167512;18129
312184185;18130
312200859;18131
312217533;18132
312234206;18133
312250880;18134
312267554;18135
312284227;18136
312300901;18137
312317575;18138
312334248;18139
312350922;18140
312367596;18141
312384269;18142
312400943;18143
312417617;18144
312434291;18145
312467638;18146
312484312;18147
312500985;18148
312517659;18149
312534333;18150
312551006;18151
312567680;18152
312584354;18153
312601027;18154
312617701;18155
312634375;18156
312651048;18157
312667722;18158
312684396;18159
312701070;18160
312717743;18161
312734417;18162
312751090;18163
312767764;18164
312784438;18165
312801112;18166
312817785;18167
312834459;18168
312851133;18169
312867806;18170
312884480;18171
312901154;18172
312917827;18173
312934501;18174
312967848;18175
312984522;18176
313001196;18177
313017869;18178
313034543;18179
313051217;18180
313067891;18181
313084564;18182
313101238;18183
313117912;18184
313134585;18185
313151259;18186
313167933;18187
313184606;18188
313201280;18189
313217954;18190
313234627;18191
313251301;18192
313267975;18193
313284648;18194
313301322;18195
313317996;18196
313334670;18197
313351343;18198
313368017;18199
313384691;18200
313401364;18201
313418038;18202
313434712;18203
313468059;18204
313484733;18205
313501406;18206
313518080;18207
313534754;18208
313551427;18209
313568101;18210
313584775;18211
313601448;18212
313618122;18213
313634796;18214
313651469;18215
313668143;18216
313684817;18217
313701490;18218
313718164;18219
313734838;18220
313751512;18221
313768185;18222
313784859;18223
313801533;18224
313818206;18225
313834880;18226
313851554;18227
313868227;18228
313884901;18229
313901575;18230
313918248;18231
313934922;18232
313968269;18233
313984943;18234
314001617;18235
314018291;18236
314034964;18237
314051638;18238
314068312;18239
314084985;18240
314101659;18241
314118333;18242
314135006;18243
314151680;18244
314168354;18245
314185027;18246
314201701;18247
314218375;18248
314235049;18249
314251722;18250
314268396;18251
314285069;18252
314301743;18253
314318417;18254
314335091;18255
314351764;18256
314368438;18257
314385112;18258
314401785;18259
314418459;18260
314435133;18261
314468480;18262
314485154;18263
314501827;18264
314518501;18265
314535175;18266
314551849;18267
314568522;18268
314585196;18269
314601870;18270
314618543;18271
314635217;18272
314651891;18273
314668564;18274
314685238;18275
314701912;18276
314718585;18277
314735259;18278
314751933;18279
314768606;18280
314785280;18281
314801954;18282
314818627;18283
314835301;18284
314851975;18285
314868649;18286
314885322;18287
314901996;18288
314918670;18289
314935343;18290
314968691;18291
314985364;18292
315002038;18293
315018712;18294
315035385;18295
315052059;18296
315068733;18297
315085406;18298
315102080;18299
315118754;18300
315135427;18301
315152101;18302
315168775;18303
315185449;18304
315202122;18305
315218796;18306
315235470;18307
315252143;18308
315268817;18309
315285491;18310
315302164;18311
315318838;18312
315335512;18313
315352185;18314
315368859;18315
315385533;18316
315402206;18317
315418880;18318
315435554;18319
315468901;18320
315485575;18321
315502249;18322
315518922;18323
315535596;18324
315552270;18325
315568943;18326
315585617;18327
315602291;18328
315618964;18329
315635638;18330
315652312;18331
315668985;18332
315685659;18333
315702333;18334
315719007;18335
315735680;18336
315752354;18337
315769028;18338
315785701;18339
315802375;18340
315819049;18341
315835722;18342
315852396;18343
315869070;18344
315885743;18345
315902417;18346
315919091;18347
315935764;18348
315969112;18349
315985786;18350
316002459;18351
316019133;18352
316035807;18353
316052480;18354
316069154;18355
316085828;18356
316102501;18357
316119175;18358
316135849;18359
316152522;18360
316169196;18361
316185870;18362
316202543;18363
316219217;18364
316235891;18365
316252565;18366
316269238;18367
316285912;18368
316302586;18369
316319259;18370
316335933;18371
316352607;18372
316369280;18373
316385954;18374
316402628;18375
316419301;18376
316435975;18377
316469322;18378
316485996;18379
316502670;18380
316519343;18381
316536017;18382
316552691;18383
316569365;18384
316586038;18385
316602712;18386
316619386;18387
316636059;18388
316652733;18389
316669407;18390
316686080;18391
316702754;18392
316719428;18393
316736101;18394
316752775;18395
316769449;18396
316786122;18397
316802796;18398
316819470;18399
316836144;18400
316852817;18401
316869491;18402
316886165;18403
316902838;18404
316919512;18405
316936186;18406
316969533;18407
316986207;18408
317002880;18409
317019554;18410
317036228;18411
317052902;18412
317069575;18413
317086249;18414
317102923;18415
317119596;18416
317136270;18417
317152944;18418
317169617;18419
317186291;18420
317202965;18421
317219638;18422
317236312;18423
317252986;18424
317269659;18425
317286333;18426
317303007;18427
317319680;18428
317336354;18429
317353028;18430
317369701;18431
317386375;18432
317403049;18433
317419723;18434
317436396;18435
317469744;18436
317486417;18437
317503091;18438
317519765;18439
317536438;18440
317553112;18441
317569786;18442
317586460;18443
317603133;18444
317619807;18445
317636480;18446
317653154;18447
317669828;18448
317686502;18449
317703175;18450
317719849;18451
317736523;18452
317753196;18453
317769870;18454
317786544;18455
317803217;18456
317819891;18457
317836565;18458
317853238;18459
317869912;18460
317886586;18461
317903260;18462
317919933;18463
317936607;18464
317969954;18465
317986628;18466
318003302;18467
318019975;18468
318036649;18469
318053323;18470
318069996;18471
318086670;18472
318103344;18473
318120017;18474
318136691;18475
318153365;18476
318170038;18477
318186712;18478
318203386;18479
318220060;18480
318236733;18481
318253407;18482
318270081;18483
318286754;18484
318303428;18485
318320102;18486
318336775;18487
318353449;18488
318370123;18489
318386796;18490
318403470;18491
318420144;18492
318436818;18493
318470165;18494
318486839;18495
318503512;18496
318520186;18497
318536860;18498
318553533;18499
318570207;18500
318586881;18501
318603554;18502
318620228;18503
318636902;18504
318653575;18505
318670249;18506
318686923;18507
318703597;18508
318720270;18509
318736944;18510
318753618;18511
318770291;18512
318786965;18513
318803639;18514
318820312;18515
318836986;18516
318853660;18517
318870333;18518
318887007;18519
318903681;18520
318920354;18521
318937028;18522
318970376;18523
318987049;18524
319003723;18525
319020397;18526
319037070;18527
319053744;18528
319070418;18529
319087091;18530
319103765;18531
319120439;18532
319137112;18533
319153786;18534
319170460;18535
319187133;18536
319203807;18537
319220481;18538
319237154;18539
319253828;18540
319270502;18541
319287176;18542
319303849;18543
319320523;18544
319337197;18545
319353870;18546
319370544;18547
319387218;18548
319403891;18549
319420565;18550
319437239;18551
319470586;18552
319487260;18553
319503933;18554
319520607;18555
319537281;18556
319553955;18557
319570628;18558
319587302;18559
319603976;18560
319620649;18561
319637323;18562
319653997;18563
319670670;18564
319687344;18565
319704018;18566
319720691;18567
319737365;18568
319754039;18569
319770712;18570
319787386;18571
319804060;18572
319820734;18573
319837407;18574
319854081;18575
319870755;18576
319887428;18577
319904102;18578
319920776;18579
319937449;18580
319970797;18581
319987470;18582
320004144;18583
320020818;18584
320037491;18585
320054165;18586
320070839;18587
320087513;18588
320104186;18589
320120860;18590
320137534;18591
320154207;18592
320170881;18593
320187555;18594
320204228;18595
320220902;18596
320237576;18597
320254249;18598
320270923;18599
320287597;18600
320304271;18601
320320944;18602
320337618;18603
320354292;18604
320370965;18605
320387639;18606
320404313;18607
320420986;18608
320437660;18609
320471007;18610
320487681;18611
320504355;18612
320521028;18613
320537702;18614
320554376;18615
320571049;18616
320587723;18617
320604397;18618
320621071;18619
320637744;18620
320654418;18621
320671092;18622
320687765;18623
320704439;18624
320721113;18625
320737786;18626
320754460;18627
320771134;18628
320787807;18629
320804481;18630
320821155;18631
320837829;18632
320854502;18633
320871176;18634
320887850;18635
320904523;18636
320921197;18637
320937871;18638
320971218;18639
320987892;18640
321004565;18641
321021239;18642
321037913;18643
321054586;18644
321071260;18645
321087934;18646
321104607;18647
321121281;18648
321137955;18649
321154629;18650
321171302;18651
321187976;18652
321204650;18653
321221323;18654
321237997;18655
321254671;18656
321271344;18657
321288018;18658
321304692;18659
321321365;18660
321338039;18661
321354713;18662
321371387;18663
321388060;18664
321404734;18665
321421408;18666
321438081;18667
321471429;18668
321488102;18669
321504776;18670
321521450;18671
321538123;18672
321554797;18673
321571471;18674
321588144;18675
321604818;18676
321621492;18677
321638166;18678
321654839;18679
321671513;18680
321688187;18681
321704860;18682
321721534;18683
321738208;18684
321754881;18685
321771555;18686
321788229;18687
321804902;18688
321821576;18689
321838250;18690
321854923;18691
321871597;18692
321888271;18693
321904945;18694
321921618;18695
321938292;18696
321971639;18697
321988313;18698
322004987;18699
322021660;18700
322038334;18701
322055008;18702
322071681;18703
322088355;18704
322105029;18705
322121703;18706
322138376;18707
322155050;18708
322171724;18709
322188397;18710
322205071;18711
322221745;18712
322238418;18713
322255092;18714
322271766;18715
322288439;18716
322305113;18717
322321787;18718
322338460;18719
322355134;18720
322371808;18721
322388481;18722
322405155;18723
322421829;18724
322438503;18725
322471850;18726
322488524;18727
322505197;18728
322521871;18729
322538545;18730
322555218;18731
322571892;18732
322588566;18733
322605239;18734
322621913;18735
322638587;18736
322655261;18737
322671934;18738
322688608;18739
322705282;18740
322721955;18741
322738629;18742
322755303;18743
322771976;18744
322788650;18745
322805324;18746
322821997;18747
322838671;18748
322855345;18749
322872018;18750
322888692;18751
322905366;18752
322922040;18753
322938713;18754
322955387;18755
322988734;18756
323005408;18757
323022082;18758
323038755;18759
323055429;18760
323072103;18761
323088776;18762
323105450;18763
323122124;18764
323138798;18765
323155471;18766
323172145;18767
323188819;18768
323205492;18769
323222166;18770
323238840;18771
323255513;18772
323272187;18773
323288861;18774
323305534;18775
323322208;18776
323338882;18777
323355555;18778
323372229;18779
323388903;18780
323405577;18781
323422250;18782
323438924;18783
323455598;18784
323488945;18785
323505619;18786
323522292;18787
323538966;18788
323555640;18789
323572313;18790
323588987;18791
323605661;18792
323622334;18793
323639008;18794
323655682;18795
323672356;18796
323689029;18797
323705703;18798
323722377;18799
323739050;18800
323755724;18801
323772398;18802
323789071;18803
323805745;18804
323822419;18805
323839092;18806
323855766;18807
323872440;18808
323889114;18809
323905787;18810
323922461;18811
323939135;18812
323955808;18813
323989156;18814
324005829;18815
324022503;18816
324039177;18817
324055850;18818
324072524;18819
324089198;18820
324105871;18821
324122545;18822
324139219;18823
324155893;18824
324172566;18825
324189240;18826
324205914;18827
324222587;18828
324239261;18829
324255935;18830
324272608;18831
324289282;18832
324305956;18833
324322629;18834
324339303;18835
324355977;18836
324372650;18837
324389324;18838
324405998;18839
324422671;18840
324439345;18841
324456019;18842
324489366;18843
324506040;18844
324522714;18845
324539387;18846
324556061;18847
324572735;18848
324589408;18849
324606082;18850
324622756;18851
324639430;18852
324656103;18853
324672777;18854
324689451;18855
324706124;18856
324722798;18857
324739472;18858
324756145;18859
324772819;18860
324789493;18861
324806166;18862
324822840;18863
324839514;18864
324856187;18865
324872861;18866
324889535;18867
324906209;18868
324922882;18869
324939556;18870
324956230;18871
324989577;18872
325006251;18873
325022924;18874
325039598;18875
325056272;18876
325072945;18877
325089619;18878
325106293;18879
325122966;18880
325139640;18881
325156314;18882
325172987;18883
325189661;18884
325206335;18885
325223009;18886
325239682;18887
325256356;18888
325273030;18889
325289703;18890
325306377;18891
325323051;18892
325339724;18893
325356398;18894
325373072;18895
325389745;18896
325406419;18897
325423093;18898
325439767;18899
325456440;18900
325489788;18901
325506461;18902
325523135;18903
325539809;18904
325556482;18905
325573156;18906
325589830;18907
325606503;18908
325623177;18909
325639851;18910
325656524;18911
325673198;18912
325689872;18913
325706546;18914
325723219;18915
325739893;18916
325756567;18917
325773240;18918
325789914;18919
325806588;18920
325823261;18921
325839935;18922
325856609;18923
325873282;18924
325889956;18925
325906630;18926
325923304;18927
325939977;18928
325956651;18929
325989998;18930
326006672;18931
326023346;18932
326040019;18933
326056693;18934
326073367;18935
326090040;18936
326106714;18937
326123388;18938
326140061;18939
326156735;18940
326173409;18941
326190083;18942
326206756;18943
326223430;18944
326240104;18945
326256777;18946
326273451;18947
326290125;18948
326306798;18949
326323472;18950
326340146;18951
326356819;18952
326373493;18953
326390167;18954
326406840;18955
326423514;18956
326440188;18957
326456861;18958
326490209;18959
326506883;18960
326523556;18961
326540230;18962
326556904;18963
326573577;18964
326590251;18965
326606925;18966
326623598;18967
326640272;18968
326656946;18969
326673619;18970
326690293;18971
326706967;18972
326723641;18973
326740314;18974
326756988;18975
326773662;18976
326790335;18977
326807009;18978
326823683;18979
326840356;18980
326857030;18981
326873704;18982
326890377;18983
326907051;18984
326923725;18985
326940399;18986
326957072;18987
326990419;18988
327007093;18989
327023767;18990
327040441;18991
327057114;18992
327073788;18993
327090462;18994
327107135;18995
327123809;18996
327140483;18997
327157156;18998
327173830;18999
327190504;19000
327207178;19001
327223851;19002
327240525;19003
327257199;19004
327273872;19005
327290546;19006
327307220;19007
327323893;19008
327340567;19009
327357241;19010
327373914;19011
327390588;19012
327407262;19013
327423935;19014
327440609;19015
327457283;19016
327490630;19017
327507304;19018
327523978;19019
327540651;19020
327557325;19021
327573999;19022
327590672;19023
327607346;19024
327624020;19025
327640693;19026
327657367;19027
327674041;19028
327690714;19029
327707388;19030
327724062;19031
327740735;19032
327757409;19033
327774083;19034
327790757;19035
327807430;19036
327824104;19037
327840778;19038
327857451;19039
327874125;19040
327890799;19041
327907472;19042
327924146;19043
327940820;19044
327957493;19045
327990841;19046
328007514;19047
328024188;19048
328040862;19049
328057536;19050
328074209;19051
328090883;19052
328107557;19053
328124230;19054
328140904;19055
328157578;19056
328174251;19057
328190925;19058
328207599;19059
328224272;19060
328240946;19061
328257620;19062
328274293;19063
328290967;19064
328307641;19065
328324315;19066
328340988;19067
328357662;19068
328374336;19069
328391009;19070
328407683;19071
328424357;19072
328441030;19073
328457704;19074
328491051;19075
328507725;19076
328524399;19077
328541073;19078
328557746;19079
328574420;19080
328591094;19081
328607767;19082
328624441;19083
328641115;19084
328657788;19085
328674462;19086
328691136;19087
328707809;19088
328724483;19089
328741157;19090
328757831;19091
328774504;19092
328791178;19093
328807852;19094
328824525;19095
328841199;19096
328857873;19097
328874546;19098
328891220;19099
328907894;19100
328924567;19101
328941241;19102
328957915;19103
328991262;19104
329007936;19105
329024610;19106
329041283;19107
329057957;19108
329074631;19109
329091304;19110
329107978;19111
329124652;19112
329141325;19113
329157999;19114
329174673;19115
329191346;19116
329208020;19117
329224694;19118
329241367;19119
329258041;19120
329274715;19121
329291389;19122
329308062;19123
329324736;19124
329341410;19125
329358083;19126
329374757;19127
329391431;19128
329408104;19129
329424778;19130
329441452;19131
329458125;19132
329491473;19133
329508146;19134
329524820;19135
329541494;19136
329558168;19137
329574841;19138
329591515;19139
329608189;19140
329624862;19141
329641536;19142
329658210;19143
329674883;19144
329691557;19145
329708231;19146
329724904;19147
329741578;19148
329758252;19149
329774925;19150
329791599;19151
329808273;19152
329824947;19153
329841620;19154
329858294;19155
329874968;19156
329891641;19157
329908315;19158
329924989;19159
329941662;19160
329958336;19161
329975010;19162
330008357;19163
330025031;19164
330041705;19165
330058378;19166
330075052;19167
330091726;19168
330108399;19169
330125073;19170
330141747;19171
330158420;19172
330175094;19173
330191768;19174
330208441;19175
330225115;19176
330241789;19177
330258462;19178
330275136;19179
330291810;19180
330308484;19181
330325157;19182
330341831;19183
330358505;19184
330375178;19185
330391852;19186
330408526;19187
330425199;19188
330441873;19189
330458547;19190
330475220;19191
330508568;19192
330525241;19193
330541915;19194
330558589;19195
330575263;19196
330591936;19197
330608610;19198
330625284;19199
330641957;19200
330658631;19201
330675305;19202
330691978;19203
330708652;19204
330725326;19205
330741999;19206
330758673;19207
330775347;19208
330792020;19209
330808694;19210
330825368;19211
330842042;19212
330858715;19213
330875389;19214
330892063;19215
330908736;19216
330925410;19217
330942084;19218
330958757;19219
330975431;19220
331008778;19221
331025452;19222
331042126;19223
331058799;19224
331075473;19225
331092147;19226
331108821;19227
331125494;19228
331142168;19229
331158842;19230
331175515;19231
331192189;19232
331208863;19233
331225536;19234
331242210;19235
331258884;19236
331275557;19237
331292231;19238
331308905;19239
331325578;19240
331342252;19241
331358926;19242
331375600;19243
331392273;19244
331408947;19245
331425621;19246
331442294;19247
331458968;19248
331475642;19249
331508989;19250
331525663;19251
331542336;19252
331559010;19253
331575684;19254
331592358;19255
331609031;19256
331625705;19257
331642379;19258
331659052;19259
331675726;19260
331692400;19261
331709073;19262
331725747;19263
331742421;19264
331759094;19265
331775768;19266
331792442;19267
331809115;19268
331825789;19269
331842463;19270
331859137;19271
331875810;19272
331892484;19273
331909158;19274
331925831;19275
331942505;19276
331959179;19277
331975852;19278
332009200;19279
332025873;19280
332042547;19281
332059221;19282
332075894;19283
332092568;19284
332109242;19285
332125915;19286
332142589;19287
332159263;19288
332175937;19289
332192610;19290
332209284;19291
332225958;19292
332242631;19293
332259305;19294
332275979;19295
332292652;19296
332309326;19297
332326000;19298
332342673;19299
332359347;19300
332376021;19301
332392694;19302
332409368;19303
332426042;19304
332442716;19305
332459389;19306
332476063;19307
332509410;19308
332526084;19309
332542758;19310
332559431;19311
332576105;19312
332592779;19313
332609452;19314
332626126;19315
332642800;19316
332659474;19317
332676147;19318
332692821;19319
332709495;19320
332726168;19321
332742842;19322
332759516;19323
332776189;19324
332792863;19325
332809537;19326
332826210;19327
332842884;19328
332859558;19329
332876231;19330
332892905;19331
332909579;19332
332926253;19333
332942926;19334
332959600;19335
332976274;19336
333009621;19337
333026295;19338
333042968;19339
333059642;19340
333076316;19341
333092989;19342
333109663;19343
333126337;19344
333143010;19345
333159684;19346
333176358;19347
333193032;19348
333209705;19349
333226379;19350
333243053;19351
333259726;19352
333276400;19353
333293074;19354
333309747;19355
333326421;19356
333343095;19357
333359768;19358
333376442;19359
333393116;19360
333409789;19361
333426463;19362
333443137;19363
333459811;19364
333476484;19365
333509832;19366
333526505;19367
333543179;19368
333559853;19369
333576526;19370
333593200;19371
333609874;19372
333626547;19373
333643221;19374
333659895;19375
333676568;19376
333693242;19377
333709916;19378
333726589;19379
333743263;19380
333759937;19381
333776611;19382
333793284;19383
333809958;19384
333826632;19385
333843305;19386
333859979;19387
333876653;19388
333893326;19389
333910000;19390
333926674;19391
333943347;19392
333960021;19393
333976695;19394
334010042;19395
334026716;19396
334043389;19397
334060063;19398
334076737;19399
334093411;19400
334110084;19401
334126758;19402
334143432;19403
334160105;19404
334176779;19405
334193453;19406
334210126;19407
334226800;19408
334243474;19409
334260147;19410
334276821;19411
334293495;19412
334310168;19413
334326842;19414
334343516;19415
334360190;19416
334376863;19417
334393537;19418
334410211;19419
334426884;19420
334443558;19421
334460232;19422
334476905;19423
334510253;19424
334526926;19425
334543600;19426
334560274;19427
334576947;19428
334593621;19429
334610295;19430
334626968;19431
334643642;19432
334660316;19433
334676990;19434
334693663;19435
334710337;19436
334727011;19437
334743684;19438
334760358;19439
334777032;19440
334793705;19441
334810379;19442
334827053;19443
334843726;19444
334860400;19445
334877074;19446
334893748;19447
334910421;19448
334927095;19449
334943769;19450
334960442;19451
334977116;19452
335010463;19453
335027137;19454
335043811;19455
335060484;19456
335077158;19457
335093832;19458
335110505;19459
335127179;19460
335143853;19461
335160526;19462
335177200;19463
335193874;19464
335210547;19465
335227221;19466
335243895;19467
335260569;19468
335277242;19469
335293916;19470
335310590;19471
335327263;19472
335343937;19473
335360611;19474
335377284;19475
335393958;19476
335410632;19477
335427305;19478
335443979;19479
335460653;19480
335477327;19481
335510674;19482
335527348;19483
335544021;19484
335560695;19485
335577369;19486
335594042;19487
335610716;19488
335627390;19489
335644063;19490
335660737;19491
335677411;19492
335694084;19493
335710758;19494
335727432;19495
335744105;19496
335760779;19497
335777453;19498
335794126;19499
335810800;19500
335827474;19501
335844147;19502
335860821;19503
335877495;19504
335894169;19505
335910842;19506
335927516;19507
335944190;19508
335960863;19509
335977537;19510
336010884;19511
336027558;19512
336044232;19513
336060905;19514
336077579;19515
336094253;19516
336110926;19517
336127600;19518
336144274;19519
336160948;19520
336177621;19521
336194295;19522
336210969;19523
336227642;19524
336244316;19525
336260990;19526
336277663;19527
336294337;19528
336311011;19529
336327684;19530
336344358;19531
336361032;19532
336377705;19533
336394379;19534
336411053;19535
336427727;19536
336444400;19537
336461074;19538
336477748;19539
336511095;19540
336527769;19541
336544442;19542
336561116;19543
336577790;19544
336594463;19545
336611137;19546
336627811;19547
336644484;19548
336661158;19549
336677832;19550
336694506;19551
336711179;19552
336727853;19553
336744526;19554
336761200;19555
336777874;19556
336794548;19557
336811221;19558
336827895;19559
336844569;19560
336861242;19561
336877916;19562
336894590;19563
336911263;19564
336927937;19565
336944611;19566
336961284;19567
336977958;19568
337011305;19569
337027979;19570
337044653;19571
337061327;19572
337078000;19573
337094674;19574
337111348;19575
337128021;19576
337144695;19577
337161369;19578
337178042;19579
337194716;19580
337211390;19581
337228063;19582
337244737;19583
337261411;19584
337278084;19585
337294758;19586
337311432;19587
337328106;19588
337344779;19589
337361453;19590
337378127;19591
337394800;19592
337411474;19593
337428148;19594
337444821;19595
337461495;19596
337478169;19597
337511516;19598
337528190;19599
337544863;19600
337561537;19601
337578211;19602
337594884;19603
337611558;19604
337628232;19605
337644905;19606
337661579;19607
337678253;19608
337694927;19609
337711600;19610
337728274;19611
337744948;19612
337761621;19613
337778295;19614
337794969;19615
337811642;19616
337828316;19617
337844990;19618
337861663;19619
337878337;19620
337895011;19621
337911684;19622
337928358;19623
337945032;19624
337961705;19625
337978379;19626
338011727;19627
338028400;19628
338045074;19629
338061748;19630
338078421;19631
338095095;19632
338111769;19633
338128442;19634
338145116;19635
338161790;19636
338178463;19637
338195137;19638
338211811;19639
338228484;19640
338245158;19641
338261832;19642
338278505;19643
338295179;19644
338311853;19645
338328527;19646
338345200;19647
338361874;19648
338378548;19649
338395221;19650
338411895;19651
338428569;19652
338445242;19653
338461916;19654
338478590;19655
338511937;19656
338528611;19657
338545284;19658
338561958;19659
338578632;19660
338595306;19661
338611979;19662
338628653;19663
338645327;19664
338662000;19665
338678674;19666
338695348;19667
338712021;19668
338728695;19669
338745369;19670
338762042;19671
338778716;19672
338795390;19673
338812063;19674
338828737;19675
338845411;19676
338862084;19677
338878758;19678
338895432;19679
338912105;19680
338928779;19681
338945453;19682
338962127;19683
338978800;19684
339012148;19685
339028821;19686
339045495;19687
339062169;19688
339078842;19689
339095516;19690
339112190;19691
339128863;19692
339145537;19693
339162211;19694
339178884;19695
339195558;19696
339212232;19697
339228905;19698
339245579;19699
339262253;19700
339278927;19701
339295600;19702
339312274;19703
339328948;19704
339345621;19705
339362295;19706
339378969;19707
339395642;19708
339412316;19709
339428990;19710
339445663;19711
339462337;19712
339479011;19713
339512358;19714
339529032;19715
339545705;19716
339562379;19717
339579053;19718
339595727;19719
339612400;19720
339629074;19721
339645748;19722
339662421;19723
339679095;19724
339695769;19725
339712442;19726
339729116;19727
339745790;19728
339762463;19729
339779137;19730
339795811;19731
339812484;19732
339829158;19733
339845832;19734
339862505;19735
339879179;19736
339895853;19737
339912526;19738
339929200;19739
339945874;19740
339962548;19741
339979221;19742
340012569;19743
340029242;19744
340045916;19745
340062590;19746
340079263;19747
340095937;19748
340112611;19749
340129284;19750
340145958;19751
340162632;19752
340179305;19753
340195979;19754
340212653;19755
340229326;19756
340246000;19757
340262674;19758
340279347;19759
340296021;19760
340312695;19761
340329368;19762
340346042;19763
340362716;19764
340379390;19765
340396063;19766
340412737;19767
340429411;19768
340446084;19769
340462758;19770
340479432;19771
340512779;19772
340529453;19773
340546126;19774
340562800;19775
340579474;19776
340596147;19777
340612821;19778
340629495;19779
340646168;19780
340662842;19781
340679516;19782
340696189;19783
340712863;19784
340729537;19785
340746211;19786
340762884;19787
340779558;19788
340796232;19789
340812905;19790
340829579;19791
340846253;19792
340862926;19793
340879600;19794
340896274;19795
340912947;19796
340929621;19797
340946295;19798
340962968;19799
340979642;19800
341012989;19801
341029663;19802
341046337;19803
341063010;19804
341079684;19805
341096358;19806
341113032;19807
341129705;19808
341146379;19809
341163053;19810
341179726;19811
341196400;19812
341213074;19813
341229747;19814
341246421;19815
341263095;19816
341279768;19817
341296442;19818
341313116;19819
341329789;19820
341346463;19821
341363137;19822
341379811;19823
341396484;19824
341413158;19825
341429832;19826
341446505;19827
341463179;19828
341479853;19829
341513200;19830
341529874;19831
341546547;19832
341563221;19833
341579895;19834
341596568;19835
341613242;19836
341629916;19837
341646589;19838
341663263;19839
341679937;19840
341696610;19841
341713284;19842
341729958;19843
341746632;19844
341763305;19845
341779979;19846
341796652;19847
341813326;19848
341830000;19849
341846674;19850
341863347;19851
341880021;19852
341896695;19853
341913368;19854
341930042;19855
341946716;19856
341963389;19857
341980063;19858
342013410;19859
342030084;19860
342046758;19861
342063431;19862
342080105;19863
342096779;19864
342113452;19865
342130126;19866
342146800;19867
342163473;19868
342180147;19869
342196821;19870
342213495;19871
342230168;19872
342246842;19873
342263516;19874
342280189;19875
342296863;19876
342313537;19877
342330210;19878
342346884;19879
342363558;19880
342380231;19881
342396905;19882
342413579;19883
342430252;19884
342446926;19885
342463600;19886
342480273;19887
342513621;19888
342530294;19889
342546968;19890
342563642;19891
342580316;19892
342596989;19893
342613663;19894
342630337;19895
342647010;19896
342663684;19897
342680358;19898
342697031;19899
342713705;19900
342730379;19901
342747052;19902
342763726;19903
342780400;19904
342797073;19905
342813747;19906
342830421;19907
342847095;19908
342863768;19909
342880442;19910
342897115;19911
342913789;19912
342930463;19913
342947137;19914
342963810;19915
342980484;19916
343013831;19917
343030505;19918
343047179;19919
343063852;19920
343080526;19921
343097200;19922
343113873;19923
343130547;19924
343147221;19925
343163894;19926
343180568;19927
343197242;19928
343213916;19929
343230589;19930
343247263;19931
343263937;19932
343280610;19933
343297284;19934
343313958;19935
343330631;19936
343347305;19937
343363979;19938
343380652;19939
343397326;19940
343414000;19941
343430673;19942
343447347;19943
343464021;19944
343480694;19945
343514042;19946
343530715;19947
343547389;19948
343564063;19949
343580736;19950
343597410;19951
343614084;19952
343630757;19953
343647431;19954
343664105;19955
343680779;19956
343697452;19957
343714126;19958
343730800;19959
343747473;19960
343764147;19961
343780821;19962
343797494;19963
343814168;19964
343830842;19965
343847515;19966
343864189;19967
343880863;19968
343897536;19969
343914210;19970
343930884;19971
343947557;19972
343964231;19973
343980905;19974
344014252;19975
344030926;19976
344047600;19977
344064273;19978
344080947;19979
344097621;19980
344114294;19981
344130968;19982
344147642;19983
344164315;19984
344180989;19985
344197663;19986
344214336;19987
344231010;19988
344247684;19989
344264357;19990
344281031;19991
344297705;19992
344314378;19993
344331052;19994
344347726;19995
344364399;19996
344381073;19997
344397747;19998
344414421;19999
344431094;20000
344447768;20001
344464442;20002
344481115;20003
344514463;20004
344531136;20005
344547810;20006
344564484;20007
344581157;20008
344597831;20009
344614505;20010
344631178;20011
344647852;20012
344664526;20013
344681199;20014
344697873;20015
344714547;20016
344731220;20017
344747894;20018
344764568;20019
344781242;20020
344797915;20021
344814589;20022
344831263;20023
344847936;20024
344864610;20025
344881284;20026
344897957;20027
344914631;20028
344931305;20029
344947978;20030
344964652;20031
344981326;20032
345014673;20033
345031347;20034
345048020;20035
345064694;20036
345081368;20037
345098041;20038
345114715;20039
345131389;20040
345148062;20041
345164736;20042
345181410;20043
345198084;20044
345214757;20045
345231431;20046
345248105;20047
345264778;20048
345281452;20049
345298126;20050
345314799;20051
345331473;20052
345348147;20053
345364820;20054
345381494;20055
345398168;20056
345414841;20057
345431515;20058
345448189;20059
345464863;20060
345481536;20061
345514883;20062
345531557;20063
345548231;20064
345564905;20065
345581578;20066
345598252;20067
345614926;20068
345631599;20069
345648273;20070
345664947;20071
345681620;20072
345698294;20073
345714968;20074
345731641;20075
345748315;20076
345764989;20077
345781662;20078
345798336;20079
345815010;20080
345831683;20081
345848357;20082
345865031;20083
345881704;20084
345898378;20085
345915052;20086
345931726;20087
345948399;20088
345965073;20089
345981747;20090
346015094;20091
346031768;20092
346048441;20093
346065115;20094
346081789;20095
346098462;20096
346115136;20097
346131810;20098
346148483;20099
346165157;20100
346181831;20101
346198504;20102
346215178;20103
346231852;20104
346248525;20105
346265199;20106
346281873;20107
346298547;20108
346315220;20109
346331894;20110
346348568;20111
346365241;20112
346381915;20113
346398589;20114
346415262;20115
346431936;20116
346448610;20117
346465283;20118
346481957;20119
346498631;20120
346531978;20121
346548652;20122
346565325;20123
346581999;20124
346598673;20125
346615347;20126
346632020;20127
346648694;20128
346665368;20129
346682041;20130
346698715;20131
346715388;20132
346732062;20133
346748736;20134
346765410;20135
346782083;20136
346798757;20137
346815431;20138
346832104;20139
346848778;20140
346865452;20141
346882125;20142
346898799;20143
346915473;20144
346932146;20145
346948820;20146
346965494;20147
346982167;20148
346998841;20149
347032188;20150
347048862;20151
347065536;20152
347082210;20153
347098883;20154
347115557;20155
347132231;20156
347148904;20157
347165578;20158
347182252;20159
347198925;20160
347215599;20161
347232273;20162
347248946;20163
347265620;20164
347282294;20165
347298967;20166
347315641;20167
347332315;20168
347348988;20169
347365662;20170
347382336;20171
347399009;20172
347415683;20173
347432357;20174
347449031;20175
347465704;20176
347482378;20177
347499052;20178
347532399;20179
347549073;20180
347565746;20181
347582420;20182
347599094;20183
347615767;20184
347632441;20185
347649115;20186
347665788;20187
347682462;20188
347699136;20189
347715809;20190
347732483;20191
347749157;20192
347765830;20193
347782504;20194
347799178;20195
347815852;20196
347832525;20197
347849199;20198
347865873;20199
347882546;20200
347899220;20201
347915894;20202
347932567;20203
347949241;20204
347965915;20205
347982588;20206
347999262;20207
348032609;20208
348049283;20209
348065957;20210
348082630;20211
348099304;20212
348115978;20213
348132651;20214
348149325;20215
348165999;20216
348182672;20217
348199346;20218
348216020;20219
348232693;20220
348249367;20221
348266041;20222
348282714;20223
348299388;20224
348316062;20225
348332736;20226
348349409;20227
348366083;20228
348382757;20229
348399430;20230
348416104;20231
348432778;20232
348449451;20233
348466125;20234
348482799;20235
348499472;20236
348532820;20237
348549493;20238
348566167;20239
348582841;20240
348599514;20241
348616188;20242
348632862;20243
348649536;20244
348666209;20245
348682883;20246
348699557;20247
348716230;20248
348732904;20249
348749578;20250
348766251;20251
348782925;20252
348799599;20253
348816272;20254
348832946;20255
348849620;20256
348866293;20257
348882967;20258
348899641;20259
348916314;20260
348932988;20261
348949662;20262
348966335;20263
348983009;20264
348999683;20265
349033030;20266
349049704;20267
349066378;20268
349083051;20269
349099725;20270
349116399;20271
349133072;20272
349149746;20273
349166420;20274
349183093;20275
349199767;20276
349216441;20277
349233114;20278
349249788;20279
349266462;20280
349283135;20281
349299809;20282
349316483;20283
349333156;20284
349349830;20285
349366504;20286
349383177;20287
349399851;20288
349416525;20289
349433198;20290
349449872;20291
349466546;20292
349483220;20293
349499893;20294
349533241;20295
349549914;20296
349566588;20297
349583262;20298
349599935;20299
349616609;20300
349633283;20301
349649956;20302
349666630;20303
349683304;20304
349699977;20305
349716651;20306
349733325;20307
349749998;20308
349766672;20309
349783346;20310
349800019;20311
349816693;20312
349833367;20313
349850041;20314
349866714;20315
349883388;20316
349900062;20317
349916735;20318
349933409;20319
349950083;20320
349966756;20321
349983430;20322
350000104;20323
350033451;20324
350050125;20325
350066798;20326
350083472;20327
350100146;20328
350116819;20329
350133493;20330
350150167;20331
350166840;20332
350183514;20333
350200188;20334
350216861;20335
350233535;20336
350250209;20337
350266882;20338
350283556;20339
350300230;20340
350316903;20341
350333577;20342
350350251;20343
350366925;20344
350383598;20345
350400272;20346
350416946;20347
350433619;20348
350450293;20349
350466967;20350
350483640;20351
350500314;20352
350533661;20353
350550335;20354
350567009;20355
350583682;20356
350600356;20357
350617030;20358
350633703;20359
350650377;20360
350667051;20361
350683724;20362
350700398;20363
350717072;20364
350733746;20365
350750419;20366
350767093;20367
350783767;20368
350800440;20369
350817114;20370
350833788;20371
350850461;20372
350867135;20373
350883809;20374
350900482;20375
350917156;20376
350933830;20377
350950503;20378
350967177;20379
350983851;20380
351000524;20381
351033872;20382
351050546;20383
351067219;20384
351083893;20385
351100567;20386
351117240;20387
351133914;20388
351150588;20389
351167261;20390
351183935;20391
351200609;20392
351217282;20393
351233956;20394
351250630;20395
351267303;20396
351283977;20397
351300651;20398
351317324;20399
351333998;20400
351350672;20401
351367345;20402
351384019;20403
351400693;20404
351417367;20405
351434040;20406
351450714;20407
351467387;20408
351484061;20409
351500735;20410
351534082;20411
351550756;20412
351567430;20413
351584103;20414
351600777;20415
351617451;20416
351634124;20417
351650798;20418
351667472;20419
351684145;20420
351700819;20421
351717493;20422
351734166;20423
351750840;20424
351767514;20425
351784187;20426
351800861;20427
351817535;20428
351834208;20429
351850882;20430
351867556;20431
351884230;20432
351900903;20433
351917577;20434
351934251;20435
351950924;20436
351967598;20437
351984272;20438
352000945;20439
352034293;20440
352050966;20441
352067640;20442
352084314;20443
352100987;20444
352117661;20445
352134335;20446
352151008;20447
352167682;20448
352184356;20449
352201029;20450
352217703;20451
352234377;20452
352251050;20453
352267724;20454
352284398;20455
352301071;20456
352317745;20457
352334419;20458
352351093;20459
352367766;20460
352384440;20461
352401114;20462
352417787;20463
352434461;20464
352451135;20465
352467808;20466
352484482;20467
352501156;20468
352534503;20469
352551177;20470
352567850;20471
352584524;20472
352601198;20473
352617871;20474
352634545;20475
352651219;20476
352667893;20477
352684566;20478
352701240;20479
352717914;20480
352734587;20481
352751261;20482
352767935;20483
352784608;20484
352801282;20485
352817956;20486
352834629;20487
352851303;20488
352867977;20489
352884650;20490
352901324;20491
352917998;20492
352934671;20493
352951345;20494
352968019;20495
352984692;20496
353001366;20497
353034713;20498
353051387;20499
353068061;20500
353084735;20501
353101408;20502
353118082;20503
353134756;20504
353151429;20505
353168103;20506
353184777;20507
353201450;20508
353218124;20509
353234798;20510
353251471;20511
353268145;20512
353284819;20513
353301492;20514
353318166;20515
353334840;20516
353351513;20517
353368187;20518
353384861;20519
353401534;20520
353418208;20521
353434882;20522
353451555;20523
353468229;20524
353484903;20525
353501576;20526
353534924;20527
353551597;20528
353568271;20529
353584945;20530
353601619;20531
353618292;20532
353634966;20533
353651640;20534
353668313;20535
353684987;20536
353701661;20537
353718334;20538
353735008;20539
353751682;20540
353768355;20541
353785029;20542
353801703;20543
353818376;20544
353835050;20545
353851724;20546
353868397;20547
353885071;20548
353901745;20549
353918419;20550
353935092;20551
353951766;20552
353968440;20553
353985113;20554
354001787;20555
354035134;20556
354051808;20557
354068482;20558
354085155;20559
354101829;20560
354118503;20561
354135176;20562
354151850;20563
354168524;20564
354185197;20565
354201871;20566
354218545;20567
354235218;20568
354251892;20569
354268566;20570
354285239;20571
354301913;20572
354318587;20573
354335261;20574
354351934;20575
354368608;20576
354385282;20577
354401955;20578
354418629;20579
354435303;20580
354451976;20581
354468649;20582
354485324;20583
354501997;20584
354535345;20585
354552018;20586
354568692;20587
354585366;20588
354602039;20589
354618713;20590
354635387;20591
354652060;20592
354668734;20593
354685408;20594
354702082;20595
354718755;20596
354735429;20597
354752103;20598
354768776;20599
354785450;20600
354802124;20601
354818797;20602
354835471;20603
354852145;20604
354868818;20605
354885492;20606
354902166;20607
354918839;20608
354935513;20609
354952187;20610
354968860;20611
354985534;20612
355002208;20613
355035555;20614
355052229;20615
355068902;20616
355085576;20617
355102250;20618
355118924;20619
355135597;20620
355152271;20621
355168945;20622
355185618;20623
355202292;20624
355218966;20625
355235639;20626
355252313;20627
355268987;20628
355285660;20629
355302334;20630
355319008;20631
355335681;20632
355352355;20633
355369029;20634
355385702;20635
355402376;20636
355419050;20637
355435723;20638
355452397;20639
355469071;20640
355485745;20641
355502418;20642
355535766;20643
355552439;20644
355569113;20645
355585787;20646
355602460;20647
355619134;20648
355635808;20649
355652481;20650
355669155;20651
355685829;20652
355702502;20653
355719176;20654
355735850;20655
355752523;20656
355769197;20657
355785871;20658
355802544;20659
355819218;20660
355835892;20661
355852565;20662
355869239;20663
355885913;20664
355902586;20665
355919260;20666
355935934;20667
355952608;20668
355969281;20669
355985955;20670
356002628;20671
356035976;20672
356052650;20673
356069323;20674
356085997;20675
356102671;20676
356119344;20677
356136018;20678
356152692;20679
356169365;20680
356186039;20681
356202713;20682
356219386;20683
356236060;20684
356252734;20685
356269407;20686
356286081;20687
356302755;20688
356319428;20689
356336102;20690
356352776;20691
356369450;20692
356386123;20693
356402797;20694
356419471;20695
356436144;20696
356452818;20697
356469492;20698
356486165;20699
356502839;20700
356536186;20701
356552860;20702
356569534;20703
356586207;20704
356602881;20705
356619555;20706
356636228;20707
356652902;20708
356669576;20709
356686249;20710
356702923;20711
356719597;20712
356736270;20713
356752944;20714
356769618;20715
356786291;20716
356802965;20717
356819639;20718
356836313;20719
356852986;20720
356869660;20721
356886334;20722
356903007;20723
356919681;20724
356936355;20725
356953028;20726
356969702;20727
356986376;20728
357003049;20729
357036397;20730
357053070;20731
357069744;20732
357086418;20733
357103091;20734
357119765;20735
357136439;20736
357153113;20737
357169786;20738
357186460;20739
357203134;20740
357219807;20741
357236481;20742
357253155;20743
357269828;20744
357286502;20745
357303176;20746
357319849;20747
357336523;20748
357353197;20749
357369870;20750
357386544;20751
357403218;20752
357419891;20753
357436565;20754
357453239;20755
357469912;20756
357486586;20757
357503260;20758
357536607;20759
357553281;20760
357569954;20761
357586628;20762
357603302;20763
357619976;20764
357636649;20765
357653323;20766
357669997;20767
357686670;20768
357703344;20769
357720018;20770
357736691;20771
357753365;20772
357770039;20773
357786712;20774
357803386;20775
357820060;20776
357836733;20777
357853407;20778
357870081;20779
357886754;20780
357903428;20781
357920102;20782
357936775;20783
357953449;20784
357970123;20785
357986796;20786
358003470;20787
358036818;20788
358053491;20789
358070165;20790
358086839;20791
358103512;20792
358120186;20793
358136860;20794
358153533;20795
358170207;20796
358186881;20797
358203554;20798
358220228;20799
358236902;20800
358253575;20801
358270249;20802
358286923;20803
358303596;20804
358320270;20805
358336944;20806
358353617;20807
358370291;20808
358386965;20809
358403638;20810
358420312;20811
358436986;20812
358453660;20813
358470333;20814
358487007;20815
358503680;20816
358537028;20817
358553701;20818
358570375;20819
358587049;20820
358603723;20821
358620396;20822
358637070;20823
358653744;20824
358670417;20825
358687091;20826
358703765;20827
358720438;20828
358737112;20829
358753786;20830
358770459;20831
358787133;20832
358803807;20833
358820480;20834
358837154;20835
358853828;20836
358870501;20837
358887175;20838
358903849;20839
358920522;20840
358937196;20841
358953870;20842
358970544;20843
358987217;20844
359003891;20845
359037238;20846
359053912;20847
359070586;20848
359087259;20849
359103933;20850
359120607;20851
359137280;20852
359153954;20853
359170628;20854
359187301;20855
359203975;20856
359220649;20857
359237322;20858
359253996;20859
359270670;20860
359287343;20861
359304017;20862
359320691;20863
359337364;20864
359354038;20865
359370712;20866
359387385;20867
359404059;20868
359420733;20869
359437407;20870
359454080;20871
359470754;20872
359487428;20873
359504101;20874
359537449;20875
359554122;20876
359570796;20877
359587470;20878
359604143;20879
359620817;20880
359637491;20881
359654164;20882
359670838;20883
359687512;20884
359704185;20885
359720859;20886
359737533;20887
359754206;20888
359770880;20889
359787554;20890
359804227;20891
359820901;20892
359837575;20893
359854248;20894
359870922;20895
359887596;20896
359904270;20897
359920943;20898
359937617;20899
359954291;20900
359970964;20901
359987638;20902
360004312;20903
360037659;20904
360054333;20905
360071006;20906
360087680;20907
360104354;20908
360121027;20909
360137701;20910
360154375;20911
360171048;20912
360187722;20913
360204396;20914
360221069;20915
360237743;20916
360254417;20917
360271091;20918
360287764;20919
360304438;20920
360321112;20921
360337785;20922
360354459;20923
360371132;20924
360387806;20925
360404480;20926
360421154;20927
360437827;20928
360454501;20929
360471175;20930
360487848;20931
360504522;20932
360537869;20933
360554543;20934
360571217;20935
360587890;20936
360604564;20937
360621238;20938
360637911;20939
360654585;20940
360671259;20941
360687932;20942
360704606;20943
360721280;20944
360737953;20945
360754627;20946
360771301;20947
360787975;20948
360804648;20949
360821322;20950
360837996;20951
360854669;20952
360871343;20953
360888017;20954
360904690;20955
360921364;20956
360938038;20957
360954711;20958
360971385;20959
360988059;20960
361004732;20961
361038080;20962
361054753;20963
361071427;20964
361088101;20965
361104774;20966
361121448;20967
361138122;20968
361154795;20969
361171469;20970
361188143;20971
361204816;20972
361221490;20973
361238164;20974
361254838;20975
361271511;20976
361288185;20977
361304859;20978
361321532;20979
361338206;20980
361354880;20981
361371553;20982
361388227;20983
361404901;20984
361421574;20985
361438248;20986
361454922;20987
361471595;20988
361488269;20989
361504943;20990
361538290;20991
361554964;20992
361571637;20993
361588311;20994
361604985;20995
361621659;20996
361638332;20997
361655006;20998
361671680;20999
361688353;21000
361705027;21001
361721701;21002
361738374;21003
361755048;21004
361771722;21005
361788395;21006
361805069;21007
361821743;21008
361838416;21009
361855090;21010
361871764;21011
361888437;21012
361905111;21013
361921785;21014
361938459;21015
361955132;21016
361971806;21017
361988480;21018
362005153;21019
362038501;21020
362055174;21021
362071848;21022
362088522;21023
362105195;21024
362121869;21025
362138543;21026
362155216;21027
362171890;21028
362188564;21029
362205237;21030
362221911;21031
362238585;21032
362255258;21033
362271932;21034
362288606;21035
362305279;21036
362321953;21037
362338627;21038
362355301;21039
362371974;21040
362388648;21041
362405322;21042
362421995;21043
362438669;21044
362455343;21045
362472016;21046
362488690;21047
362505364;21048
362538711;21049
362555385;21050
362572058;21051
362588732;21052
362605406;21053
362622079;21054
362638753;21055
362655427;21056
362672100;21057
362688774;21058
362705448;21059
362722121;21060
362738795;21061
362755469;21062
362772142;21063
362788816;21064
362805490;21065
362822163;21066
362838837;21067
362855511;21068
362872185;21069
362888858;21070
362905532;21071
362922206;21072
362938879;21073
362955553;21074
362972227;21075
362988900;21076
363005574;21077
363038921;21078
363055595;21079
363072269;21080
363088942;21081
363105616;21082
363122290;21083
363138963;21084
363155637;21085
363172311;21086
363188984;21087
363205658;21088
363222332;21089
363239006;21090
363255679;21091
363272353;21092
363289027;21093
363305700;21094
363322374;21095
363339048;21096
363355721;21097
363372395;21098
363389069;21099
363405742;21100
363422416;21101
363439090;21102
363455763;21103
363472437;21104
363489111;21105
363505784;21106
363539132;21107
363555805;21108
363572479;21109
363589153;21110
363605826;21111
363622500;21112
363639174;21113
363655848;21114
363672521;21115
363689195;21116
363705869;21117
363722542;21118
363739216;21119
363755890;21120
363772563;21121
363789237;21122
363805911;21123
363822584;21124
363839258;21125
363855932;21126
363872605;21127
363889279;21128
363905953;21129
363922626;21130
363939300;21131
363955974;21132
363972648;21133
363989321;21134
364005995;21135
364039342;21136
364056016;21137
364072690;21138
364089363;21139
364106037;21140
364122711;21141
364139384;21142
364156058;21143
364172732;21144
364189405;21145
364206079;21146
364222753;21147
364239426;21148
364256100;21149
364272774;21150
364289447;21151
364306121;21152
364322795;21153
364339468;21154
364356142;21155
364372816;21156
364389489;21157
364406163;21158
364422837;21159
364439511;21160
364456184;21161
364472858;21162
364489532;21163
364506205;21164
364539553;21165
364556226;21166
364572900;21167
364589574;21168
364606247;21169
364622921;21170
364639595;21171
364656268;21172
364672942;21173
364689616;21174
364706289;21175
364722963;21176
364739637;21177
364756310;21178
364772984;21179
364789658;21180
364806332;21181
364823005;21182
364839679;21183
364856353;21184
364873026;21185
364889700;21186
364906374;21187
364923047;21188
364939721;21189
364956395;21190
364973068;21191
364989742;21192
365006416;21193
365039763;21194
365056437;21195
365073110;21196
365089784;21197
365106458;21198
365123131;21199
365139805;21200
365156479;21201
365173153;21202
365189826;21203
365206500;21204
365223174;21205
365239847;21206
365256521;21207
365273195;21208
365289868;21209
365306542;21210
365323216;21211
365339889;21212
365356563;21213
365373237;21214
365389910;21215
365406584;21216
365423258;21217
365439931;21218
365456605;21219
365473279;21220
365489952;21221
365506626;21222
365539974;21223
365556647;21224
365573321;21225
365589995;21226
365606668;21227
365623342;21228
365640016;21229
365656689;21230
365673363;21231
365690037;21232
365706710;21233
365723384;21234
365740058;21235
365756731;21236
365773405;21237
365790079;21238
365806752;21239
365823426;21240
365840100;21241
365856774;21242
365873447;21243
365890121;21244
365906795;21245
365923468;21246
365940142;21247
365956816;21248
365973489;21249
365990163;21250
366006837;21251
366040184;21252
366056858;21253
366073531;21254
366090205;21255
366106879;21256
366123552;21257
366140226;21258
366156900;21259
366173573;21260
366190247;21261
366206921;21262
366223594;21263
366240268;21264
366256942;21265
366273616;21266
366290289;21267
366306963;21268
366323637;21269
366340310;21270
366356984;21271
366373658;21272
366390331;21273
366407005;21274
366423679;21275
366440352;21276
366457026;21277
366473700;21278
366490373;21279
366507047;21280
366540394;21281
366557068;21282
366573742;21283
366590415;21284
366607089;21285
366623763;21286
366640437;21287
366657110;21288
366673784;21289
366690457;21290
366707131;21291
366723805;21292
366740479;21293
366757152;21294
366773826;21295
366790500;21296
366807173;21297
366823847;21298
366840521;21299
366857194;21300
366873868;21301
366890542;21302
366907215;21303
366923889;21304
366940563;21305
366957236;21306
366973910;21307
366990584;21308
367007258;21309
367040605;21310
367057279;21311
367073952;21312
367090626;21313
367107300;21314
367123973;21315
367140647;21316
367157321;21317
367173994;21318
367190668;21319
367207342;21320
367224015;21321
367240689;21322
367257363;21323
367274036;21324
367290710;21325
367307384;21326
367324057;21327
367340731;21328
367357405;21329
367374078;21330
367390752;21331
367407426;21332
367424100;21333
367440773;21334
367457447;21335
367474121;21336
367490794;21337
367507468;21338
367540815;21339
367557489;21340
367574163;21341
367590836;21342
367607510;21343
367624184;21344
367640857;21345
367657531;21346
367674205;21347
367690878;21348
367707552;21349
367724226;21350
367740899;21351
367757573;21352
367774247;21353
367790921;21354
367807594;21355
367824268;21356
367840942;21357
367857615;21358
367874289;21359
367890963;21360
367907636;21361
367924310;21362
367940984;21363
367957657;21364
367974331;21365
367991005;21366
368007678;21367
368041026;21368
368057699;21369
368074373;21370
368091047;21371
368107721;21372
368124394;21373
368141068;21374
368157741;21375
368174415;21376
368191089;21377
368207763;21378
368224436;21379
368241110;21380
368257784;21381
368274457;21382
368291131;21383
368307805;21384
368324478;21385
368341152;21386
368357826;21387
368374499;21388
368391173;21389
368407847;21390
368424520;21391
368441194;21392
368457868;21393
368474541;21394
368491215;21395
368507889;21396
368541236;21397
368557910;21398
368574584;21399
368591257;21400
368607931;21401
368624605;21402
368641278;21403
368657952;21404
368674626;21405
368691299;21406
368707973;21407
368724647;21408
368741320;21409
368757994;21410
368774668;21411
368791341;21412
368808015;21413
368824689;21414
368841363;21415
368858036;21416
368874710;21417
368891383;21418
368908057;21419
368924731;21420
368941405;21421
368958078;21422
368974752;21423
368991426;21424
369008099;21425
369041447;21426
369058120;21427
369074794;21428
369091468;21429
369108141;21430
369124815;21431
369141489;21432
369158162;21433
369174836;21434
369191510;21435
369208184;21436
369224857;21437
369241531;21438
369258205;21439
369274878;21440
369291552;21441
369308226;21442
369324899;21443
369341573;21444
369358247;21445
369374920;21446
369391594;21447
369408268;21448
369424941;21449
369441615;21450
369458289;21451
369474962;21452
369491636;21453
369508310;21454
369541657;21455
369558331;21456
369575004;21457
369591678;21458
369608352;21459
369625026;21460
369641699;21461
369658373;21462
369675047;21463
369691720;21464
369708394;21465
369725068;21466
369741741;21467
369758415;21468
369775089;21469
369791762;21470
369808436;21471
369825110;21472
369841783;21473
369858457;21474
369875131;21475
369891805;21476
369908478;21477
369925152;21478
369941826;21479
369958499;21480
369975173;21481
369991847;21482
370008520;21483
370041868;21484
370058541;21485
370075215;21486
370091889;21487
370108562;21488
370125236;21489
370141910;21490
370158583;21491
370175257;21492
370191931;21493
370208604;21494
370225278;21495
370241952;21496
370258625;21497
370275299;21498
370291973;21499
370308647;21500
370325320;21501
370341994;21502
370358668;21503
370375341;21504
370392015;21505
370408689;21506
370425362;21507
370442036;21508
370458710;21509
370475383;21510
370492057;21511
370508731;21512
370542078;21513
370558752;21514
370575426;21515
370592099;21516
370608773;21517
370625447;21518
370642120;21519
370658794;21520
370675468;21521
370692141;21522
370708815;21523
370725489;21524
370742162;21525
370758836;21526
370775510;21527
370792183;21528
370808857;21529
370825531;21530
370842204;21531
370858878;21532
370875552;21533
370892225;21534
370908899;21535
370925573;21536
370942246;21537
370958920;21538
370975594;21539
370992268;21540
371008941;21541
371042289;21542
371058962;21543
371075636;21544
371092310;21545
371108983;21546
371125657;21547
371142331;21548
371159004;21549
371175678;21550
371192352;21551
371209025;21552
371225699;21553
371242373;21554
371259046;21555
371275720;21556
371292394;21557
371309068;21558
371325741;21559
371342415;21560
371359089;21561
371375762;21562
371392436;21563
371409110;21564
371425783;21565
371442457;21566
371459131;21567
371475804;21568
371492478;21569
371509152;21570
371542499;21571
371559173;21572
371575846;21573
371592520;21574
371609194;21575
371625868;21576
371642541;21577
371659215;21578
371675889;21579
371692562;21580
371709236;21581
371725910;21582
371742583;21583
371759257;21584
371775931;21585
371792604;21586
371809278;21587
371825952;21588
371842625;21589
371859299;21590
371875973;21591
371892646;21592
371909320;21593
371925994;21594
371942668;21595
371959341;21596
371976015;21597
371992689;21598
372009362;21599
372042710;21600
372059383;21601
372076057;21602
372092731;21603
372109404;21604
372126078;21605
372142752;21606
372159425;21607
372176099;21608
372192773;21609
372209446;21610
372226120;21611
372242794;21612
372259468;21613
372276141;21614
372292815;21615
372309488;21616
372326162;21617
372342836;21618
372359510;21619
372376183;21620
372392857;21621
372409531;21622
372426204;21623
372442878;21624
372459552;21625
372476225;21626
372492899;21627
372509573;21628
372542920;21629
372559594;21630
372576267;21631
372592941;21632
372609615;21633
372626289;21634
372642962;21635
372659636;21636
372676310;21637
372692983;21638
372709657;21639
372726331;21640
372743004;21641
372759678;21642
372776352;21643
372793025;21644
372809699;21645
372826373;21646
372843046;21647
372859720;21648
372876394;21649
372893068;21650
372909741;21651
372926415;21652
372943088;21653
372959762;21654
372976436;21655
372993110;21656
373009783;21657
373043131;21658
373059804;21659
373076478;21660
373093152;21661
373109825;21662
373126499;21663
373143173;21664
373159846;21665
373176520;21666
373193194;21667
373209867;21668
373226541;21669
373243215;21670
373259889;21671
373276562;21672
373293236;21673
373309910;21674
373326583;21675
373343257;21676
373359931;21677
373376604;21678
373393278;21679
373409952;21680
373426625;21681
373443299;21682
373459973;21683
373476646;21684
373493320;21685
373509994;21686
373543341;21687
373560015;21688
373576689;21689
373593362;21690
373610036;21691
373626710;21692
373643383;21693
373660057;21694
373676731;21695
373693404;21696
373710078;21697
373726752;21698
373743425;21699
373760099;21700
373776773;21701
373793446;21702
373810120;21703
373826794;21704
373843467;21705
373860141;21706
373876815;21707
373893489;21708
373910162;21709
373926836;21710
373943510;21711
373960183;21712
373976857;21713
373993531;21714
374010204;21715
374043552;21716
374060225;21717
374076899;21718
374093573;21719
374110246;21720
374126920;21721
374143594;21722
374160267;21723
374176941;21724
374193615;21725
374210289;21726
374226962;21727
374243636;21728
374260310;21729
374276983;21730
374293657;21731
374310331;21732
374327004;21733
374343678;21734
374360352;21735
374377025;21736
374393699;21737
374410373;21738
374427046;21739
374443720;21740
374460394;21741
374477068;21742
374493741;21743
374510415;21744
374543762;21745
374560436;21746
374577110;21747
374593783;21748
374610457;21749
374627131;21750
374643804;21751
374660478;21752
374677152;21753
374693825;21754
374710499;21755
374727173;21756
374743847;21757
374760520;21758
374777194;21759
374793867;21760
374810541;21761
374827215;21762
374843889;21763
374860562;21764
374877236;21765
374893910;21766
374910583;21767
374927257;21768
374943931;21769
374960604;21770
374977278;21771
374993952;21772
375010625;21773
375043973;21774
375060646;21775
375077320;21776
375093994;21777
375110668;21778
375127341;21779
375144015;21780
375160689;21781
375177362;21782
375194036;21783
375210710;21784
375227383;21785
375244057;21786
375260731;21787
375277404;21788
375294078;21789
375310752;21790
375327425;21791
375344099;21792
375360773;21793
375377447;21794
375394120;21795
375410794;21796
375427468;21797
375444141;21798
375460815;21799
375477489;21800
375494162;21801
375510836;21802
375544183;21803
375560857;21804
375577531;21805
375594204;21806
375610878;21807
375627552;21808
375644225;21809
375660899;21810
375677573;21811
375694246;21812
375710920;21813
375727594;21814
375744268;21815
375760941;21816
375777615;21817
375794289;21818
375810962;21819
375827636;21820
375844310;21821
375860983;21822
375877657;21823
375894331;21824
375911004;21825
375927678;21826
375944352;21827
375961025;21828
375977699;21829
375994373;21830
376011046;21831
376044394;21832
376061068;21833
376077741;21834
376094415;21835
376111089;21836
376127762;21837
376144436;21838
376161110;21839
376177783;21840
376194457;21841
376211131;21842
376227804;21843
376244478;21844
376261152;21845
376277825;21846
376294499;21847
376311173;21848
376327846;21849
376344520;21850
376361194;21851
376377868;21852
376394541;21853
376411215;21854
376427889;21855
376444562;21856
376461236;21857
376477910;21858
376494583;21859
376511257;21860
376544604;21861
376561278;21862
376577952;21863
376594625;21864
376611299;21865
376627973;21866
376644647;21867
376661320;21868
376677994;21869
376694668;21870
376711341;21871
376728015;21872
376744689;21873
376761362;21874
376778036;21875
376794710;21876
376811383;21877
376828057;21878
376844731;21879
376861405;21880
376878078;21881
376894752;21882
376911426;21883
376928099;21884
376944773;21885
376961447;21886
376978120;21887
376994794;21888
377011468;21889
377044815;21890
377061489;21891
377078162;21892
377094836;21893
377111510;21894
377128183;21895
377144857;21896
377161531;21897
377178205;21898
377194878;21899
377211552;21900
377228226;21901
377244899;21902
377261573;21903
377278247;21904
377294920;21905
377311594;21906
377328268;21907
377344941;21908
377361615;21909
377378289;21910
377394962;21911
377411636;21912
377428310;21913
377444983;21914
377461657;21915
377478331;21916
377495004;21917
377511678;21918
377545026;21919
377561699;21920
377578373;21921
377595047;21922
377611720;21923
377628394;21924
377645068;21925
377661741;21926
377678415;21927
377695089;21928
377711762;21929
377728436;21930
377745110;21931
377761783;21932
377778457;21933
377795131;21934
377811805;21935
377828478;21936
377845152;21937
377861826;21938
377878499;21939
377895173;21940
377911847;21941
377928520;21942
377945194;21943
377961868;21944
377978541;21945
377995215;21946
378011889;21947
378045236;21948
378061910;21949
378078583;21950
378095257;21951
378111931;21952
378128605;21953
378145278;21954
378161952;21955
378178626;21956
378195299;21957
378211973;21958
378228647;21959
378245320;21960
378261994;21961
378278668;21962
378295341;21963
378312015;21964
378328689;21965
378345362;21966
378362036;21967
378378710;21968
378395384;21969
378412057;21970
378428731;21971
378445405;21972
378462078;21973
378478752;21974
378495426;21975
378512099;21976
378545447;21977
378562120;21978
378578794;21979
378595468;21980
378612141;21981
378628815;21982
378645489;21983
378662162;21984
378678836;21985
378695510;21986
378712183;21987
378728857;21988
378745531;21989
378762205;21990
378778878;21991
378795552;21992
378812226;21993
378828899;21994
378845573;21995
378862247;21996
378878920;21997
378895594;21998
378912268;21999
378928941;22000
378945615;22001
378962289;22002
378978962;22003
378995636;22004
379012310;22005
379045657;22006
379062331;22007
379079005;22008
379095678;22009
379112352;22010
-1;-1
-1;-1
-1;-1
-1;-1
-1;-1
-1;-1
-1;-1
-1;-1
-1;-1
-1;-1
-1;-1
-1;-1
-1;-1
-1;-1
-1;-1
-1;-1
-1;-1
-1;-1
-1;-1
-1;-1
-1;-1
-1;-1
-1;-1
-1;-1
-1;-1
-1;-1
-1;-1
-1;-1
-1;-1
-1;-1
-1;-1
-1;-1
-1;-1
-1;-1
-1;-1
-1;-1
-1;-1
-1;-1
-1;-1
-1;-1
-1;-1
-1;-1
-1;-1
-1;-1
-1;-1
-1;-1
-1;-1
-1;-1
-1;-1
-1;-1
-1;-1
-1;-1
-1;-1
-1;-1
-1;-1
-1;-1
-1;-1
-1;-1
-1;-1
-1;-1
-1;-1
-1;-1
-1;-1
-1;-1
-1;-1
-1;-1
-1;-1
-1;-1
-1;-1
-1;-1
-1;-1
-1;-1
-1;-1
-1;-1
-1;-1
-1;-1
-1;-1
-1;-1
-1;-1
-1;-1
-1;-1
-1;-1
-1;-1
-1;-1
-1;-1
-1;-1
-1;-1
-1;-1
-1;-1
-1;-1
-1;-1
-1;-1
-1;-1
-1;-1
-1;-1
-1;-1
-1;-1
-1;-1
-1;-1
-1;-1
-1;-1
-1;-1
-1;-1
-1;-1
-1;-1
-1;-1
-1;-1
-1;-1
-1;-1
-1;-1
-1;-1
-1;-1
-1;-1
-1;-1
-1;-1
-1;-1
-1;-1
-1;-1
-1;-1
-1;-1
-1;-1
-1;-1
-1;-1
-1;-1
-1;-1
-1;-1
-1;-1
-1;-1
-1;-1
-1;-1
-1;-1
-1;-1
-1;-1
-1;-1
-1;-1
-1;-1
-1;-1
-1;-1
-1;-1
-1;-1
-1;-1
-1;-1
-1;-1
-1;-1
-1;-1
-1;-1
-1;-1
-1;-1
-1;-1
-1;-1
-1;-1
-1;-1
-1;-1
-1;-1
-1;-1
-1;-1
-1;-1
-1;-1
-1;-1
-1;-1
-1;-1
-1;-1
-1;-1
-1;-1
-1;-1
-1;-1
-1;-1
