296827262;17238
296843936;17239
296860610;17240
296877283;17241
296893957;17242
296910631;17243
296927304;17244
296943978;17245
296960651;17246
296977325;17247
296993999;17248
297010672;17249
297027346;17250
297044020;17251
297060693;17252
297077367;17253
297094040;17254
297110714;17255
297127388;17256
297144061;17257
297160735;17258
297177409;17259
297194082;17260
297210756;17261
297227429;17262
297244103;17263
297277450;17264
297294124;17265
297310798;17266
297327471;17267
297344145;17268
297360818;17269
297377492;17270
297394166;17271
297410839;17272
297427513;17273
297444187;17274
297460860;17275
297477534;17276
297494207;17277
297510881;17278
297527555;17279
297544228;17280
297560902;17281
297577575;17282
297594249;17283
297610923;17284
297627596;17285
297644270;17286
297660944;17287
297677617;17288
297694291;17289
297710964;17290
297727638;17291
297744312;17292
297777659;17293
297794333;17294
297811006;17295
297827680;17296
297844353;17297
297861027;17298
297877701;17299
297894374;17300
297911048;17301
297927722;17302
297944395;17303
297961069;17304
297977742;17305
297994416;17306
298011090;17307
298027763;17308
298044437;17309
298061110;17310
298077784;17311
298094458;17312
298111131;17313
298127805;17314
298144479;17315
298161152;17316
298177826;17317
298194500;17318
298211173;17319
298227847;17320
298244520;17321
298277868;17322
298294541;17323
298311215;17324
298327888;17325
298344562;17326
298361236;17327
298377909;17328
298394583;17329
298411257;17330
298427930;17331
298444604;17332
298461277;17333
298477951;17334
298494625;17335
298511298;17336
298527972;17337
298544646;17338
298561319;17339
298577993;17340
298594666;17341
298611340;17342
298628014;17343
298644687;17344
298661361;17345
298678035;17346
298694708;17347
298711382;17348
298728055;17349
298744729;17350
298778076;17351
298794750;17352
298811424;17353
298828097;17354
298844771;17355
298861444;17356
298878118;17357
298894792;17358
298911465;17359
298928139;17360
298944812;17361
298961486;17362
298978160;17363
298994833;17364
299011507;17365
299028181;17366
299044854;17367
299061528;17368
299078201;17369
299094875;17370
299111549;17371
299128222;17372
299144896;17373
299161570;17374
299178243;17375
299194917;17376
299211590;17377
299228264;17378
299244938;17379
299278285;17380
299294959;17381
299311632;17382
299328306;17383
299344979;17384
299361653;17385
299378327;17386
299395000;17387
299411674;17388
299428348;17389
299445021;17390
299461695;17391
299478368;17392
299495042;17393
299511716;17394
299528389;17395
299545063;17396
299561737;17397
299578410;17398
299595084;17399
299611757;17400
299628431;17401
299645105;17402
299661778;17403
299678452;17404
299695126;17405
299711799;17406
299728473;17407
299745146;17408
299778494;17409
299795167;17410
299811841;17411
299828514;17412
299845188;17413
299861862;17414
299878535;17415
299895209;17416
299911883;17417
299928556;17418
299945230;17419
299961903;17420
299978577;17421
299995251;17422
300011924;17423
300028598;17424
300045272;17425
300061945;17426
300078619;17427
300095292;17428
300111966;17429
300128640;17430
300145313;17431
300161987;17432
300178661;17433
300195334;17434
300212008;17435
300228681;17436
300245355;17437
300278702;17438
300295376;17439
300312050;17440
300328723;17441
300345397;17442
300362070;17443
300378744;17444
300395418;17445
300412091;17446
300428765;17447
300445439;17448
300462112;17449
300478786;17450
300495459;17451
300512133;17452
300528807;17453
300545480;17454
300562154;17455
300578828;17456
300595501;17457
300612175;17458
300628848;17459
300645522;17460
300662196;17461
300678869;17462
300695543;17463
300712217;17464
300728890;17465
300745564;17466
300778911;17467
300795585;17468
300812258;17469
300828932;17470
300845606;17471
300862279;17472
300878953;17473
300895626;17474
300912300;17475
300928974;17476
300945647;17477
300962321;17478
300978995;17479
300995668;17480
301012342;17481
301029015;17482
301045689;17483
301062363;17484
301079036;17485
301095710;17486
301112384;17487
301129057;17488
301145731;17489
301162404;17490
301179078;17491
301195752;17492
301212425;17493
301229099;17494
301245773;17495
301279120;17496
301295793;17497
301312467;17498
301329141;17499
301345814;17500
301362488;17501
301379162;17502
301395835;17503
301412509;17504
301429182;17505
301445856;17506
301462530;17507
301479203;17508
301495877;17509
301512550;17510
301529224;17511
301545898;17512
301562571;17513
301579245;17514
301595919;17515
301612592;17516
301629266;17517
301645939;17518
301662613;17519
301679287;17520
301695960;17521
301712634;17522
301729308;17523
301745981;17524
301779328;17525
301796002;17526
301812676;17527
301829349;17528
301846023;17529
301862697;17530
301879370;17531
301896044;17532
301912717;17533
301929391;17534
301946065;17535
301962738;17536
301979412;17537
301996086;17538
302012759;17539
302029433;17540
302046107;17541
302062780;17542
302079454;17543
302096127;17544
302112801;17545
302129475;17546
302146148;17547
302162822;17548
302179495;17549
302196169;17550
302212843;17551
302229516;17552
302246190;17553
302279537;17554
302296211;17555
302312884;17556
302329558;17557
302346232;17558
302362905;17559
302379579;17560
302396253;17561
302412926;17562
302429600;17563
302446273;17564
302462947;17565
302479621;17566
302496294;17567
302512968;17568
302529642;17569
302546315;17570
302562989;17571
302579662;17572
302596336;17573
302613010;17574
302629683;17575
302646357;17576
302663031;17577
302679704;17578
302696378;17579
302713051;17580
302729725;17581
302746399;17582
302779746;17583
302796420;17584
302813093;17585
302829767;17586
302846440;17587
302863114;17588
302879788;17589
302896461;17590
302913135;17591
302929809;17592
302946482;17593
302963156;17594
302979829;17595
302996503;17596
303013177;17597
303029850;17598
303046524;17599
303063198;17600
303079871;17601
303096545;17602
303113218;17603
303129892;17604
303146566;17605
303163239;17606
303179913;17607
303196587;17608
303213260;17609
303229934;17610
303246607;17611
303279955;17612
303296628;17613
303313302;17614
303329976;17615
303346649;17616
303363323;17617
303379996;17618
303396670;17619
303413344;17620
303430017;17621
303446691;17622
303463365;17623
303480038;17624
303496712;17625
303513386;17626
303530059;17627
303546733;17628
303563406;17629
303580080;17630
303596754;17631
303613427;17632
303630101;17633
303646775;17634
303663448;17635
303680122;17636
303696795;17637
303713469;17638
303730143;17639
303746816;17640
303780163;17641
303796837;17642
303813511;17643
303830184;17644
303846858;17645
303863532;17646
303880205;17647
303896879;17648
303913552;17649
303930226;17650
303946900;17651
303963573;17652
303980247;17653
303996921;17654
304013594;17655
304030268;17656
304046941;17657
304063615;17658
304080289;17659
304096962;17660
304113636;17661
304130310;17662
304146983;17663
304163657;17664
304180330;17665
304197004;17666
304213678;17667
304230351;17668
304247025;17669
304280372;17670
304297046;17671
304313720;17672
304330393;17673
304347067;17674
304363740;17675
304380414;17676
304397088;17677
304413761;17678
304430435;17679
304447109;17680
304463782;17681
304480456;17682
304497129;17683
304513803;17684
304530477;17685
304547150;17686
304563824;17687
304580498;17688
304597171;17689
304613845;17690
304630518;17691
304647192;17692
304663866;17693
304680539;17694
304697213;17695
304713887;17696
304730560;17697
304747234;17698
304780581;17699
304797255;17700
304813928;17701
304830602;17702
304847275;17703
304863949;17704
304880623;17705
304897296;17706
304913970;17707
304930644;17708
304947317;17709
304963991;17710
304980665;17711
304997338;17712
305014012;17713
305030685;17714
305047359;17715
305064033;17716
305080706;17717
305097380;17718
305114054;17719
305130727;17720
305147401;17721
305164074;17722
305180748;17723
305197422;17724
305214095;17725
305230769;17726
305247443;17727
305280790;17728
305297463;17729
305314137;17730
305330811;17731
305347484;17732
305364158;17733
305380832;17734
305397505;17735
305414179;17736
305430853;17737
305447526;17738
305464200;17739
305480873;17740
305497547;17741
305514221;17742
305530894;17743
305547568;17744
305564242;17745
305580915;17746
305597589;17747
305614262;17748
305630936;17749
305647610;17750
305664283;17751
305680957;17752
305697631;17753
305714304;17754
305730978;17755
305747651;17756
305780999;17757
305797672;17758
305814346;17759
305831020;17760
305847693;17761
305864367;17762
305881040;17763
305897714;17764
305914388;17765
305931061;17766
305947735;17767
305964409;17768
305981082;17769
305997756;17770
306014429;17771
306031103;17772
306047777;17773
306064450;17774
306081124;17775
306097798;17776
306114471;17777
306131145;17778
306147818;17779
306164492;17780
306181166;17781
306197839;17782
306214513;17783
306231187;17784
306247860;17785
306281208;17786
306297881;17787
306314555;17788
306331228;17789
306347902;17790
306364576;17791
306381249;17792
306397923;17793
306414597;17794
306431270;17795
306447944;17796
306464617;17797
306481291;17798
306497965;17799
306514638;17800
306531312;17801
306547986;17802
306564659;17803
306581333;17804
306598006;17805
306614680;17806
306631354;17807
306648027;17808
306664701;17809
306681375;17810
306698048;17811
306714722;17812
306731396;17813
306748069;17814
306781416;17815
306798090;17816
306814764;17817
306831437;17818
306848111;17819
306864784;17820
306881458;17821
306898132;17822
306914805;17823
306931479;17824
306948153;17825
306964826;17826
306981500;17827
306998173;17828
307014847;17829
307031521;17830
307048194;17831
307064868;17832
307081542;17833
307098215;17834
307114889;17835
307131563;17836
307148236;17837
307164910;17838
307181583;17839
307198257;17840
307214931;17841
307231604;17842
307248278;17843
307281625;17844
307298299;17845
307314972;17846
307331646;17847
307348320;17848
307364993;17849
307381667;17850
307398341;17851
307415014;17852
307431688;17853
307448361;17854
307465035;17855
307481709;17856
307498382;17857
307515056;17858
307531730;17859
307548403;17860
307565077;17861
307581750;17862
307598424;17863
307615098;17864
307631771;17865
307648445;17866
307665119;17867
307681792;17868
307698466;17869
307715140;17870
307731813;17871
307748487;17872
307781834;17873
307798508;17874
307815181;17875
307831855;17876
307848529;17877
307865202;17878
307881876;17879
307898549;17880
307915223;17881
307931897;17882
307948570;17883
307965244;17884
307981918;17885
307998591;17886
308015265;17887
308031939;17888
308048612;17889
308065286;17890
308081959;17891
308098633;17892
308115307;17893
308131980;17894
308148654;17895
308165328;17896
308182001;17897
308198675;17898
308215348;17899
308232022;17900
308248696;17901
308282043;17902
308298717;17903
308315390;17904
308332064;17905
308348737;17906
308365411;17907
308382085;17908
308398758;17909
308415432;17910
308432106;17911
308448779;17912
308465453;17913
308482126;17914
308498800;17915
308515474;17916
308532147;17917
308548821;17918
308565495;17919
308582168;17920
308598842;17921
308615515;17922
308632189;17923
308648863;17924
308665536;17925
308682210;17926
308698884;17927
308715557;17928
308732231;17929
308748905;17930
308782252;17931
308798925;17932
308815599;17933
308832273;17934
308848946;17935
308865620;17936
308882294;17937
308898967;17938
308915641;17939
308932314;17940
308948988;17941
308965662;17942
308982335;17943
308999009;17944
309015683;17945
309032356;17946
309049030;17947
309065704;17948
309082377;17949
309099051;17950
309115724;17951
309132398;17952
309149072;17953
309165745;17954
309182419;17955
309199093;17956
309215766;17957
309232440;17958
309249114;17959
309282461;17960
309299134;17961
309315808;17962
309332482;17963
309349155;17964
309365829;17965
309382503;17966
309399176;17967
309415850;17968
309432523;17969
309449197;17970
309465871;17971
309482544;17972
309499218;17973
309515892;17974
309532565;17975
309549239;17976
309565912;17977
309582586;17978
309599260;17979
309615933;17980
309632607;17981
309649281;17982
309665954;17983
309682628;17984
309699301;17985
309715975;17986
309732649;17987
309749322;17988
309782670;17989
309799343;17990
309816017;17991
309832691;17992
309849364;17993
309866038;17994
309882711;17995
309899385;17996
309916059;17997
309932732;17998
309949406;17999
309966080;18000
309982753;18001
309999427;18002
310016100;18003
310032774;18004
310049448;18005
310066121;18006
310082795;18007
310099469;18008
310116142;18009
310132816;18010
310149490;18011
310166163;18012
310182837;18013
310199510;18014
310216184;18015
310232858;18016
310249531;18017
310282879;18018
310299552;18019
310316226;18020
310332899;18021
310349573;18022
310366247;18023
310382920;18024
310399594;18025
310416268;18026
310432941;18027
310449615;18028
310466289;18029
310482962;18030
310499636;18031
310516309;18032
310532983;18033
310549657;18034
310566330;18035
310583004;18036
310599678;18037
310616351;18038
310633025;18039
310649698;18040
310666372;18041
310683046;18042
310699719;18043
310716393;18044
310733067;18045
310749740;18046
310783087;18047
310799761;18048
310816435;18049
310833108;18050
310849782;18051
310866456;18052
310883129;18053
310899803;18054
310916477;18055
310933150;18056
310949824;18057
310966498;18058
310983171;18059
310999845;18060
311016518;18061
311033192;18062
311049866;18063
311066539;18064
311083213;18065
311099886;18066
311116560;18067
311133234;18068
311149907;18069
311166581;18070
311183255;18071
311199928;18072
311216602;18073
311233275;18074
311249949;18075
311283296;18076
311299970;18077
311316644;18078
311333317;18079
311349991;18080
311366665;18081
311383338;18082
311400012;18083
311416685;18084
311433359;18085
311450033;18086
311466706;18087
311483380;18088
311500054;18089
311516727;18090
311533401;18091
311550075;18092
311566748;18093
311583422;18094
311600095;18095
311616769;18096
311633443;18097
311650116;18098
311666790;18099
311683464;18100
311700137;18101
311716811;18102
311733485;18103
311750158;18104
311783505;18105
311800179;18106
311816853;18107
311833526;18108
311850200;18109
311866873;18110
311883547;18111
311900221;18112
311916894;18113
311933568;18114
311950242;18115
311966915;18116
311983589;18117
312000263;18118
312016936;18119
312033610;18120
312050283;18121
312066957;18122
312083631;18123
312100304;18124
312116978;18125
312133652;18126
312150325;18127
312166999;18128
312183673;18129
312200346;18130
312217020;18131
312233693;18132
312250367;18133
312283714;18134
312300388;18135
312317062;18136
312333735;18137
312350409;18138
312367082;18139
312383756;18140
312400430;18141
312417103;18142
312433777;18143
312450451;18144
312467124;18145
312483798;18146
312500472;18147
312517145;18148
312533819;18149
312550492;18150
312567166;18151
312583840;18152
312600513;18153
312617187;18154
312633861;18155
312650534;18156
312667208;18157
312683881;18158
312700555;18159
312717229;18160
312733902;18161
312750576;18162
312783923;18163
312800597;18164
312817271;18165
312833944;18166
312850618;18167
312867291;18168
312883965;18169
312900639;18170
312917312;18171
312933986;18172
312950660;18173
312967333;18174
312984007;18175
313000680;18176
313017354;18177
313034028;18178
313050701;18179
313067375;18180
313084049;18181
313100722;18182
313117396;18183
313134070;18184
313150743;18185
313167417;18186
313184090;18187
313200764;18188
313217438;18189
313234111;18190
313250785;18191
313284132;18192
313300806;18193
313317480;18194
313334153;18195
313350827;18196
313367500;18197
313384174;18198
313400848;18199
313417521;18200
313434195;18201
313450869;18202
313467542;18203
313484216;18204
313500890;18205
313517563;18206
313534237;18207
313550910;18208
313567584;18209
313584258;18210
313600931;18211
313617605;18212
313634279;18213
313650952;18214
313667626;18215
313684299;18216
313700973;18217
313717647;18218
313734320;18219
313750994;18220
313784341;18221
313801015;18222
313817689;18223
313834362;18224
313851036;18225
313867710;18226
313884383;18227
313901057;18228
313917730;18229
313934404;18230
313951078;18231
313967751;18232
313984425;18233
314001098;18234
314017772;18235
314034446;18236
314051119;18237
314067793;18238
314084467;18239
314101140;18240
314117814;18241
314134488;18242
314151161;18243
314167835;18244
314184508;18245
314201182;18246
314217856;18247
314234529;18248
314251203;18249
314284550;18250
314301224;18251
314317898;18252
314334571;18253
314351245;18254
314367918;18255
314384592;18256
314401266;18257
314417939;18258
314434613;18259
314451287;18260
314467960;18261
314484634;18262
314501307;18263
314517981;18264
314534655;18265
314551328;18266
314568002;18267
314584676;18268
314601349;18269
314618023;18270
314634697;18271
314651370;18272
314668044;18273
314684717;18274
314701391;18275
314718065;18276
314734738;18277
314751412;18278
314784759;18279
314801433;18280
314818107;18281
314834780;18282
314851454;18283
314868127;18284
314884801;18285
314901475;18286
314918148;18287
314934822;18288
314951496;18289
314968169;18290
314984843;18291
315001517;18292
315018190;18293
315034864;18294
315051537;18295
315068211;18296
315084885;18297
315101558;18298
315118232;18299
315134906;18300
315151579;18301
315168253;18302
315184927;18303
315201600;18304
315218274;18305
315234947;18306
315251621;18307
315284968;18308
315301642;18309
315318316;18310
315334989;18311
315351663;18312
315368336;18313
315385010;18314
315401684;18315
315418357;18316
315435031;18317
315451705;18318
315468378;18319
315485052;18320
315501726;18321
315518399;18322
315535073;18323
315551746;18324
315568420;18325
315585094;18326
315601767;18327
315618441;18328
315635115;18329
315651788;18330
315668462;18331
315685136;18332
315701809;18333
315718483;18334
315735156;18335
315751830;18336
315785177;18337
315801851;18338
315818525;18339
315835198;18340
315851872;18341
315868545;18342
315885219;18343
315901893;18344
315918566;18345
315935240;18346
315951914;18347
315968587;18348
315985261;18349
316001935;18350
316018608;18351
316035282;18352
316051955;18353
316068629;18354
316085303;18355
316101976;18356
316118650;18357
316135324;18358
316151997;18359
316168671;18360
316185345;18361
316202018;18362
316218692;18363
316235366;18364
316252039;18365
316285386;18366
316302060;18367
316318734;18368
316335407;18369
316352081;18370
316368755;18371
316385428;18372
316402102;18373
316418775;18374
316435449;18375
316452123;18376
316468796;18377
316485470;18378
316502144;18379
316518817;18380
316535491;18381
316552165;18382
316568838;18383
316585512;18384
316602185;18385
316618859;18386
316635533;18387
316652206;18388
316668880;18389
316685554;18390
316702227;18391
316718901;18392
316735575;18393
316752248;18394
316785595;18395
316802269;18396
316818943;18397
316835616;18398
316852290;18399
316868964;18400
316885637;18401
316902311;18402
316918985;18403
316935658;18404
316952332;18405
316969005;18406
316985679;18407
317002353;18408
317019026;18409
317035700;18410
317052374;18411
317069047;18412
317085721;18413
317102395;18414
317119068;18415
317135742;18416
317152416;18417
317169089;18418
317185763;18419
317202436;18420
317219110;18421
317235784;18422
317252457;18423
317285805;18424
317302478;18425
317319152;18426
317335825;18427
317352499;18428
317369173;18429
317385846;18430
317402520;18431
317419194;18432
317435867;18433
317452541;18434
317469215;18435
317485888;18436
317502562;18437
317519235;18438
317535909;18439
317552583;18440
317569256;18441
317585930;18442
317602604;18443
317619277;18444
317635951;18445
317652625;18446
317669298;18447
317685972;18448
317702645;18449
317719319;18450
317735993;18451
317752666;18452
317786014;18453
317802687;18454
317819361;18455
317836034;18456
317852708;18457
317869382;18458
317886055;18459
317902729;18460
317919403;18461
317936076;18462
317952750;18463
317969424;18464
317986097;18465
318002771;18466
318019444;18467
318036118;18468
318052792;18469
318069465;18470
318086139;18471
318102813;18472
318119486;18473
318136160;18474
318152834;18475
318169507;18476
318186181;18477
318202855;18478
318219528;18479
318236202;18480
318252875;18481
318286223;18482
318302896;18483
318319570;18484
318336244;18485
318352917;18486
318369591;18487
318386265;18488
318402938;18489
318419612;18490
318436285;18491
318452959;18492
318469633;18493
318486306;18494
318502980;18495
318519654;18496
318536327;18497
318553001;18498
318569674;18499
318586348;18500
318603022;18501
318619695;18502
318636369;18503
318653043;18504
318669716;18505
318686390;18506
318703064;18507
318719737;18508
318736411;18509
318753085;18510
318786432;18511
318803105;18512
318819779;18513
318836453;18514
318853126;18515
318869800;18516
318886474;18517
318903147;18518
318919821;18519
318936494;18520
318953168;18521
318969842;18522
318986515;18523
319003189;18524
319019863;18525
319036536;18526
319053210;18527
319069884;18528
319086557;18529
319103231;18530
319119904;18531
319136578;18532
319153252;18533
319169925;18534
319186599;18535
319203273;18536
319219946;18537
319236620;18538
319253294;18539
319286641;18540
319303314;18541
319319988;18542
319336662;18543
319353335;18544
319370009;18545
319386683;18546
319403356;18547
319420030;18548
319436704;18549
319453377;18550
319470051;18551
319486724;18552
319503398;18553
319520072;18554
319536745;18555
319553419;18556
319570093;18557
319586766;18558
319603440;18559
319620114;18560
319636787;18561
319653461;18562
319670134;18563
319686808;18564
319703482;18565
319720155;18566
319736829;18567
319753503;18568
319786850;18569
319803523;18570
319820197;18571
319836871;18572
319853544;18573
319870218;18574
319886892;18575
319903565;18576
319920239;18577
319936913;18578
319953586;18579
319970260;18580
319986933;18581
320003607;18582
320020281;18583
320036954;18584
320053628;18585
320070302;18586
320086975;18587
320103649;18588
320120323;18589
320136996;18590
320153670;18591
320170343;18592
320187017;18593
320203691;18594
320220364;18595
320237038;18596
320253712;18597
320287059;18598
320303733;18599
320320406;18600
320337080;18601
320353754;18602
320370427;18603
320387101;18604
320403774;18605
320420448;18606
320437122;18607
320453795;18608
320470469;18609
320487143;18610
320503816;18611
320520490;18612
320537163;18613
320553837;18614
320570511;18615
320587184;18616
320603858;18617
320620532;18618
320637205;18619
320653879;18620
320670553;18621
320687226;18622
320703900;18623
320720573;18624
320737247;18625
320753921;18626
320787268;18627
320803942;18628
320820615;18629
320837289;18630
320853963;18631
320870636;18632
320887310;18633
320903983;18634
320920657;18635
320937331;18636
320954004;18637
320970678;18638
320987352;18639
321004025;18640
321020699;18641
321037373;18642
321054046;18643
321070720;18644
321087393;18645
321104067;18646
321120741;18647
321137414;18648
321154088;18649
321170762;18650
321187435;18651
321204109;18652
321220783;18653
321237456;18654
321254130;18655
321287477;18656
321304151;18657
321320824;18658
321337498;18659
321354172;18660
321370845;18661
321387519;18662
321404193;18663
321420866;18664
321437540;18665
321454213;18666
321470887;18667
321487561;18668
321504234;18669
321520908;18670
321537582;18671
321554255;18672
321570929;18673
321587603;18674
321604276;18675
321620950;18676
321637624;18677
321654297;18678
321670971;18679
321687644;18680
321704318;18681
321720992;18682
321737665;18683
321754339;18684
321787686;18685
321804360;18686
321821033;18687
321837707;18688
321854381;18689
321871054;18690
321887728;18691
321904402;18692
321921075;18693
321937749;18694
321954423;18695
321971096;18696
321987770;18697
322004444;18698
322021117;18699
322037791;18700
322054464;18701
322071138;18702
322087812;18703
322104485;18704
322121159;18705
322137833;18706
322154506;18707
322171180;18708
322187853;18709
322204527;18710
322221201;18711
322237874;18712
322254548;18713
322287895;18714
322304569;18715
322321243;18716
322337916;18717
322354590;18718
322371264;18719
322387937;18720
322404611;18721
322421284;18722
322437958;18723
322454632;18724
322471305;18725
322487979;18726
322504653;18727
322521326;18728
322538000;18729
322554673;18730
322571347;18731
322588021;18732
322604694;18733
322621368;18734
322638042;18735
322654715;18736
322671389;18737
322688063;18738
322704736;18739
322721410;18740
322738083;18741
322754757;18742
322788104;18743
322804778;18744
322821452;18745
322838125;18746
322854799;18747
322871473;18748
322888146;18749
322904820;18750
322921494;18751
322938167;18752
322954841;18753
322971514;18754
322988188;18755
323004862;18756
323021535;18757
323038209;18758
323054883;18759
323071556;18760
323088230;18761
323104904;18762
323121577;18763
323138251;18764
323154924;18765
323171598;18766
323188272;18767
323204945;18768
323221619;18769
323238293;18770
323254966;18771
323288314;18772
323304987;18773
323321661;18774
323338334;18775
323355008;18776
323371682;18777
323388355;18778
323405029;18779
323421703;18780
323438376;18781
323455050;18782
323471724;18783
323488397;18784
323505071;18785
323521744;18786
323538418;18787
323555092;18788
323571765;18789
323588439;18790
323605113;18791
323621786;18792
323638460;18793
323655134;18794
323671807;18795
323688481;18796
323705154;18797
323721828;18798
323738502;18799
323755175;18800
323788523;18801
323805196;18802
323821870;18803
323838544;18804
323855217;18805
323871891;18806
323888565;18807
323905238;18808
323921912;18809
323938585;18810
323955259;18811
323971933;18812
323988606;18813
324005280;18814
324021954;18815
324038627;18816
324055301;18817
324071974;18818
324088648;18819
324105322;18820
324121995;18821
324138669;18822
324155343;18823
324172016;18824
324188690;18825
324205364;18826
324222037;18827
324238711;18828
324255385;18829
324288732;18830
324305405;18831
324322079;18832
324338753;18833
324355426;18834
324372100;18835
324388774;18836
324405447;18837
324422121;18838
324438795;18839
324455468;18840
324472142;18841
324488815;18842
324505489;18843
324522163;18844
324538836;18845
324555510;18846
324572184;18847
324588857;18848
324605531;18849
324622205;18850
324638878;18851
324655552;18852
324672225;18853
324688899;18854
324705573;18855
324722246;18856
324738920;18857
324755594;18858
324788941;18859
324805614;18860
324822288;18861
324838962;18862
324855635;18863
324872309;18864
324888983;18865
324905656;18866
324922330;18867
324939004;18868
324955677;18869
324972351;18870
324989025;18871
325005698;18872
325022372;18873
325039045;18874
325055719;18875
325072393;18876
325089066;18877
325105740;18878
325122414;18879
325139087;18880
325155761;18881
325172435;18882
325189108;18883
325205782;18884
325222455;18885
325239129;18886
325255803;18887
325289150;18888
325305824;18889
325322497;18890
325339171;18891
325355845;18892
325372518;18893
325389192;18894
325405865;18895
325422539;18896
325439213;18897
325455886;18898
325472560;18899
325489234;18900
325505907;18901
325522581;18902
325539255;18903
325555928;18904
325572602;18905
325589275;18906
325605949;18907
325622623;18908
325639296;18909
325655970;18910
325672644;18911
325689317;18912
325705991;18913
325722665;18914
325739338;18915
325756012;18916
325789359;18917
325806033;18918
325822706;18919
325839380;18920
325856054;18921
325872727;18922
325889401;18923
325906075;18924
325922748;18925
325939422;18926
325956095;18927
325972769;18928
325989443;18929
326006116;18930
326022790;18931
326039464;18932
326056137;18933
326072811;18934
326089485;18935
326106158;18936
326122832;18937
326139505;18938
326156179;18939
326172853;18940
326189526;18941
326206200;18942
326222874;18943
326239547;18944
326256221;18945
326289568;18946
326306242;18947
326322915;18948
326339589;18949
326356263;18950
326372936;18951
326389610;18952
326406284;18953
326422957;18954
326439631;18955
326456305;18956
326472978;18957
326489652;18958
326506326;18959
326522999;18960
326539673;18961
326556346;18962
326573020;18963
326589694;18964
326606367;18965
326623041;18966
326639715;18967
326656388;18968
326673062;18969
326689736;18970
326706409;18971
326723083;18972
326739756;18973
326756430;18974
326789777;18975
326806451;18976
326823125;18977
326839798;18978
326856472;18979
326873145;18980
326889819;18981
326906493;18982
326923166;18983
326939840;18984
326956514;18985
326973187;18986
326989861;18987
327006535;18988
327023208;18989
327039882;18990
327056555;18991
327073229;18992
327089903;18993
327106576;18994
327123250;18995
327139924;18996
327156597;18997
327173271;18998
327189945;18999
327206618;19000
327223292;19001
327239965;19002
327256639;19003
327289986;19004
327306660;19005
327323334;19006
327340007;19007
327356681;19008
327373355;19009
327390028;19010
327406702;19011
327423376;19012
327440049;19013
327456723;19014
327473396;19015
327490070;19016
327506744;19017
327523417;19018
327540091;19019
327556765;19020
327573438;19021
327590112;19022
327606786;19023
327623459;19024
327640133;19025
327656806;19026
327673480;19027
327690154;19028
327706827;19029
327723501;19030
327740175;19031
327756848;19032
327790195;19033
327806869;19034
327823543;19035
327840216;19036
327856890;19037
327873564;19038
327890237;19039
327906911;19040
327923585;19041
327940258;19042
327956932;19043
327973605;19044
327990279;19045
328006953;19046
328023626;19047
328040300;19048
328056974;19049
328073647;19050
328090321;19051
328106995;19052
328123668;19053
328140342;19054
328157016;19055
328173689;19056
328190363;19057
328207036;19058
328223710;19059
328240384;19060
328257057;19061
328290405;19062
328307078;19063
328323752;19064
328340426;19065
328357099;19066
328373773;19067
328390446;19068
328407120;19069
328423794;19070
328440467;19071
328457141;19072
328473815;19073
328490488;19074
328507162;19075
328523835;19076
328540509;19077
328557183;19078
328573856;19079
328590530;19080
328607204;19081
328623877;19082
328640551;19083
328657225;19084
328673898;19085
328690572;19086
328707246;19087
328723919;19088
328740593;19089
328757266;19090
328790614;19091
328807287;19092
328823961;19093
328840635;19094
328857308;19095
328873982;19096
328890656;19097
328907329;19098
328924003;19099
328940676;19100
328957350;19101
328974024;19102
328990697;19103
329007371;19104
329024045;19105
329040718;19106
329057392;19107
329074066;19108
329090739;19109
329107413;19110
329124086;19111
329140760;19112
329157434;19113
329174107;19114
329190781;19115
329207455;19116
329224128;19117
329240802;19118
329257476;19119
329290823;19120
329307497;19121
329324170;19122
329340844;19123
329357517;19124
329374191;19125
329390865;19126
329407538;19127
329424212;19128
329440886;19129
329457559;19130
329474233;19131
329490907;19132
329507580;19133
329524254;19134
329540927;19135
329557601;19136
329574275;19137
329590948;19138
329607622;19139
329624296;19140
329640969;19141
329657643;19142
329674316;19143
329690990;19144
329707664;19145
329724337;19146
329741011;19147
329757685;19148
329791032;19149
329807706;19150
329824379;19151
329841053;19152
329857726;19153
329874400;19154
329891074;19155
329907747;19156
329924421;19157
329941095;19158
329957768;19159
329974442;19160
329991116;19161
330007789;19162
330024463;19163
330041137;19164
330057810;19165
330074484;19166
330091157;19167
330107831;19168
330124505;19169
330141178;19170
330157852;19171
330174526;19172
330191199;19173
330207873;19174
330224546;19175
330241220;19176
330257894;19177
330291241;19178
330307915;19179
330324588;19180
330341262;19181
330357936;19182
330374609;19183
330391283;19184
330407957;19185
330424630;19186
330441304;19187
330457977;19188
330474651;19189
330491325;19190
330507998;19191
330524672;19192
330541346;19193
330558019;19194
330574693;19195
330591367;19196
330608040;19197
330624714;19198
330641387;19199
330658061;19200
330674735;19201
330691408;19202
330708082;19203
330724756;19204
330741429;19205
330758103;19206
330791450;19207
330808124;19208
330824797;19209
330841471;19210
330858145;19211
330874818;19212
330891492;19213
330908166;19214
330924839;19215
330941513;19216
330958187;19217
330974860;19218
330991534;19219
331008207;19220
331024881;19221
331041555;19222
331058228;19223
331074902;19224
331091576;19225
331108249;19226
331124923;19227
331141597;19228
331158270;19229
331174944;19230
331191617;19231
331208291;19232
331224965;19233
331241638;19234
331258312;19235
331291659;19236
331308333;19237
331325007;19238
331341680;19239
331358354;19240
331375028;19241
331391701;19242
331408375;19243
331425048;19244
331441722;19245
331458396;19246
331475069;19247
331491743;19248
331508417;19249
331525090;19250
331541764;19251
331558438;19252
331575111;19253
331591785;19254
331608458;19255
331625132;19256
331641806;19257
331658479;19258
331675153;19259
331691827;19260
331708500;19261
331725174;19262
331741847;19263
331758521;19264
331791868;19265
331808542;19266
331825216;19267
331841889;19268
331858563;19269
331875237;19270
331891910;19271
331908584;19272
331925257;19273
331941931;19274
331958605;19275
331975278;19276
331991952;19277
332008626;19278
332025299;19279
332041973;19280
332058647;19281
332075320;19282
332091994;19283
332108668;19284
332125341;19285
332142015;19286
332158688;19287
332175362;19288
332192036;19289
332208709;19290
332225383;19291
332242057;19292
332258730;19293
332292077;19294
332308751;19295
332325425;19296
332342098;19297
332358772;19298
332375446;19299
332392119;19300
332408793;19301
332425467;19302
332442140;19303
332458814;19304
332475487;19305
332492161;19306
332508835;19307
332525508;19308
332542182;19309
332558856;19310
332575529;19311
332592203;19312
332608876;19313
332625550;19314
332642224;19315
332658897;19316
332675571;19317
332692245;19318
332708918;19319
332725592;19320
332742266;19321
332758939;19322
332792287;19323
332808960;19324
332825634;19325
332842307;19326
332858981;19327
332875655;19328
332892328;19329
332909002;19330
332925676;19331
332942349;19332
332959023;19333
332975697;19334
332992370;19335
333009044;19336
333025717;19337
333042391;19338
333059065;19339
333075738;19340
333092412;19341
333109086;19342
333125759;19343
333142433;19344
333159107;19345
333175780;19346
333192454;19347
333209127;19348
333225801;19349
333242475;19350
333259148;19351
333292496;19352
333309169;19353
333325843;19354
333342517;19355
333359190;19356
333375864;19357
333392537;19358
333409211;19359
333425885;19360
333442558;19361
333459232;19362
333475906;19363
333492579;19364
333509253;19365
333525926;19366
333542600;19367
333559274;19368
333575947;19369
333592621;19370
333609295;19371
333625968;19372
333642642;19373
333659316;19374
333675989;19375
333692663;19376
333709336;19377
333726010;19378
333742684;19379
333759357;19380
333792705;19381
333809378;19382
333826052;19383
333842726;19384
333859399;19385
333876073;19386
333892747;19387
333909420;19388
333926094;19389
333942767;19390
333959441;19391
333976115;19392
333992788;19393
334009462;19394
334026136;19395
334042809;19396
334059483;19397
334076156;19398
334092830;19399
334109504;19400
334126177;19401
334142851;19402
334159525;19403
334176198;19404
334192872;19405
334209546;19406
334226219;19407
334242893;19408
334259566;19409
334292914;19410
334309587;19411
334326261;19412
334342935;19413
334359608;19414
334376282;19415
334392956;19416
334409629;19417
334426303;19418
334442976;19419
334459650;19420
334476324;19421
334492997;19422
334509671;19423
334526345;19424
334543018;19425
334559692;19426
334576365;19427
334593039;19428
334609713;19429
334626386;19430
334643060;19431
334659734;19432
334676407;19433
334693081;19434
334709755;19435
334726428;19436
334743102;19437
334759775;19438
334793123;19439
334809796;19440
334826470;19441
334843144;19442
334859817;19443
334876491;19444
334893165;19445
334909838;19446
334926512;19447
334943186;19448
334959859;19449
334976533;19450
334993206;19451
335009880;19452
335026554;19453
335043227;19454
335059901;19455
335076575;19456
335093248;19457
335109922;19458
335126595;19459
335143269;19460
335159943;19461
335176616;19462
335193290;19463
335209964;19464
335226637;19465
335243311;19466
335259984;19467
335293332;19468
335310005;19469
335326679;19470
335343353;19471
335360026;19472
335376700;19473
335393374;19474
335410047;19475
335426721;19476
335443395;19477
335460068;19478
335476742;19479
335493415;19480
335510089;19481
335526763;19482
335543436;19483
335560110;19484
335576784;19485
335593457;19486
335610131;19487
335626804;19488
335643478;19489
335660152;19490
335676825;19491
335693499;19492
335710173;19493
335726846;19494
335743520;19495
335760194;19496
335793541;19497
335810214;19498
335826888;19499
335843562;19500
335860235;19501
335876909;19502
335893583;19503
335910256;19504
335926930;19505
335943603;19506
335960277;19507
335976951;19508
335993624;19509
336010298;19510
336026972;19511
336043645;19512
336060319;19513
336076993;19514
336093666;19515
336110340;19516
336127013;19517
336143687;19518
336160361;19519
336177034;19520
336193708;19521
336210382;19522
336227055;19523
336243729;19524
336260403;19525
336293750;19526
336310424;19527
336327097;19528
336343771;19529
336360444;19530
336377118;19531
336393792;19532
336410465;19533
336427139;19534
336443812;19535
336460486;19536
336477160;19537
336493833;19538
336510507;19539
336527181;19540
336543854;19541
336560528;19542
336577202;19543
336593875;19544
336610549;19545
336627222;19546
336643896;19547
336660570;19548
336677243;19549
336693917;19550
336710591;19551
336727264;19552
336743938;19553
336760612;19554
336793959;19555
336810633;19556
336827306;19557
336843980;19558
336860653;19559
336877327;19560
336894001;19561
336910674;19562
336927348;19563
336944021;19564
336960695;19565
336977369;19566
336994042;19567
337010716;19568
337027390;19569
337044063;19570
337060737;19571
337077411;19572
337094084;19573
337110758;19574
337127431;19575
337144105;19576
337160779;19577
337177452;19578
337194126;19579
337210800;19580
337227473;19581
337244147;19582
337260821;19583
337294168;19584
337310842;19585
337327515;19586
337344189;19587
337360862;19588
337377536;19589
337394210;19590
337410883;19591
337427557;19592
337444231;19593
337460904;19594
337477578;19595
337494251;19596
337510925;19597
337527599;19598
337544272;19599
337560946;19600
337577620;19601
337594293;19602
337610967;19603
337627641;19604
337644314;19605
337660988;19606
337677661;19607
337694335;19608
337711009;19609
337727682;19610
337744356;19611
337761030;19612
337794377;19613
337811050;19614
337827724;19615
337844398;19616
337861071;19617
337877745;19618
337894419;19619
337911092;19620
337927766;19621
337944440;19622
337961113;19623
337977787;19624
337994460;19625
338011134;19626
338027808;19627
338044481;19628
338061155;19629
338077829;19630
338094502;19631
338111176;19632
338127850;19633
338144523;19634
338161197;19635
338177870;19636
338194544;19637
338211218;19638
338227891;19639
338244565;19640
338261239;19641
338294586;19642
338311259;19643
338327933;19644
338344607;19645
338361280;19646
338377954;19647
338394628;19648
338411301;19649
338427975;19650
338444649;19651
338461322;19652
338477996;19653
338494669;19654
338511343;19655
338528017;19656
338544690;19657
338561364;19658
338578038;19659
338594711;19660
338611385;19661
338628058;19662
338644732;19663
338661406;19664
338678079;19665
338694753;19666
338711427;19667
338728100;19668
338744774;19669
338761448;19670
338794795;19671
338811468;19672
338828142;19673
338844816;19674
338861489;19675
338878163;19676
338894837;19677
338911510;19678
338928184;19679
338944858;19680
338961531;19681
338978205;19682
338994879;19683
339011552;19684
339028226;19685
339044899;19686
339061573;19687
339078247;19688
339094920;19689
339111594;19690
339128267;19691
339144941;19692
339161615;19693
339178288;19694
339194962;19695
339211636;19696
339228309;19697
339244983;19698
339261657;19699
339295004;19700
339311677;19701
339328351;19702
339345025;19703
339361698;19704
339378372;19705
339395046;19706
339411719;19707
339428393;19708
339445067;19709
339461740;19710
339478414;19711
339495087;19712
339511761;19713
339528435;19714
339545108;19715
339561782;19716
339578456;19717
339595129;19718
339611803;19719
339628476;19720
339645150;19721
339661824;19722
339678497;19723
339695171;19724
339711845;19725
339728518;19726
339745192;19727
339761866;19728
339795213;19729
339811886;19730
339828560;19731
339845234;19732
339861907;19733
339878581;19734
339895255;19735
339911928;19736
339928602;19737
339945275;19738
339961949;19739
339978623;19740
339995296;19741
340011970;19742
340028644;19743
340045317;19744
340061991;19745
340078665;19746
340095338;19747
340112012;19748
340128685;19749
340145359;19750
340162033;19751
340178706;19752
340195380;19753
340212054;19754
340228727;19755
340245401;19756
340262074;19757
340295422;19758
340312095;19759
340328769;19760
340345443;19761
340362116;19762
340378790;19763
340395463;19764
340412137;19765
340428811;19766
340445484;19767
340462158;19768
340478832;19769
340495505;19770
340512179;19771
340528853;19772
340545526;19773
340562200;19774
340578873;19775
340595547;19776
340612221;19777
340628894;19778
340645568;19779
340662242;19780
340678915;19781
340695589;19782
340712263;19783
340728936;19784
340745610;19785
340762283;19786
340795631;19787
340812304;19788
340828978;19789
340845652;19790
340862325;19791
340878999;19792
340895672;19793
340912346;19794
340929020;19795
340945693;19796
340962367;19797
340979041;19798
340995714;19799
341012388;19800
341029061;19801
341045735;19802
341062409;19803
341079082;19804
341095756;19805
341112430;19806
341129103;19807
341145777;19808
341162451;19809
341179124;19810
341195798;19811
341212471;19812
341229145;19813
341245819;19814
341262492;19815
341295840;19816
341312513;19817
341329187;19818
341345860;19819
341362534;19820
341379208;19821
341395881;19822
341412555;19823
341429229;19824
341445902;19825
341462576;19826
341479250;19827
341495923;19828
341512597;19829
341529270;19830
341545944;19831
341562618;19832
341579291;19833
341595965;19834
341612638;19835
341629312;19836
341645986;19837
341662659;19838
341679333;19839
341696007;19840
341712680;19841
341729354;19842
341746028;19843
341762701;19844
341796049;19845
341812722;19846
341829396;19847
341846069;19848
341862743;19849
341879417;19850
341896090;19851
341912764;19852
341929438;19853
341946111;19854
341962785;19855
341979458;19856
341996132;19857
342012806;19858
342029479;19859
342046153;19860
342062827;19861
342079500;19862
342096174;19863
342112848;19864
342129521;19865
342146195;19866
342162868;19867
342179542;19868
342196216;19869
342212889;19870
342229563;19871
342246236;19872
342262910;19873
342296257;19874
342312931;19875
342329605;19876
342346278;19877
342362952;19878
342379626;19879
342396299;19880
342412973;19881
342429646;19882
342446320;19883
342462994;19884
342479667;19885
342496341;19886
342513015;19887
342529688;19888
342546362;19889
342563035;19890
342579709;19891
342596383;19892
342613056;19893
342629730;19894
342646404;19895
342663077;19896
342679751;19897
342696425;19898
342713098;19899
342729772;19900
342746445;19901
342763119;19902
342796466;19903
342813140;19904
342829814;19905
342846487;19906
342863161;19907
342879834;19908
342896508;19909
342913182;19910
342929855;19911
342946529;19912
342963203;19913
342979876;19914
342996550;19915
343013224;19916
343029897;19917
343046571;19918
343063244;19919
343079918;19920
343096592;19921
343113265;19922
343129939;19923
343146613;19924
343163286;19925
343179960;19926
343196634;19927
343213307;19928
343229981;19929
343246654;19930
343263328;19931
343296675;19932
343313349;19933
343330023;19934
343346696;19935
343363370;19936
343380043;19937
343396717;19938
343413391;19939
343430064;19940
343446738;19941
343463412;19942
343480085;19943
343496759;19944
343513432;19945
343530106;19946
343546780;19947
343563453;19948
343580127;19949
343596801;19950
343613474;19951
343630148;19952
343646822;19953
343663495;19954
343680169;19955
343696842;19956
343713516;19957
343730190;19958
343746863;19959
343763537;19960
343796884;19961
343813558;19962
343830231;19963
343846905;19964
343863579;19965
343880252;19966
343896926;19967
343913600;19968
343930273;19969
343946947;19970
343963620;19971
343980294;19972
343996968;19973
344013641;19974
344030315;19975
344046989;19976
344063662;19977
344080336;19978
344097010;19979
344113683;19980
344130357;19981
344147030;19982
344163704;19983
344180378;19984
344197051;19985
344213725;19986
344230399;19987
344247072;19988
344263746;19989
344297093;19990
344313767;19991
344330440;19992
344347114;19993
344363788;19994
344380461;19995
344397135;19996
344413809;19997
344430482;19998
344447156;19999
344463829;20000
344480503;20001
344497177;20002
344513850;20003
344530524;20004
344547198;20005
344563871;20006
344580545;20007
344597219;20008
344613892;20009
344630566;20010
344647239;20011
344663913;20012
344680587;20013
344697260;20014
344713934;20015
344730607;20016
344747281;20017
344763955;20018
344797302;20019
344813976;20020
344830649;20021
344847323;20022
344863997;20023
344880670;20024
344897344;20025
344914017;20026
344930691;20027
344947365;20028
344964038;20029
344980712;20030
344997386;20031
345014059;20032
345030733;20033
345047407;20034
345064080;20035
345080754;20036
345097427;20037
345114101;20038
345130775;20039
345147448;20040
345164122;20041
345180796;20042
345197469;20043
345214143;20044
345230816;20045
345247490;20046
345264164;20047
345297511;20048
345314185;20049
345330858;20050
345347532;20051
345364205;20052
345380879;20053
345397553;20054
345414226;20055
345430900;20056
345447574;20057
345464247;20058
345480921;20059
345497595;20060
345514268;20061
345530942;20062
345547616;20063
345564289;20064
345580963;20065
345597636;20066
345614310;20067
345630984;20068
345647657;20069
345664331;20070
345681005;20071
345697678;20072
345714352;20073
345731025;20074
345747699;20075
345764373;20076
345797720;20077
345814394;20078
345831067;20079
345847741;20080
345864415;20081
345881088;20082
345897762;20083
345914435;20084
345931109;20085
345947783;20086
345964456;20087
345981130;20088
345997804;20089
346014477;20090
346031151;20091
346047824;20092
346064498;20093
346081172;20094
346097845;20095
346114519;20096
346131193;20097
346147866;20098
346164540;20099
346181213;20100
346197887;20101
346214561;20102
346231234;20103
346247908;20104
346264582;20105
346297929;20106
346314603;20107
346331276;20108
346347950;20109
346364623;20110
346381297;20111
346397971;20112
346414644;20113
346431318;20114
346447992;20115
346464665;20116
346481339;20117
346498012;20118
346514686;20119
346531360;20120
346548033;20121
346564707;20122
346581381;20123
346598054;20124
346614728;20125
346631401;20126
346648075;20127
346664749;20128
346681422;20129
346698096;20130
346714770;20131
346731443;20132
346748117;20133
346764790;20134
346798138;20135
346814811;20136
346831485;20137
346848159;20138
346864832;20139
346881506;20140
346898179;20141
346914853;20142
346931527;20143
346948200;20144
346964874;20145
346981548;20146
346998221;20147
347014895;20148
347031569;20149
347048242;20150
347064916;20151
347081589;20152
347098263;20153
347114937;20154
347131610;20155
347148284;20156
347164958;20157
347181631;20158
347198305;20159
347214978;20160
347231652;20161
347248326;20162
347264999;20163
347298347;20164
347315020;20165
347331694;20166
347348368;20167
347365041;20168
347381715;20169
347398388;20170
347415062;20171
347431736;20172
347448409;20173
347465083;20174
347481757;20175
347498430;20176
347515104;20177
347531778;20178
347548451;20179
347565125;20180
347581798;20181
347598472;20182
347615146;20183
347631819;20184
347648493;20185
347665166;20186
347681840;20187
347698514;20188
347715187;20189
347731861;20190
347748535;20191
347765208;20192
347798556;20193
347815229;20194
347831903;20195
347848576;20196
347865250;20197
347881924;20198
347898597;20199
347915271;20200
347931945;20201
347948618;20202
347965292;20203
347981965;20204
347998639;20205
348015313;20206
348031986;20207
348048660;20208
348065334;20209
348082007;20210
348098681;20211
348115354;20212
348132028;20213
348148702;20214
348165375;20215
348182049;20216
348198723;20217
348215396;20218
348232070;20219
348248744;20220
348265417;20221
348298764;20222
348315438;20223
348332112;20224
348348785;20225
348365459;20226
348382133;20227
348398806;20228
348415480;20229
348432154;20230
348448827;20231
348465501;20232
348482174;20233
348498848;20234
348515522;20235
348532195;20236
348548869;20237
348565543;20238
348582216;20239
348598890;20240
348615563;20241
348632237;20242
348648911;20243
348665584;20244
348682258;20245
348698932;20246
348715605;20247
348732279;20248
348748952;20249
348765626;20250
348798973;20251
348815647;20252
348832321;20253
348848994;20254
348865668;20255
348882341;20256
348899015;20257
348915689;20258
348932362;20259
348949036;20260
348965710;20261
348982383;20262
348999057;20263
349015731;20264
349032404;20265
349049078;20266
349065751;20267
349082425;20268
349099099;20269
349115772;20270
349132446;20271
349149119;20272
349165793;20273
349182467;20274
349199140;20275
349215814;20276
349232488;20277
349249161;20278
349265835;20279
349299182;20280
349315856;20281
349332529;20282
349349203;20283
349365877;20284
349382550;20285
349399224;20286
349415898;20287
349432571;20288
349449245;20289
349465919;20290
349482592;20291
349499266;20292
349515939;20293
349532613;20294
349549287;20295
349565960;20296
349582634;20297
349599308;20298
349615981;20299
349632655;20300
349649329;20301
349666002;20302
349682676;20303
349699349;20304
349716023;20305
349732697;20306
349749370;20307
349766044;20308
349799391;20309
349816065;20310
349832738;20311
349849412;20312
349866086;20313
349882759;20314
349899433;20315
349916107;20316
349932780;20317
349949454;20318
349966127;20319
349982801;20320
349999475;20321
350016148;20322
350032822;20323
350049496;20324
350066169;20325
350082843;20326
350099516;20327
350116190;20328
350132864;20329
350149537;20330
350166211;20331
350182885;20332
350199558;20333
350216232;20334
350232905;20335
350249579;20336
350266253;20337
350299600;20338
350316274;20339
350332947;20340
350349621;20341
350366294;20342
350382968;20343
350399642;20344
350416315;20345
350432989;20346
350449663;20347
350466336;20348
350483010;20349
350499684;20350
350516357;20351
350533031;20352
350549704;20353
350566378;20354
350583052;20355
350599725;20356
350616399;20357
350633073;20358
350649746;20359
350666420;20360
350683093;20361
350699767;20362
350716441;20363
350733114;20364
350749788;20365
350766462;20366
350799809;20367
350816483;20368
350833156;20369
350849830;20370
350866503;20371
350883177;20372
350899851;20373
350916524;20374
350933198;20375
350949872;20376
350966545;20377
350983219;20378
350999892;20379
351016566;20380
351033240;20381
351049913;20382
351066587;20383
351083261;20384
351099934;20385
351116608;20386
351133282;20387
351149955;20388
351166629;20389
351183302;20390
351199976;20391
351216650;20392
351233323;20393
351249997;20394
351266671;20395
351300018;20396
351316691;20397
351333365;20398
351350039;20399
351366712;20400
351383386;20401
351400060;20402
351416733;20403
351433407;20404
351450080;20405
351466754;20406
351483428;20407
351500101;20408
351516775;20409
351533449;20410
351550122;20411
351566796;20412
351583470;20413
351600143;20414
351616817;20415
351633490;20416
351650164;20417
351666838;20418
351683511;20419
351700185;20420
351716859;20421
351733532;20422
351750206;20423
351766879;20424
351783553;20425
351816900;20426
351833574;20427
351850248;20428
351866921;20429
351883595;20430
351900269;20431
351916942;20432
351933616;20433
351950289;20434
351966963;20435
351983637;20436
352000310;20437
352016984;20438
352033658;20439
352050331;20440
352067005;20441
352083678;20442
352100352;20443
352117026;20444
352133699;20445
352150373;20446
352167047;20447
352183720;20448
352200394;20449
352217067;20450
352233741;20451
352250415;20452
352267088;20453
352283762;20454
352317109;20455
352333783;20456
352350456;20457
352367130;20458
352383804;20459
352400477;20460
352417151;20461
352433825;20462
352450498;20463
352467172;20464
352483846;20465
352500519;20466
352517193;20467
352533866;20468
352550540;20469
352567214;20470
352583887;20471
352600561;20472
352617235;20473
352633908;20474
352650582;20475
352667256;20476
352683929;20477
352700603;20478
352717276;20479
352733950;20480
352750624;20481
352767297;20482
352783971;20483
352817318;20484
352833992;20485
352850665;20486
352867339;20487
352884013;20488
352900686;20489
352917360;20490
352934034;20491
352950707;20492
352967381;20493
352984054;20494
353000728;20495
353017402;20496
353034075;20497
353050749;20498
353067423;20499
353084096;20500
353100770;20501
353117443;20502
353134117;20503
353150791;20504
353167464;20505
353184138;20506
353200812;20507
353217485;20508
353234159;20509
353250833;20510
353267506;20511
353284180;20512
353317527;20513
353334201;20514
353350874;20515
353367548;20516
353384221;20517
353400895;20518
353417569;20519
353434242;20520
353450916;20521
353467590;20522
353484263;20523
353500937;20524
353517611;20525
353534284;20526
353550958;20527
353567631;20528
353584305;20529
353600979;20530
353617652;20531
353634326;20532
353651000;20533
353667673;20534
353684347;20535
353701020;20536
353717694;20537
353734368;20538
353751041;20539
353767715;20540
353784389;20541
353817736;20542
353834410;20543
353851083;20544
353867757;20545
353884430;20546
353901104;20547
353917778;20548
353934451;20549
353951125;20550
353967799;20551
353984472;20552
354001146;20553
354017819;20554
354034493;20555
354051167;20556
354067840;20557
354084514;20558
354101188;20559
354117861;20560
354134535;20561
354151208;20562
354167882;20563
354184556;20564
354201229;20565
354217903;20566
354234577;20567
354251250;20568
354267924;20569
354284598;20570
354317945;20571
354334619;20572
354351292;20573
354367966;20574
354384639;20575
354401313;20576
354417987;20577
354434660;20578
354451334;20579
354468008;20580
354484681;20581
354501355;20582
354518028;20583
354534702;20584
354551376;20585
354568049;20586
354584723;20587
354601397;20588
354618070;20589
354634744;20590
354651417;20591
354668091;20592
354684765;20593
354701438;20594
354718112;20595
354734786;20596
354751459;20597
354768133;20598
354784806;20599
354818154;20600
354834827;20601
354851501;20602
354868175;20603
354884848;20604
354901522;20605
354918195;20606
354934869;20607
354951543;20608
354968216;20609
354984890;20610
355001564;20611
355018237;20612
355034911;20613
355051585;20614
355068258;20615
355084932;20616
355101605;20617
355118279;20618
355134953;20619
355151626;20620
355168300;20621
355184974;20622
355201647;20623
355218321;20624
355234994;20625
355251668;20626
355268342;20627
355285015;20628
355318363;20629
355335036;20630
355351710;20631
355368384;20632
355385057;20633
355401731;20634
355418404;20635
355435078;20636
355451752;20637
355468425;20638
355485099;20639
355501773;20640
355518446;20641
355535120;20642
355551793;20643
355568467;20644
355585141;20645
355601814;20646
355618488;20647
355635162;20648
355651835;20649
355668509;20650
355685182;20651
355701856;20652
355718530;20653
355735203;20654
355751877;20655
355768551;20656
355785224;20657
355818572;20658
355835245;20659
355851919;20660
355868592;20661
355885266;20662
355901940;20663
355918613;20664
355935287;20665
355951960;20666
355968634;20667
355985308;20668
356001981;20669
356018655;20670
356035329;20671
356052002;20672
356068676;20673
356085350;20674
356102023;20675
356118697;20676
356135370;20677
356152044;20678
356168718;20679
356185391;20680
356202065;20681
356218739;20682
356235412;20683
356252086;20684
356268760;20685
356285433;20686
356318780;20687
356335454;20688
356352128;20689
356368801;20690
356385475;20691
356402149;20692
356418822;20693
356435496;20694
356452169;20695
356468843;20696
356485517;20697
356502190;20698
356518864;20699
356535538;20700
356552211;20701
356568885;20702
356585558;20703
356602232;20704
356618906;20705
356635579;20706
356652253;20707
356668927;20708
356685600;20709
356702274;20710
356718948;20711
356735621;20712
356752295;20713
356768968;20714
356785642;20715
356818989;20716
356835663;20717
356852337;20718
356869010;20719
356885684;20720
356902357;20721
356919031;20722
356935705;20723
356952378;20724
356969052;20725
356985726;20726
357002399;20727
357019073;20728
357035747;20729
357052420;20730
357069094;20731
357085767;20732
357102441;20733
357119115;20734
357135788;20735
357152462;20736
357169136;20737
357185809;20738
357202483;20739
357219156;20740
357235830;20741
357252504;20742
357269177;20743
357285851;20744
357319198;20745
357335872;20746
357352545;20747
357369219;20748
357385893;20749
357402566;20750
357419240;20751
357435914;20752
357452587;20753
357469261;20754
357485934;20755
357502608;20756
357519282;20757
357535955;20758
357552629;20759
357569303;20760
357585976;20761
357602650;20762
357619324;20763
357635997;20764
357652671;20765
357669344;20766
357686018;20767
357702692;20768
357719365;20769
357736039;20770
357752713;20771
357769386;20772
357786060;20773
357819407;20774
357836081;20775
357852754;20776
357869428;20777
357886102;20778
357902775;20779
357919449;20780
357936122;20781
357952796;20782
357969470;20783
357986143;20784
358002817;20785
358019491;20786
358036164;20787
358052838;20788
358069511;20789
358086185;20790
358102859;20791
358119532;20792
358136206;20793
358152880;20794
358169553;20795
358186227;20796
358202901;20797
358219574;20798
358236248;20799
358252921;20800
358269595;20801
358286269;20802
358319616;20803
358336290;20804
358352963;20805
358369637;20806
358386310;20807
358402984;20808
358419658;20809
358436331;20810
358453005;20811
358469678;20812
358486352;20813
358503026;20814
358519699;20815
358536373;20816
358553047;20817
358569720;20818
358586394;20819
358603068;20820
358619741;20821
358636415;20822
358653088;20823
358669762;20824
358686436;20825
358703109;20826
358719783;20827
358736457;20828
358753130;20829
358769804;20830
358786478;20831
358819825;20832
358836498;20833
358853172;20834
358869846;20835
358886519;20836
358903193;20837
358919867;20838
358936540;20839
358953214;20840
358969887;20841
358986561;20842
359003235;20843
359019908;20844
359036582;20845
359053255;20846
359069929;20847
359086603;20848
359103276;20849
359119950;20850
359136624;20851
359153297;20852
359169971;20853
359186645;20854
359203318;20855
359219992;20856
359236665;20857
359253339;20858
359270013;20859
359286686;20860
359320034;20861
359336707;20862
359353381;20863
359370054;20864
359386728;20865
359403402;20866
359420075;20867
359436749;20868
359453423;20869
359470096;20870
359486770;20871
359503443;20872
359520117;20873
359536791;20874
359553464;20875
359570138;20876
359586812;20877
359603485;20878
359620159;20879
359636833;20880
359653506;20881
359670180;20882
359686853;20883
359703527;20884
359720201;20885
359736874;20886
359753548;20887
359770222;20888
359786895;20889
359820242;20890
359836916;20891
359853590;20892
359870263;20893
359886937;20894
359903611;20895
359920284;20896
359936958;20897
359953631;20898
359970305;20899
359986979;20900
360003652;20901
360020326;20902
360037000;20903
360053673;20904
360070347;20905
360087020;20906
360103694;20907
360120368;20908
360137041;20909
360153715;20910
360170389;20911
360187062;20912
360203736;20913
360220410;20914
360237083;20915
360253757;20916
360270430;20917
360287104;20918
360320451;20919
360337125;20920
360353799;20921
360370472;20922
360387146;20923
360403819;20924
360420493;20925
360437167;20926
360453840;20927
360470514;20928
360487188;20929
360503861;20930
360520535;20931
360537209;20932
360553882;20933
360570556;20934
360587229;20935
360603903;20936
360620577;20937
360637250;20938
360653924;20939
360670597;20940
360687271;20941
360703945;20942
360720618;20943
360737292;20944
360753966;20945
360770639;20946
360787313;20947
360803986;20948
360837334;20949
360854007;20950
360870681;20951
360887355;20952
360904028;20953
360920702;20954
360937376;20955
360954049;20956
360970723;20957
360987396;20958
361004070;20959
361020744;20960
361037417;20961
361054091;20962
361070765;20963
361087438;20964
361104112;20965
361120786;20966
361137459;20967
361154133;20968
361170806;20969
361187480;20970
361204154;20971
361220827;20972
361237501;20973
361254175;20974
361270848;20975
361287522;20976
361304195;20977
361337543;20978
361354216;20979
361370890;20980
361387563;20981
361404237;20982
361420911;20983
361437584;20984
361454258;20985
361470932;20986
361487605;20987
361504279;20988
361520953;20989
361537626;20990
361554300;20991
361570973;20992
361587647;20993
361604321;20994
361620994;20995
361637668;20996
361654342;20997
361671015;20998
361687689;20999
361704363;21000
361721036;21001
361737710;21002
361754383;21003
361771057;21004
361787731;21005
361804404;21006
361837752;21007
361854425;21008
361871099;21009
361887772;21010
361904446;21011
361921120;21012
361937793;21013
361954467;21014
361971140;21015
361987814;21016
362004488;21017
362021162;21018
362037835;21019
362054509;21020
362071182;21021
362087856;21022
362104530;21023
362121203;21024
362137877;21025
362154551;21026
362171224;21027
362187898;21028
362204571;21029
362221245;21030
362237919;21031
362254592;21032
362271266;21033
362287940;21034
362304613;21035
362337960;21036
362354634;21037
362371308;21038
362387981;21039
362404655;21040
362421329;21041
362438002;21042
362454676;21043
362471349;21044
362488023;21045
362504697;21046
362521370;21047
362538044;21048
362554718;21049
362571391;21050
362588065;21051
362604738;21052
362621412;21053
362638086;21054
362654759;21055
362671433;21056
362688107;21057
362704780;21058
362721454;21059
362738127;21060
362754801;21061
362771475;21062
362788148;21063
362804822;21064
362838169;21065
362854843;21066
362871517;21067
362888190;21068
362904864;21069
362921537;21070
362938211;21071
362954885;21072
362971558;21073
362988232;21074
363004906;21075
363021579;21076
363038253;21077
363054927;21078
363071600;21079
363088274;21080
363104947;21081
363121621;21082
363138295;21083
363154968;21084
363171642;21085
363188315;21086
363204989;21087
363221663;21088
363238336;21089
363255010;21090
363271684;21091
363288357;21092
363305031;21093
363338378;21094
363355052;21095
363371725;21096
363388399;21097
363405073;21098
363421746;21099
363438420;21100
363455094;21101
363471767;21102
363488441;21103
363505114;21104
363521788;21105
363538462;21106
363555135;21107
363571809;21108
363588483;21109
363605156;21110
363621830;21111
363638503;21112
363655177;21113
363671851;21114
363688524;21115
363705198;21116
363721872;21117
363738545;21118
363755219;21119
363771893;21120
363788566;21121
363805240;21122
363838587;21123
363855261;21124
363871934;21125
363888608;21126
363905282;21127
363921955;21128
363938629;21129
363955303;21130
363971976;21131
363988650;21132
364005323;21133
364021997;21134
364038671;21135
364055344;21136
364072018;21137
364088692;21138
364105365;21139
364122039;21140
364138712;21141
364155386;21142
364172060;21143
364188733;21144
364205407;21145
364222081;21146
364238754;21147
364255428;21148
364272101;21149
364288775;21150
364305449;21151
364338796;21152
364355470;21153
364372143;21154
364388817;21155
364405491;21156
364422164;21157
364438838;21158
364455511;21159
364472185;21160
364488859;21161
364505532;21162
364522206;21163
364538880;21164
364555553;21165
364572227;21166
364588900;21167
364605574;21168
364622248;21169
364638921;21170
364655595;21171
364672269;21172
364688942;21173
364705616;21174
364722290;21175
364738963;21176
364755637;21177
364772310;21178
364788984;21179
364805658;21180
364839005;21181
364855679;21182
364872352;21183
364889026;21184
364905699;21185
364922373;21186
364939047;21187
364955720;21188
364972394;21189
364989067;21190
365005741;21191
365022415;21192
365039088;21193
365055762;21194
365072436;21195
365089109;21196
365105783;21197
365122457;21198
365139130;21199
365155804;21200
365172477;21201
365189151;21202
365205825;21203
365222498;21204
365239172;21205
365255846;21206
365272519;21207
365289193;21208
365305867;21209
365339214;21210
365355887;21211
365372561;21212
365389235;21213
365405908;21214
365422582;21215
365439255;21216
365455929;21217
365472603;21218
365489276;21219
365505950;21220
365522624;21221
365539297;21222
365555971;21223
365572645;21224
365589318;21225
365605992;21226
365622666;21227
365639339;21228
365656013;21229
365672686;21230
365689360;21231
365706034;21232
365722707;21233
365739381;21234
365756054;21235
365772728;21236
365789402;21237
365806075;21238
365839423;21239
365856096;21240
365872770;21241
365889444;21242
365906117;21243
365922791;21244
365939464;21245
365956138;21246
365972812;21247
365989485;21248
366006159;21249
366022833;21250
366039506;21251
366056180;21252
366072853;21253
366089527;21254
366106201;21255
366122874;21256
366139548;21257
366156222;21258
366172895;21259
366189569;21260
366206242;21261
366222916;21262
366239590;21263
366256263;21264
366272937;21265
366289611;21266
366306284;21267
366339632;21268
366356305;21269
366372979;21270
366389652;21271
366406326;21272
366423000;21273
366439673;21274
366456347;21275
366473021;21276
366489694;21277
366506368;21278
366523041;21279
366539715;21280
366556389;21281
366573062;21282
366589736;21283
366606410;21284
366623083;21285
366639757;21286
366656431;21287
366673104;21288
366689778;21289
366706451;21290
366723125;21291
366739799;21292
366756472;21293
366773146;21294
366789820;21295
366806493;21296
366839841;21297
366856514;21298
366873188;21299
366889861;21300
366906535;21301
366923209;21302
366939882;21303
366956556;21304
366973230;21305
366989903;21306
367006577;21307
367023250;21308
367039924;21309
367056598;21310
367073271;21311
367089945;21312
367106619;21313
367123292;21314
367139966;21315
367156639;21316
367173313;21317
367189987;21318
367206660;21319
367223334;21320
367240008;21321
367256681;21322
367273355;21323
367290028;21324
367306702;21325
367340049;21326
367356723;21327
367373397;21328
367390070;21329
367406744;21330
367423417;21331
367440091;21332
367456765;21333
367473438;21334
367490112;21335
367506786;21336
367523459;21337
367540133;21338
367556807;21339
367573480;21340
367590154;21341
367606827;21342
367623501;21343
367640175;21344
367656848;21345
367673522;21346
367690196;21347
367706869;21348
367723543;21349
367740217;21350
367756890;21351
367773564;21352
367790237;21353
367806911;21354
367840258;21355
367856932;21356
367873606;21357
367890279;21358
367906953;21359
367923626;21360
367940300;21361
367956974;21362
367973647;21363
367990321;21364
368006995;21365
368023668;21366
368040342;21367
368057016;21368
368073689;21369
368090363;21370
368107036;21371
368123710;21372
368140384;21373
368157057;21374
368173731;21375
368190405;21376
368207078;21377
368223752;21378
368240425;21379
368257099;21380
368273773;21381
368290446;21382
368307120;21383
368340467;21384
368357141;21385
368373814;21386
368390488;21387
368407162;21388
368423835;21389
368440509;21390
368457183;21391
368473856;21392
368490530;21393
368507204;21394
368523877;21395
368540551;21396
368557224;21397
368573898;21398
368590572;21399
368607245;21400
368623919;21401
368640593;21402
368657266;21403
368673940;21404
368690614;21405
368707287;21406
368723961;21407
368740634;21408
368757308;21409
368773982;21410
368790655;21411
368807329;21412
368840676;21413
368857350;21414
368874023;21415
368890697;21416
368907371;21417
368924044;21418
368940718;21419
368957392;21420
368974065;21421
368990739;21422
369007412;21423
369024086;21424
369040760;21425
369057433;21426
369074107;21427
369090781;21428
369107454;21429
369124128;21430
369140801;21431
369157475;21432
369174149;21433
369190822;21434
369207496;21435
369224170;21436
369240843;21437
369257517;21438
369274190;21439
369290864;21440
369307538;21441
369340885;21442
369357559;21443
369374232;21444
369390906;21445
369407580;21446
369424253;21447
369440927;21448
369457600;21449
369474274;21450
369490948;21451
369507621;21452
369524295;21453
369540969;21454
369557642;21455
369574316;21456
369590990;21457
369607663;21458
369624337;21459
369641010;21460
369657684;21461
369674358;21462
369691031;21463
369707705;21464
369724379;21465
369741052;21466
369757726;21467
369774399;21468
369791073;21469
369807747;21470
369841094;21471
369857768;21472
369874441;21473
369891115;21474
369907788;21475
369924462;21476
369941136;21477
369957809;21478
369974483;21479
369991157;21480
370007830;21481
370024504;21482
370041178;21483
370057851;21484
370074525;21485
370091198;21486
370107872;21487
370124546;21488
370141219;21489
370157893;21490
370174567;21491
370191240;21492
370207914;21493
370224588;21494
370241261;21495
370257935;21496
370274608;21497
370291282;21498
370307956;21499
370324629;21500
370357977;21501
370374650;21502
370391324;21503
370407997;21504
370424671;21505
370441345;21506
370458018;21507
370474692;21508
370491366;21509
370508039;21510
370524713;21511
370541386;21512
370558060;21513
370574734;21514
370591407;21515
370608081;21516
370624755;21517
370641428;21518
370658102;21519
370674776;21520
370691449;21521
370708123;21522
370724796;21523
370741470;21524
370758144;21525
370774817;21526
370791491;21527
370808165;21528
370824838;21529
370858185;21530
370874859;21531
370891533;21532
370908206;21533
370924880;21534
370941554;21535
370958227;21536
370974901;21537
370991575;21538
371008248;21539
371024922;21540
371041596;21541
371058269;21542
371074943;21543
371091616;21544
371108290;21545
371124964;21546
371141637;21547
371158311;21548
371174984;21549
371191658;21550
371208332;21551
371225005;21552
371241679;21553
371258353;21554
371275026;21555
371291700;21556
371308374;21557
371325047;21558
371358394;21559
371375068;21560
371391742;21561
371408415;21562
371425089;21563
371441763;21564
371458436;21565
371475110;21566
371491784;21567
371508457;21568
371525131;21569
371541804;21570
371558478;21571
371575152;21572
371591825;21573
371608499;21574
371625172;21575
371641846;21576
371658520;21577
371675193;21578
371691867;21579
371708541;21580
371725214;21581
371741888;21582
371758562;21583
371775235;21584
371791909;21585
371808582;21586
371825256;21587
371858603;21588
371875277;21589
371891951;21590
371908624;21591
371925298;21592
371941972;21593
371958645;21594
371975319;21595
371991992;21596
372008666;21597
372025340;21598
372042013;21599
372058687;21600
372075361;21601
372092034;21602
372108708;21603
372125381;21604
372142055;21605
372158729;21606
372175402;21607
372192076;21608
372208750;21609
372225423;21610
372242097;21611
372258771;21612
372275444;21613
372292118;21614
372308791;21615
372325465;21616
372358812;21617
372375486;21618
372392160;21619
372408833;21620
372425507;21621
372442181;21622
372458854;21623
372475528;21624
372492201;21625
372508875;21626
372525549;21627
372542222;21628
372558896;21629
372575570;21630
372592243;21631
372608917;21632
372625591;21633
372642264;21634
372658938;21635
372675611;21636
372692285;21637
372708959;21638
372725632;21639
372742306;21640
372758980;21641
372775653;21642
372792327;21643
372809000;21644
372825674;21645
372859021;21646
372875695;21647
372892369;21648
372909042;21649
372925716;21650
372942390;21651
372959063;21652
372975737;21653
372992410;21654
373009084;21655
373025758;21656
373042431;21657
373059105;21658
373075779;21659
373092452;21660
373109126;21661
373125799;21662
373142473;21663
373159147;21664
373175820;21665
373192494;21666
373209168;21667
373225841;21668
373242515;21669
373259189;21670
373275862;21671
373292536;21672
373309209;21673
373325883;21674
373359230;21675
373375904;21676
373392578;21677
373409251;21678
373425925;21679
373442598;21680
373459272;21681
373475946;21682
373492619;21683
373509293;21684
373525967;21685
373542640;21686
373559314;21687
373575988;21688
373592661;21689
373609335;21690
373626008;21691
373642682;21692
373659356;21693
373676029;21694
373692703;21695
373709377;21696
373726050;21697
373742724;21698
373759397;21699
373776071;21700
373792745;21701
373809418;21702
373826092;21703
373859439;21704
373876113;21705
373892787;21706
373909460;21707
373926134;21708
373942807;21709
373959481;21710
373976155;21711
373992828;21712
374009502;21713
374026176;21714
374042849;21715
374059523;21716
374076197;21717
374092870;21718
374109544;21719
374126217;21720
374142891;21721
374159565;21722
374176238;21723
374192912;21724
374209586;21725
374226259;21726
374242933;21727
374259606;21728
374276280;21729
374292954;21730
374309627;21731
374326301;21732
374359648;21733
374376322;21734
374392996;21735
374409669;21736
374426343;21737
374443016;21738
374459690;21739
374476364;21740
374493037;21741
374509711;21742
374526385;21743
374543058;21744
374559732;21745
374576405;21746
374593079;21747
374609753;21748
374626426;21749
374643100;21750
374659774;21751
374676447;21752
374693121;21753
374709795;21754
374726468;21755
374743142;21756
374759815;21757
374776489;21758
374793163;21759
374809836;21760
374826510;21761
374859857;21762
374876531;21763
374893204;21764
374909878;21765
374926552;21766
374943225;21767
374959899;21768
374976573;21769
374993246;21770
375009920;21771
375026594;21772
375043267;21773
375059941;21774
375076615;21775
375093288;21776
375109962;21777
375126635;21778
375143309;21779
375159983;21780
375176656;21781
375193330;21782
375210004;21783
375226677;21784
375243351;21785
375260024;21786
375276698;21787
375293372;21788
375310045;21789
375326719;21790
375360066;21791
375376740;21792
375393414;21793
375410087;21794
375426761;21795
375443434;21796
375460108;21797
375476782;21798
375493455;21799
375510129;21800
375526803;21801
375543476;21802
375560150;21803
375576823;21804
375593497;21805
375610171;21806
375626844;21807
375643518;21808
375660192;21809
375676865;21810
375693539;21811
375710213;21812
375726886;21813
375743560;21814
375760233;21815
375776907;21816
375793581;21817
375810254;21818
375826928;21819
375860275;21820
375876949;21821
375893622;21822
375910296;21823
375926970;21824
375943643;21825
375960317;21826
375976991;21827
375993664;21828
376010338;21829
376027012;21830
376043685;21831
376060359;21832
376077032;21833
376093706;21834
376110380;21835
376127053;21836
376143727;21837
376160401;21838
376177074;21839
376193748;21840
376210422;21841
376227095;21842
376243769;21843
376260442;21844
376277116;21845
376293790;21846
376310463;21847
376327137;21848
376360484;21849
376377158;21850
376393832;21851
376410505;21852
376427179;21853
376443852;21854
376460526;21855
376477200;21856
376493873;21857
376510547;21858
376527221;21859
376543894;21860
376560568;21861
376577241;21862
376593915;21863
376610589;21864
376627262;21865
376643936;21866
376660610;21867
376677283;21868
376693957;21869
376710631;21870
376727304;21871
376743978;21872
376760651;21873
376777325;21874
376793999;21875
376810672;21876
376827346;21877
376860693;21878
376877367;21879
376894041;21880
376910714;21881
376927388;21882
376944061;21883
376960735;21884
376977409;21885
376994082;21886
377010756;21887
377027430;21888
377044103;21889
377060777;21890
377077450;21891
377094124;21892
377110798;21893
377127471;21894
377144145;21895
377160819;21896
377177492;21897
377194166;21898
377210840;21899
377227513;21900
377244187;21901
377260860;21902
377277534;21903
377294208;21904
377310881;21905
377327555;21906
377360902;21907
377377576;21908
377394250;21909
377410923;21910
377427597;21911
377444270;21912
377460944;21913
377477618;21914
377494291;21915
377510965;21916
377527639;21917
377544312;21918
377560986;21919
377577659;21920
377594333;21921
377611007;21922
377627680;21923
377644354;21924
377661028;21925
377677701;21926
377694375;21927
377711049;21928
377727722;21929
377744396;21930
377761070;21931
377777743;21932
377794417;21933
377811090;21934
377827764;21935
377861111;21936
377877785;21937
377894458;21938
377911132;21939
377927806;21940
377944479;21941
377961153;21942
377977827;21943
377994500;21944
378011174;21945
378027848;21946
378044521;21947
378061195;21948
378077869;21949
378094542;21950
378111216;21951
378127889;21952
378144563;21953
378161237;21954
378177910;21955
378194584;21956
378211258;21957
378227931;21958
378244605;21959
378261279;21960
378277952;21961
378294626;21962
378311299;21963
378327973;21964
378361320;21965
378377994;21966
378394667;21967
378411341;21968
378428015;21969
378444688;21970
378461362;21971
378478036;21972
378494709;21973
378511383;21974
378528057;21975
378544730;21976
378561404;21977
378578078;21978
378594751;21979
378611425;21980
378628098;21981
378644772;21982
378661446;21983
378678119;21984
378694793;21985
378711467;21986
378728140;21987
378744814;21988
378761487;21989
378778161;21990
378794835;21991
378811508;21992
378828182;21993
378861529;21994
378878203;21995
378894876;21996
378911550;21997
378928224;21998
378944897;21999
378961571;22000
378978245;22001
378994918;22002
379011592;22003
379028266;22004
379044939;22005
379061613;22006
379078286;22007
379094960;22008
379111634;22009
-1;-1
-1;-1
-1;-1
-1;-1
-1;-1
-1;-1
-1;-1
-1;-1
-1;-1
-1;-1
-1;-1
-1;-1
-1;-1
-1;-1
-1;-1
-1;-1
-1;-1
-1;-1
-1;-1
-1;-1
-1;-1
-1;-1
-1;-1
-1;-1
-1;-1
-1;-1
-1;-1
-1;-1
-1;-1
-1;-1
-1;-1
-1;-1
-1;-1
-1;-1
-1;-1
-1;-1
-1;-1
-1;-1
-1;-1
-1;-1
-1;-1
-1;-1
-1;-1
-1;-1
-1;-1
-1;-1
-1;-1
-1;-1
-1;-1
-1;-1
-1;-1
-1;-1
-1;-1
-1;-1
-1;-1
-1;-1
-1;-1
-1;-1
-1;-1
-1;-1
-1;-1
-1;-1
-1;-1
-1;-1
-1;-1
-1;-1
-1;-1
-1;-1
-1;-1
-1;-1
-1;-1
-1;-1
-1;-1
-1;-1
-1;-1
-1;-1
-1;-1
-1;-1
-1;-1
-1;-1
-1;-1
-1;-1
-1;-1
-1;-1
-1;-1
-1;-1
-1;-1
-1;-1
-1;-1
-1;-1
-1;-1
-1;-1
-1;-1
-1;-1
-1;-1
-1;-1
-1;-1
-1;-1
-1;-1
-1;-1
-1;-1
-1;-1
-1;-1
-1;-1
-1;-1
-1;-1
-1;-1
-1;-1
-1;-1
-1;-1
-1;-1
-1;-1
-1;-1
-1;-1
-1;-1
-1;-1
-1;-1
-1;-1
-1;-1
-1;-1
-1;-1
-1;-1
-1;-1
-1;-1
-1;-1
-1;-1
-1;-1
-1;-1
-1;-1
-1;-1
-1;-1
-1;-1
-1;-1
-1;-1
-1;-1
-1;-1
-1;-1
-1;-1
-1;-1
-1;-1
-1;-1
-1;-1
-1;-1
-1;-1
-1;-1
-1;-1
-1;-1
-1;-1
-1;-1
-1;-1
-1;-1
-1;-1
-1;-1
-1;-1
-1;-1
-1;-1
-1;-1
-1;-1
-1;-1
-1;-1
-1;-1
-1;-1
-1;-1
-1;-1
-1;-1
-1;-1
