296827429;17239
296844102;17240
296860776;17241
296877450;17242
296894123;17243
296910797;17244
296927470;17245
296944144;17246
296960818;17247
296977491;17248
296994165;17249
297010839;17250
297027512;17251
297044186;17252
297060860;17253
297077533;17254
297094207;17255
297110881;17256
297127554;17257
297144228;17258
297160901;17259
297177575;17260
297194249;17261
297227596;17262
297244270;17263
297260943;17264
297277617;17265
297294291;17266
297310964;17267
297327638;17268
297344311;17269
297360985;17270
297377659;17271
297394332;17272
297411006;17273
297427680;17274
297444353;17275
297461027;17276
297477701;17277
297494374;17278
297511048;17279
297527721;17280
297544395;17281
297561069;17282
297577743;17283
297594416;17284
297611090;17285
297627763;17286
297644437;17287
297661111;17288
297677784;17289
297694458;17290
297727805;17291
297744479;17292
297761153;17293
297777826;17294
297794500;17295
297811173;17296
297827847;17297
297844521;17298
297861194;17299
297877868;17300
297894542;17301
297911215;17302
297927889;17303
297944562;17304
297961236;17305
297977910;17306
297994583;17307
298011257;17308
298027931;17309
298044604;17310
298061278;17311
298077952;17312
298094625;17313
298111299;17314
298127973;17315
298144646;17316
298161320;17317
298177994;17318
298194667;17319
298228014;17320
298244688;17321
298261362;17322
298278035;17323
298294709;17324
298311383;17325
298328056;17326
298344730;17327
298361403;17328
298378077;17329
298394751;17330
298411424;17331
298428098;17332
298444772;17333
298461445;17334
298478119;17335
298494793;17336
298511466;17337
298528140;17338
298544814;17339
298561487;17340
298578161;17341
298594834;17342
298611508;17343
298628182;17344
298644855;17345
298661529;17346
298678203;17347
298694876;17348
298728224;17349
298744897;17350
298761571;17351
298778244;17352
298794918;17353
298811592;17354
298828265;17355
298844939;17356
298861613;17357
298878286;17358
298894960;17359
298911634;17360
298928307;17361
298944981;17362
298961654;17363
298978328;17364
298995002;17365
299011675;17366
299028349;17367
299045023;17368
299061696;17369
299078370;17370
299095044;17371
299111717;17372
299128391;17373
299145065;17374
299161738;17375
299178412;17376
299195086;17377
299228433;17378
299245106;17379
299261780;17380
299278454;17381
299295127;17382
299311801;17383
299328475;17384
299345148;17385
299361822;17386
299378496;17387
299395169;17388
299411843;17389
299428516;17390
299445190;17391
299461864;17392
299478537;17393
299495211;17394
299511885;17395
299528558;17396
299545232;17397
299561906;17398
299578579;17399
299595253;17400
299611927;17401
299628600;17402
299645274;17403
299661947;17404
299678621;17405
299695295;17406
299728642;17407
299745316;17408
299761989;17409
299778663;17410
299795337;17411
299812010;17412
299828684;17413
299845357;17414
299862031;17415
299878705;17416
299895378;17417
299912052;17418
299928726;17419
299945399;17420
299962073;17421
299978747;17422
299995420;17423
300012094;17424
300028767;17425
300045441;17426
300062115;17427
300078788;17428
300095462;17429
300112136;17430
300128809;17431
300145483;17432
300162157;17433
300178830;17434
300195504;17435
300228851;17436
300245525;17437
300262198;17438
300278872;17439
300295546;17440
300312219;17441
300328893;17442
300345567;17443
300362240;17444
300378914;17445
300395588;17446
300412261;17447
300428935;17448
300445609;17449
300462282;17450
300478956;17451
300495630;17452
300512303;17453
300528977;17454
300545650;17455
300562324;17456
300578998;17457
300595671;17458
300612345;17459
300629019;17460
300645692;17461
300662366;17462
300679040;17463
300695713;17464
300729061;17465
300745734;17466
300762408;17467
300779081;17468
300795755;17469
300812429;17470
300829102;17471
300845776;17472
300862450;17473
300879123;17474
300895797;17475
300912471;17476
300929144;17477
300945818;17478
300962491;17479
300979165;17480
300995839;17481
301012512;17482
301029186;17483
301045860;17484
301062533;17485
301079207;17486
301095881;17487
301112554;17488
301129228;17489
301145902;17490
301162575;17491
301179249;17492
301195922;17493
301229270;17494
301245943;17495
301262617;17496
301279291;17497
301295964;17498
301312638;17499
301329312;17500
301345985;17501
301362659;17502
301379332;17503
301396006;17504
301412680;17505
301429353;17506
301446027;17507
301462701;17508
301479374;17509
301496048;17510
301512722;17511
301529395;17512
301546069;17513
301562743;17514
301579416;17515
301596090;17516
301612764;17517
301629437;17518
301646111;17519
301662784;17520
301679458;17521
301696132;17522
301729479;17523
301746153;17524
301762826;17525
301779500;17526
301796174;17527
301812847;17528
301829521;17529
301846194;17530
301862868;17531
301879542;17532
301896215;17533
301912889;17534
301929563;17535
301946236;17536
301962910;17537
301979584;17538
301996257;17539
302012931;17540
302029605;17541
302046278;17542
302062952;17543
302079625;17544
302096299;17545
302112973;17546
302129646;17547
302146320;17548
302162994;17549
302179667;17550
302196341;17551
302229688;17552
302246362;17553
302263036;17554
302279709;17555
302296383;17556
302313056;17557
302329730;17558
302346404;17559
302363077;17560
302379751;17561
302396425;17562
302413098;17563
302429772;17564
302446446;17565
302463119;17566
302479793;17567
302496467;17568
302513140;17569
302529814;17570
302546487;17571
302563161;17572
302579835;17573
302596508;17574
302613182;17575
302629856;17576
302646529;17577
302663203;17578
302679877;17579
302696550;17580
302729898;17581
302746571;17582
302763245;17583
302779918;17584
302796592;17585
302813266;17586
302829939;17587
302846613;17588
302863287;17589
302879960;17590
302896634;17591
302913308;17592
302929981;17593
302946655;17594
302963329;17595
302980002;17596
302996676;17597
303013349;17598
303030023;17599
303046697;17600
303063370;17601
303080044;17602
303096718;17603
303113391;17604
303130065;17605
303146739;17606
303163412;17607
303180086;17608
303196760;17609
303230107;17610
303246781;17611
303263454;17612
303280128;17613
303296801;17614
303313475;17615
303330149;17616
303346822;17617
303363496;17618
303380170;17619
303396843;17620
303413517;17621
303430191;17622
303446864;17623
303463538;17624
303480212;17625
303496885;17626
303513559;17627
303530232;17628
303546906;17629
303563580;17630
303580253;17631
303596927;17632
303613601;17633
303630274;17634
303646948;17635
303663622;17636
303680295;17637
303696969;17638
303730316;17639
303746990;17640
303763663;17641
303780337;17642
303797011;17643
303813684;17644
303830358;17645
303847032;17646
303863705;17647
303880379;17648
303897053;17649
303913726;17650
303930400;17651
303947074;17652
303963747;17653
303980421;17654
303997094;17655
304013768;17656
304030442;17657
304047115;17658
304063789;17659
304080463;17660
304097136;17661
304113810;17662
304130484;17663
304147157;17664
304163831;17665
304180505;17666
304197178;17667
304230525;17668
304247199;17669
304263873;17670
304280546;17671
304297220;17672
304313894;17673
304330567;17674
304347241;17675
304363915;17676
304380588;17677
304397262;17678
304413936;17679
304430609;17680
304447283;17681
304463956;17682
304480630;17683
304497304;17684
304513977;17685
304530651;17686
304547325;17687
304563998;17688
304580672;17689
304597346;17690
304614019;17691
304630693;17692
304647367;17693
304664040;17694
304680714;17695
304697388;17696
304730735;17697
304747408;17698
304764082;17699
304780756;17700
304797429;17701
304814103;17702
304830777;17703
304847450;17704
304864124;17705
304880798;17706
304897471;17707
304914145;17708
304930819;17709
304947492;17710
304964166;17711
304980839;17712
304997513;17713
305014187;17714
305030860;17715
305047534;17716
305064208;17717
305080881;17718
305097555;17719
305114229;17720
305130902;17721
305147576;17722
305164250;17723
305180923;17724
305197597;17725
305230944;17726
305247618;17727
305264292;17728
305280965;17729
305297639;17730
305314312;17731
305330986;17732
305347660;17733
305364333;17734
305381007;17735
305397681;17736
305414354;17737
305431028;17738
305447702;17739
305464375;17740
305481049;17741
305497722;17742
305514396;17743
305531070;17744
305547743;17745
305564417;17746
305581091;17747
305597764;17748
305614438;17749
305631112;17750
305647785;17751
305664459;17752
305681133;17753
305697806;17754
305731153;17755
305747827;17756
305764501;17757
305781174;17758
305797848;17759
305814522;17760
305831195;17761
305847869;17762
305864543;17763
305881216;17764
305897890;17765
305914564;17766
305931237;17767
305947911;17768
305964585;17769
305981258;17770
305997932;17771
306014605;17772
306031279;17773
306047953;17774
306064627;17775
306081300;17776
306097974;17777
306114647;17778
306131321;17779
306147995;17780
306164668;17781
306181342;17782
306198016;17783
306231363;17784
306248037;17785
306264710;17786
306281384;17787
306298058;17788
306314731;17789
306331405;17790
306348078;17791
306364752;17792
306381426;17793
306398099;17794
306414773;17795
306431447;17796
306448120;17797
306464794;17798
306481468;17799
306498141;17800
306514815;17801
306531489;17802
306548162;17803
306564836;17804
306581510;17805
306598183;17806
306614857;17807
306631530;17808
306648204;17809
306664878;17810
306681551;17811
306698225;17812
306731572;17813
306748246;17814
306764920;17815
306781593;17816
306798267;17817
306814941;17818
306831614;17819
306848288;17820
306864962;17821
306881635;17822
306898309;17823
306914982;17824
306931656;17825
306948330;17826
306965003;17827
306981677;17828
306998351;17829
307015024;17830
307031698;17831
307048372;17832
307065045;17833
307081719;17834
307098393;17835
307115066;17836
307131740;17837
307148413;17838
307165087;17839
307181761;17840
307198434;17841
307231782;17842
307248455;17843
307265129;17844
307281803;17845
307298476;17846
307315150;17847
307331824;17848
307348497;17849
307365171;17850
307381845;17851
307398518;17852
307415192;17853
307431865;17854
307448539;17855
307465213;17856
307481886;17857
307498560;17858
307515234;17859
307531907;17860
307548581;17861
307565255;17862
307581928;17863
307598602;17864
307615276;17865
307631949;17866
307648623;17867
307665297;17868
307681970;17869
307698644;17870
307731991;17871
307748665;17872
307765338;17873
307782012;17874
307798686;17875
307815359;17876
307832033;17877
307848707;17878
307865380;17879
307882054;17880
307898728;17881
307915401;17882
307932075;17883
307948749;17884
307965422;17885
307982096;17886
307998770;17887
308015443;17888
308032117;17889
308048790;17890
308065464;17891
308082138;17892
308098811;17893
308115485;17894
308132159;17895
308148832;17896
308165506;17897
308182180;17898
308198853;17899
308232201;17900
308248874;17901
308265548;17902
308282222;17903
308298895;17904
308315569;17905
308332242;17906
308348916;17907
308365590;17908
308382263;17909
308398937;17910
308415611;17911
308432284;17912
308448958;17913
308465632;17914
308482305;17915
308498979;17916
308515653;17917
308532326;17918
308549000;17919
308565674;17920
308582347;17921
308599021;17922
308615694;17923
308632368;17924
308649042;17925
308665715;17926
308682389;17927
308699063;17928
308732410;17929
308749084;17930
308765757;17931
308782431;17932
308799105;17933
308815778;17934
308832452;17935
308849126;17936
308865799;17937
308882473;17938
308899146;17939
308915820;17940
308932494;17941
308949167;17942
308965841;17943
308982515;17944
308999188;17945
309015862;17946
309032536;17947
309049209;17948
309065883;17949
309082557;17950
309099230;17951
309115904;17952
309132578;17953
309149251;17954
309165925;17955
309182598;17956
309199272;17957
309232619;17958
309249293;17959
309265967;17960
309282640;17961
309299314;17962
309315988;17963
309332661;17964
309349335;17965
309366009;17966
309382682;17967
309399356;17968
309416030;17969
309432703;17970
309449377;17971
309466051;17972
309482724;17973
309499398;17974
309516071;17975
309532745;17976
309549419;17977
309566092;17978
309582766;17979
309599440;17980
309616113;17981
309632787;17982
309649461;17983
309666134;17984
309682808;17985
309699482;17986
309732829;17987
309749503;17988
309766176;17989
309782850;17990
309799524;17991
309816197;17992
309832871;17993
309849545;17994
309866218;17995
309882892;17996
309899565;17997
309916239;17998
309932913;17999
309949586;18000
309966260;18001
309982934;18002
309999607;18003
310016281;18004
310032955;18005
310049628;18006
310066302;18007
310082976;18008
310099649;18009
310116323;18010
310132997;18011
310149670;18012
310166344;18013
310183018;18014
310199691;18015
310233038;18016
310249712;18017
310266386;18018
310283059;18019
310299733;18020
310316407;18021
310333080;18022
310349754;18023
310366428;18024
310383101;18025
310399775;18026
310416449;18027
310433122;18028
310449796;18029
310466470;18030
310483143;18031
310499817;18032
310516491;18033
310533164;18034
310549838;18035
310566511;18036
310583185;18037
310599859;18038
310616532;18039
310633206;18040
310649880;18041
310666553;18042
310683227;18043
310699901;18044
310733248;18045
310749922;18046
310766595;18047
310783269;18048
310799943;18049
310816616;18050
310833290;18051
310849963;18052
310866637;18053
310883311;18054
310899984;18055
310916658;18056
310933332;18057
310950005;18058
310966679;18059
310983353;18060
311000026;18061
311016700;18062
311033374;18063
311050047;18064
311066721;18065
311083395;18066
311100068;18067
311116742;18068
311133415;18069
311150089;18070
311166763;18071
311183436;18072
311200110;18073
311233457;18074
311250131;18075
311266805;18076
311283478;18077
311300152;18078
311316826;18079
311333499;18080
311350173;18081
311366847;18082
311383520;18083
311400194;18084
311416868;18085
311433541;18086
311450215;18087
311466888;18088
311483562;18089
311500236;18090
311516909;18091
311533583;18092
311550257;18093
311566930;18094
311583604;18095
311600278;18096
311616951;18097
311633625;18098
311650299;18099
311666972;18100
311683646;18101
311700320;18102
311733667;18103
311750341;18104
311767014;18105
311783688;18106
311800361;18107
311817035;18108
311833709;18109
311850382;18110
311867056;18111
311883730;18112
311900403;18113
311917077;18114
311933751;18115
311950424;18116
311967098;18117
311983772;18118
312000445;18119
312017119;18120
312033793;18121
312050466;18122
312067140;18123
312083814;18124
312100487;18125
312117161;18126
312133834;18127
312150508;18128
312167182;18129
312183855;18130
312200529;18131
312233876;18132
312250550;18133
312267224;18134
312283897;18135
312300571;18136
312317245;18137
312333918;18138
312350592;18139
312367266;18140
312383939;18141
312400613;18142
312417287;18143
312433960;18144
312450634;18145
312467308;18146
312483981;18147
312500655;18148
312517328;18149
312534002;18150
312550676;18151
312567349;18152
312584023;18153
312600697;18154
312617370;18155
312634044;18156
312650718;18157
312667391;18158
312684065;18159
312700739;18160
312734086;18161
312750760;18162
312767433;18163
312784107;18164
312800781;18165
312817454;18166
312834128;18167
312850801;18168
312867475;18169
312884149;18170
312900822;18171
312917496;18172
312934170;18173
312950843;18174
312967517;18175
312984191;18176
313000864;18177
313017538;18178
313034212;18179
313050885;18180
313067559;18181
313084233;18182
313100906;18183
313117580;18184
313134254;18185
313150927;18186
313167601;18187
313184275;18188
313200948;18189
313234296;18190
313250969;18191
313267643;18192
313284316;18193
313300990;18194
313317664;18195
313334337;18196
313351011;18197
313367685;18198
313384358;18199
313401032;18200
313417706;18201
313434379;18202
313451053;18203
313467727;18204
313484400;18205
313501074;18206
313517748;18207
313534421;18208
313551095;18209
313567769;18210
313584442;18211
313601116;18212
313617789;18213
313634463;18214
313651137;18215
313667810;18216
313684484;18217
313701158;18218
313734505;18219
313751179;18220
313767852;18221
313784526;18222
313801200;18223
313817873;18224
313834547;18225
313851221;18226
313867894;18227
313884568;18228
313901242;18229
313917915;18230
313934589;18231
313951262;18232
313967936;18233
313984610;18234
314001284;18235
314017957;18236
314034631;18237
314051304;18238
314067978;18239
314084652;18240
314101325;18241
314117999;18242
314134673;18243
314151346;18244
314168020;18245
314184694;18246
314201367;18247
314234715;18248
314251388;18249
314268062;18250
314284736;18251
314301409;18252
314318083;18253
314334756;18254
314351430;18255
314368104;18256
314384778;18257
314401451;18258
314418125;18259
314434798;18260
314451472;18261
314468146;18262
314484819;18263
314501493;18264
314518167;18265
314534840;18266
314551514;18267
314568188;18268
314584861;18269
314601535;18270
314618209;18271
314634882;18272
314651556;18273
314668230;18274
314684903;18275
314701577;18276
314734924;18277
314751598;18278
314768271;18279
314784945;18280
314801619;18281
314818293;18282
314834966;18283
314851640;18284
314868313;18285
314884987;18286
314901661;18287
314918334;18288
314935008;18289
314951682;18290
314968355;18291
314985029;18292
315001703;18293
315018376;18294
315035050;18295
315051724;18296
315068397;18297
315085071;18298
315101745;18299
315118418;18300
315135092;18301
315151766;18302
315168439;18303
315185113;18304
315201787;18305
315235134;18306
315251807;18307
315268481;18308
315285155;18309
315301828;18310
315318502;18311
315335176;18312
315351849;18313
315368523;18314
315385197;18315
315401870;18316
315418544;18317
315435218;18318
315451891;18319
315468565;18320
315485239;18321
315501912;18322
315518586;18323
315535260;18324
315551933;18325
315568607;18326
315585280;18327
315601954;18328
315618628;18329
315635301;18330
315651975;18331
315668649;18332
315685322;18333
315701996;18334
315735343;18335
315752017;18336
315768691;18337
315785364;18338
315802038;18339
315818712;18340
315835385;18341
315852059;18342
315868733;18343
315885406;18344
315902080;18345
315918754;18346
315935427;18347
315952101;18348
315968774;18349
315985448;18350
316002122;18351
316018796;18352
316035469;18353
316052143;18354
316068816;18355
316085490;18356
316102164;18357
316118837;18358
316135511;18359
316152185;18360
316168858;18361
316185532;18362
316202206;18363
316235553;18364
316252227;18365
316268900;18366
316285574;18367
316302248;18368
316318921;18369
316335595;18370
316352269;18371
316368942;18372
316385616;18373
316402290;18374
316418963;18375
316435637;18376
316452310;18377
316468984;18378
316485658;18379
316502331;18380
316519005;18381
316535679;18382
316552352;18383
316569026;18384
316585700;18385
316602373;18386
316619047;18387
316635721;18388
316652394;18389
316669068;18390
316685742;18391
316702415;18392
316735763;18393
316752436;18394
316769110;18395
316785784;18396
316802457;18397
316819131;18398
316835805;18399
316852478;18400
316869152;18401
316885826;18402
316902499;18403
316919173;18404
316935846;18405
316952520;18406
316969194;18407
316985867;18408
317002541;18409
317019215;18410
317035888;18411
317052562;18412
317069236;18413
317085909;18414
317102583;18415
317119257;18416
317135930;18417
317152604;18418
317169278;18419
317185951;18420
317202625;18421
317235972;18422
317252646;18423
317269319;18424
317285993;18425
317302667;18426
317319341;18427
317336014;18428
317352688;18429
317369361;18430
317386035;18431
317402709;18432
317419382;18433
317436056;18434
317452730;18435
317469403;18436
317486077;18437
317502751;18438
317519424;18439
317536098;18440
317552772;18441
317569445;18442
317586119;18443
317602793;18444
317619466;18445
317636140;18446
317652814;18447
317669487;18448
317686161;18449
317702835;18450
317736182;18451
317752856;18452
317769529;18453
317786203;18454
317802876;18455
317819550;18456
317836224;18457
317852897;18458
317869571;18459
317886245;18460
317902918;18461
317919592;18462
317936266;18463
317952939;18464
317969613;18465
317986287;18466
318002960;18467
318019634;18468
318036308;18469
318052981;18470
318069655;18471
318086329;18472
318103002;18473
318119676;18474
318136350;18475
318153023;18476
318169697;18477
318186371;18478
318203044;18479
318236392;18480
318253065;18481
318269739;18482
318286412;18483
318303086;18484
318319760;18485
318336433;18486
318353107;18487
318369781;18488
318386454;18489
318403128;18490
318419802;18491
318436475;18492
318453149;18493
318469823;18494
318486496;18495
318503170;18496
318519844;18497
318536517;18498
318553191;18499
318569865;18500
318586538;18501
318603212;18502
318619886;18503
318636559;18504
318653233;18505
318669906;18506
318686580;18507
318703254;18508
318736601;18509
318753275;18510
318769948;18511
318786622;18512
318803296;18513
318819969;18514
318836643;18515
318853317;18516
318869990;18517
318886664;18518
318903338;18519
318920011;18520
318936685;18521
318953359;18522
318970032;18523
318986706;18524
319003380;18525
319020053;18526
319036727;18527
319053401;18528
319070074;18529
319086748;18530
319103421;18531
319120095;18532
319136769;18533
319153442;18534
319170116;18535
319186790;18536
319203463;18537
319236811;18538
319253484;18539
319270158;18540
319286832;18541
319303505;18542
319320179;18543
319336853;18544
319353526;18545
319370200;18546
319386874;18547
319403547;18548
319420221;18549
319436895;18550
319453568;18551
319470242;18552
319486916;18553
319503589;18554
319520263;18555
319536936;18556
319553610;18557
319570284;18558
319586958;18559
319603631;18560
319620305;18561
319636978;18562
319653652;18563
319670326;18564
319686999;18565
319703673;18566
319737020;18567
319753694;18568
319770368;18569
319787041;18570
319803715;18571
319820389;18572
319837062;18573
319853736;18574
319870410;18575
319887083;18576
319903757;18577
319920431;18578
319937104;18579
319953778;18580
319970452;18581
319987125;18582
320003799;18583
320020473;18584
320037146;18585
320053820;18586
320070493;18587
320087167;18588
320103841;18589
320120514;18590
320137188;18591
320153862;18592
320170535;18593
320187209;18594
320203883;18595
320220556;18596
320253904;18597
320270577;18598
320287251;18599
320303925;18600
320320598;18601
320337272;18602
320353946;18603
320370619;18604
320387293;18605
320403967;18606
320420640;18607
320437314;18608
320453988;18609
320470661;18610
320487335;18611
320504008;18612
320520682;18613
320537356;18614
320554029;18615
320570703;18616
320587377;18617
320604050;18618
320620724;18619
320637398;18620
320654071;18621
320670745;18622
320687419;18623
320704092;18624
320720766;18625
320754113;18626
320770787;18627
320787461;18628
320804134;18629
320820808;18630
320837482;18631
320854155;18632
320870829;18633
320887503;18634
320904176;18635
320920850;18636
320937523;18637
320954197;18638
320970871;18639
320987545;18640
321004218;18641
321020892;18642
321037565;18643
321054239;18644
321070913;18645
321087586;18646
321104260;18647
321120934;18648
321137607;18649
321154281;18650
321170955;18651
321187628;18652
321204302;18653
321220976;18654
321237649;18655
321270997;18656
321287670;18657
321304344;18658
321321018;18659
321337691;18660
321354365;18661
321371039;18662
321387712;18663
321404386;18664
321421059;18665
321437733;18666
321454407;18667
321471080;18668
321487754;18669
321504428;18670
321521101;18671
321537775;18672
321554449;18673
321571122;18674
321587796;18675
321604470;18676
321621143;18677
321637817;18678
321654491;18679
321671164;18680
321687838;18681
321704512;18682
321721185;18683
321737859;18684
321771206;18685
321787880;18686
321804554;18687
321821227;18688
321837901;18689
321854575;18690
321871248;18691
321887922;18692
321904596;18693
321921269;18694
321937943;18695
321954617;18696
321971290;18697
321987964;18698
322004637;18699
322021311;18700
322037985;18701
322054658;18702
322071332;18703
322088006;18704
322104679;18705
322121353;18706
322138027;18707
322154700;18708
322171374;18709
322188048;18710
322204721;18711
322221395;18712
322238069;18713
322271416;18714
322288090;18715
322304763;18716
322321437;18717
322338111;18718
322354784;18719
322371458;18720
322388132;18721
322404805;18722
322421479;18723
322438152;18724
322454826;18725
322471500;18726
322488174;18727
322504847;18728
322521521;18729
322538194;18730
322554868;18731
322571542;18732
322588215;18733
322604889;18734
322621563;18735
322638236;18736
322654910;18737
322671584;18738
322688257;18739
322704931;18740
322721605;18741
322738278;18742
322754952;18743
322788299;18744
322804973;18745
322821647;18746
322838320;18747
322854994;18748
322871668;18749
322888341;18750
322905015;18751
322921689;18752
322938362;18753
322955036;18754
322971709;18755
322988383;18756
323005057;18757
323021730;18758
323038404;18759
323055078;18760
323071751;18761
323088425;18762
323105099;18763
323121772;18764
323138446;18765
323155120;18766
323171793;18767
323188467;18768
323205141;18769
323221814;18770
323238488;18771
323255162;18772
323288509;18773
323305183;18774
323321856;18775
323338530;18776
323355204;18777
323371877;18778
323388551;18779
323405225;18780
323421898;18781
323438572;18782
323455246;18783
323471919;18784
323488593;18785
323505267;18786
323521940;18787
323538614;18788
323555287;18789
323571961;18790
323588635;18791
323605308;18792
323621982;18793
323638656;18794
323655329;18795
323672003;18796
323688677;18797
323705350;18798
323722024;18799
323738698;18800
323755371;18801
323788719;18802
323805392;18803
323822066;18804
323838740;18805
323855413;18806
323872087;18807
323888761;18808
323905434;18809
323922108;18810
323938782;18811
323955455;18812
323972129;18813
323988802;18814
324005476;18815
324022150;18816
324038824;18817
324055497;18818
324072171;18819
324088844;18820
324105518;18821
324122192;18822
324138865;18823
324155539;18824
324172213;18825
324188886;18826
324205560;18827
324222234;18828
324238907;18829
324255581;18830
324288928;18831
324305602;18832
324322276;18833
324338949;18834
324355623;18835
324372297;18836
324388970;18837
324405644;18838
324422318;18839
324438991;18840
324455665;18841
324472339;18842
324489012;18843
324505686;18844
324522360;18845
324539033;18846
324555707;18847
324572381;18848
324589054;18849
324605728;18850
324622401;18851
324639075;18852
324655749;18853
324672422;18854
324689096;18855
324705770;18856
324722443;18857
324739117;18858
324755791;18859
324789138;18860
324805812;18861
324822485;18862
324839159;18863
324855833;18864
324872506;18865
324889180;18866
324905854;18867
324922527;18868
324939201;18869
324955875;18870
324972548;18871
324989222;18872
325005896;18873
325022569;18874
325039243;18875
325055916;18876
325072590;18877
325089264;18878
325105937;18879
325122611;18880
325139285;18881
325155958;18882
325172632;18883
325189306;18884
325205979;18885
325222653;18886
325239327;18887
325256000;18888
325289348;18889
325306021;18890
325322695;18891
325339369;18892
325356042;18893
325372716;18894
325389390;18895
325406063;18896
325422737;18897
325439411;18898
325456084;18899
325472758;18900
325489431;18901
325506105;18902
325522779;18903
325539452;18904
325556126;18905
325572800;18906
325589473;18907
325606147;18908
325622821;18909
325639494;18910
325656168;18911
325672842;18912
325689515;18913
325706189;18914
325722863;18915
325739536;18916
325756210;18917
325789557;18918
325806231;18919
325822905;18920
325839578;18921
325856252;18922
325872926;18923
325889599;18924
325906273;18925
325922947;18926
325939620;18927
325956294;18928
325972968;18929
325989641;18930
326006315;18931
326022989;18932
326039662;18933
326056336;18934
326073009;18935
326089683;18936
326106357;18937
326123030;18938
326139704;18939
326156378;18940
326173051;18941
326189725;18942
326206399;18943
326223072;18944
326239746;18945
326256420;18946
326289767;18947
326306441;18948
326323114;18949
326339788;18950
326356462;18951
326373135;18952
326389809;18953
326406483;18954
326423156;18955
326439830;18956
326456504;18957
326473177;18958
326489851;18959
326506525;18960
326523198;18961
326539872;18962
326556545;18963
326573219;18964
326589893;18965
326606566;18966
326623240;18967
326639914;18968
326656587;18969
326673261;18970
326689935;18971
326706608;18972
326723282;18973
326739956;18974
326756629;18975
326789977;18976
326806650;18977
326823324;18978
326839998;18979
326856671;18980
326873345;18981
326890019;18982
326906692;18983
326923366;18984
326940040;18985
326956713;18986
326973387;18987
326990060;18988
327006734;18989
327023408;18990
327040082;18991
327056755;18992
327073429;18993
327090102;18994
327106776;18995
327123450;18996
327140123;18997
327156797;18998
327173471;18999
327190144;19000
327206818;19001
327223492;19002
327240165;19003
327256839;19004
327290186;19005
327306860;19006
327323534;19007
327340207;19008
327356881;19009
327373555;19010
327390228;19011
327406902;19012
327423576;19013
327440249;19014
327456923;19015
327473597;19016
327490270;19017
327506944;19018
327523617;19019
327540291;19020
327556965;19021
327573638;19022
327590312;19023
327606986;19024
327623659;19025
327640333;19026
327657007;19027
327673680;19028
327690354;19029
327707028;19030
327723701;19031
327740375;19032
327757049;19033
327790396;19034
327807070;19035
327823743;19036
327840417;19037
327857091;19038
327873764;19039
327890438;19040
327907112;19041
327923785;19042
327940459;19043
327957133;19044
327973806;19045
327990480;19046
328007154;19047
328023827;19048
328040501;19049
328057175;19050
328073848;19051
328090522;19052
328107195;19053
328123869;19054
328140543;19055
328157216;19056
328173890;19057
328190564;19058
328207237;19059
328223911;19060
328240585;19061
328257258;19062
328290606;19063
328307279;19064
328323953;19065
328340627;19066
328357300;19067
328373974;19068
328390648;19069
328407321;19070
328423995;19071
328440669;19072
328457342;19073
328474016;19074
328490690;19075
328507363;19076
328524037;19077
328540710;19078
328557384;19079
328574058;19080
328590731;19081
328607405;19082
328624079;19083
328640752;19084
328657426;19085
328674100;19086
328690773;19087
328707447;19088
328724121;19089
328740794;19090
328757468;19091
328790815;19092
328807489;19093
328824163;19094
328840836;19095
328857510;19096
328874184;19097
328890857;19098
328907531;19099
328924205;19100
328940878;19101
328957552;19102
328974226;19103
328990899;19104
329007573;19105
329024247;19106
329040920;19107
329057594;19108
329074267;19109
329090941;19110
329107615;19111
329124288;19112
329140962;19113
329157636;19114
329174309;19115
329190983;19116
329207657;19117
329224330;19118
329241004;19119
329257678;19120
329291025;19121
329307699;19122
329324372;19123
329341046;19124
329357720;19125
329374393;19126
329391067;19127
329407741;19128
329424414;19129
329441088;19130
329457761;19131
329474435;19132
329491109;19133
329507782;19134
329524456;19135
329541130;19136
329557803;19137
329574477;19138
329591151;19139
329607824;19140
329624498;19141
329641172;19142
329657845;19143
329674519;19144
329691193;19145
329707866;19146
329724540;19147
329741214;19148
329757887;19149
329791235;19150
329807908;19151
329824582;19152
329841256;19153
329857929;19154
329874603;19155
329891277;19156
329907950;19157
329924624;19158
329941298;19159
329957971;19160
329974645;19161
329991319;19162
330007992;19163
330024666;19164
330041339;19165
330058013;19166
330074687;19167
330091360;19168
330108034;19169
330124708;19170
330141381;19171
330158055;19172
330174729;19173
330191402;19174
330208076;19175
330224750;19176
330241423;19177
330258097;19178
330291444;19179
330308118;19180
330324792;19181
330341465;19182
330358139;19183
330374813;19184
330391486;19185
330408160;19186
330424833;19187
330441507;19188
330458181;19189
330474854;19190
330491528;19191
330508202;19192
330524876;19193
330541549;19194
330558223;19195
330574896;19196
330591570;19197
330608244;19198
330624917;19199
330641591;19200
330658265;19201
330674938;19202
330691612;19203
330708286;19204
330724959;19205
330741633;19206
330758307;19207
330791654;19208
330808328;19209
330825001;19210
330841675;19211
330858349;19212
330875022;19213
330891696;19214
330908369;19215
330925043;19216
330941717;19217
330958390;19218
330975064;19219
330991738;19220
331008411;19221
331025085;19222
331041759;19223
331058432;19224
331075106;19225
331091780;19226
331108453;19227
331125127;19228
331141801;19229
331158474;19230
331175148;19231
331191822;19232
331208495;19233
331225169;19234
331241843;19235
331258516;19236
331291864;19237
331308537;19238
331325211;19239
331341885;19240
331358558;19241
331375232;19242
331391906;19243
331408579;19244
331425253;19245
331441926;19246
331458600;19247
331475274;19248
331491947;19249
331508621;19250
331525295;19251
331541968;19252
331558642;19253
331575316;19254
331591989;19255
331608663;19256
331625337;19257
331642010;19258
331658684;19259
331675358;19260
331692031;19261
331708705;19262
331725379;19263
331742052;19264
331758726;19265
331792073;19266
331808747;19267
331825421;19268
331842094;19269
331858768;19270
331875441;19271
331892115;19272
331908789;19273
331925462;19274
331942136;19275
331958810;19276
331975483;19277
331992157;19278
332008831;19279
332025504;19280
332042178;19281
332058852;19282
332075525;19283
332092199;19284
332108873;19285
332125546;19286
332142220;19287
332158894;19288
332175567;19289
332192241;19290
332208915;19291
332225588;19292
332242262;19293
332258936;19294
332292283;19295
332308957;19296
332325630;19297
332342304;19298
332358978;19299
332375651;19300
332392325;19301
332408998;19302
332425672;19303
332442346;19304
332459019;19305
332475693;19306
332492367;19307
332509040;19308
332525714;19309
332542388;19310
332559061;19311
332575735;19312
332592409;19313
332609082;19314
332625756;19315
332642430;19316
332659103;19317
332675777;19318
332692451;19319
332709124;19320
332725798;19321
332742472;19322
332759145;19323
332792493;19324
332809166;19325
332825840;19326
332842513;19327
332859187;19328
332875861;19329
332892534;19330
332909208;19331
332925882;19332
332942555;19333
332959229;19334
332975903;19335
332992576;19336
333009250;19337
333025924;19338
333042597;19339
333059271;19340
333075945;19341
333092618;19342
333109292;19343
333125966;19344
333142639;19345
333159313;19346
333175987;19347
333192660;19348
333209334;19349
333226008;19350
333242681;19351
333259355;19352
333292702;19353
333309376;19354
333326049;19355
333342723;19356
333359397;19357
333376070;19358
333392744;19359
333409418;19360
333426091;19361
333442765;19362
333459439;19363
333476112;19364
333492786;19365
333509460;19366
333526133;19367
333542807;19368
333559481;19369
333576154;19370
333592828;19371
333609502;19372
333626175;19373
333642849;19374
333659523;19375
333676196;19376
333692870;19377
333709543;19378
333726217;19379
333742891;19380
333759564;19381
333792912;19382
333809585;19383
333826259;19384
333842933;19385
333859606;19386
333876280;19387
333892954;19388
333909627;19389
333926301;19390
333942975;19391
333959648;19392
333976322;19393
333992996;19394
334009669;19395
334026343;19396
334043017;19397
334059690;19398
334076364;19399
334093038;19400
334109711;19401
334126385;19402
334143058;19403
334159732;19404
334176406;19405
334193079;19406
334209753;19407
334226427;19408
334243100;19409
334259774;19410
334293121;19411
334309795;19412
334326469;19413
334343142;19414
334359816;19415
334376490;19416
334393163;19417
334409837;19418
334426511;19419
334443184;19420
334459858;19421
334476531;19422
334493205;19423
334509879;19424
334526553;19425
334543226;19426
334559900;19427
334576573;19428
334593247;19429
334609921;19430
334626594;19431
334643268;19432
334659942;19433
334676615;19434
334693289;19435
334709963;19436
334726636;19437
334743310;19438
334759984;19439
334793331;19440
334810005;19441
334826678;19442
334843352;19443
334860026;19444
334876699;19445
334893373;19446
334910047;19447
334926720;19448
334943394;19449
334960067;19450
334976741;19451
334993415;19452
335010088;19453
335026762;19454
335043436;19455
335060109;19456
335076783;19457
335093457;19458
335110130;19459
335126804;19460
335143478;19461
335160151;19462
335176825;19463
335193499;19464
335210172;19465
335226846;19466
335243520;19467
335260193;19468
335293540;19469
335310214;19470
335326888;19471
335343561;19472
335360235;19473
335376909;19474
335393582;19475
335410256;19476
335426930;19477
335443603;19478
335460277;19479
335476951;19480
335493624;19481
335510298;19482
335526972;19483
335543645;19484
335560319;19485
335576993;19486
335593666;19487
335610340;19488
335627014;19489
335643687;19490
335660361;19491
335677034;19492
335693708;19493
335710382;19494
335727055;19495
335743729;19496
335760403;19497
335793750;19498
335810424;19499
335827097;19500
335843771;19501
335860445;19502
335877118;19503
335893792;19504
335910466;19505
335927139;19506
335943813;19507
335960487;19508
335977160;19509
335993834;19510
336010507;19511
336027181;19512
336043855;19513
336060528;19514
336077202;19515
336093876;19516
336110549;19517
336127223;19518
336143897;19519
336160570;19520
336177244;19521
336193918;19522
336210591;19523
336227265;19524
336243939;19525
336260612;19526
336293960;19527
336310633;19528
336327307;19529
336343981;19530
336360654;19531
336377328;19532
336394002;19533
336410675;19534
336427349;19535
336444022;19536
336460696;19537
336477370;19538
336494043;19539
336510717;19540
336527391;19541
336544064;19542
336560738;19543
336577412;19544
336594085;19545
336610759;19546
336627433;19547
336644106;19548
336660780;19549
336677454;19550
336694127;19551
336710801;19552
336727475;19553
336744148;19554
336760822;19555
336794169;19556
336810843;19557
336827516;19558
336844190;19559
336860864;19560
336877537;19561
336894211;19562
336910885;19563
336927558;19564
336944232;19565
336960906;19566
336977579;19567
336994253;19568
337010927;19569
337027600;19570
337044274;19571
337060948;19572
337077621;19573
337094295;19574
337110969;19575
337127642;19576
337144316;19577
337160990;19578
337177663;19579
337194337;19580
337211010;19581
337227684;19582
337244358;19583
337261031;19584
337294379;19585
337311052;19586
337327726;19587
337344400;19588
337361073;19589
337377747;19590
337394421;19591
337411094;19592
337427768;19593
337444442;19594
337461115;19595
337477789;19596
337494463;19597
337511136;19598
337527810;19599
337544483;19600
337561157;19601
337577831;19602
337594504;19603
337611178;19604
337627852;19605
337644525;19606
337661199;19607
337677873;19608
337694546;19609
337711220;19610
337727894;19611
337744567;19612
337761241;19613
337794588;19614
337811262;19615
337827936;19616
337844609;19617
337861283;19618
337877956;19619
337894630;19620
337911304;19621
337927977;19622
337944651;19623
337961325;19624
337977998;19625
337994672;19626
338011346;19627
338028019;19628
338044693;19629
338061367;19630
338078040;19631
338094714;19632
338111388;19633
338128061;19634
338144735;19635
338161409;19636
338178082;19637
338194756;19638
338211430;19639
338228103;19640
338244777;19641
338261450;19642
338294798;19643
338311472;19644
338328145;19645
338344819;19646
338361492;19647
338378166;19648
338394840;19649
338411513;19650
338428187;19651
338444861;19652
338461534;19653
338478208;19654
338494882;19655
338511555;19656
338528229;19657
338544903;19658
338561576;19659
338578250;19660
338594923;19661
338611597;19662
338628271;19663
338644944;19664
338661618;19665
338678292;19666
338694965;19667
338711639;19668
338728313;19669
338744986;19670
338761660;19671
338795007;19672
338811681;19673
338828355;19674
338845028;19675
338861702;19676
338878376;19677
338895049;19678
338911723;19679
338928397;19680
338945070;19681
338961744;19682
338978417;19683
338995091;19684
339011765;19685
339028438;19686
339045112;19687
339061786;19688
339078459;19689
339095133;19690
339111807;19691
339128480;19692
339145154;19693
339161828;19694
339178501;19695
339195175;19696
339211849;19697
339228522;19698
339245196;19699
339261870;19700
339295217;19701
339311890;19702
339328564;19703
339345238;19704
339361911;19705
339378585;19706
339395259;19707
339411932;19708
339428606;19709
339445280;19710
339461953;19711
339478627;19712
339495301;19713
339511974;19714
339528648;19715
339545322;19716
339561995;19717
339578669;19718
339595343;19719
339612016;19720
339628690;19721
339645364;19722
339662037;19723
339678711;19724
339695384;19725
339712058;19726
339728732;19727
339745405;19728
339762079;19729
339795426;19730
339812100;19731
339828774;19732
339845447;19733
339862121;19734
339878795;19735
339895468;19736
339912142;19737
339928815;19738
339945489;19739
339962163;19740
339978836;19741
339995510;19742
340012184;19743
340028857;19744
340045531;19745
340062205;19746
340078878;19747
340095552;19748
340112226;19749
340128899;19750
340145573;19751
340162247;19752
340178920;19753
340195594;19754
340212267;19755
340228941;19756
340245615;19757
340262288;19758
340295636;19759
340312309;19760
340328983;19761
340345657;19762
340362330;19763
340379004;19764
340395678;19765
340412351;19766
340429025;19767
340445699;19768
340462372;19769
340479046;19770
340495720;19771
340512393;19772
340529067;19773
340545741;19774
340562414;19775
340579088;19776
340595761;19777
340612435;19778
340629109;19779
340645782;19780
340662456;19781
340679130;19782
340695803;19783
340712477;19784
340729151;19785
340745824;19786
340762498;19787
340795845;19788
340812519;19789
340829193;19790
340845866;19791
340862540;19792
340879213;19793
340895887;19794
340912561;19795
340929234;19796
340945908;19797
340962582;19798
340979255;19799
340995929;19800
341012603;19801
341029276;19802
341045950;19803
341062624;19804
341079297;19805
341095971;19806
341112645;19807
341129318;19808
341145992;19809
341162665;19810
341179339;19811
341196013;19812
341212686;19813
341229360;19814
341246034;19815
341262707;19816
341296055;19817
341312728;19818
341329402;19819
341346076;19820
341362749;19821
341379423;19822
341396097;19823
341412770;19824
341429444;19825
341446118;19826
341462791;19827
341479465;19828
341496139;19829
341512812;19830
341529486;19831
341546159;19832
341562833;19833
341579507;19834
341596180;19835
341612854;19836
341629528;19837
341646201;19838
341662875;19839
341679549;19840
341696222;19841
341712896;19842
341729570;19843
341746243;19844
341762917;19845
341796264;19846
341812938;19847
341829611;19848
341846285;19849
341862959;19850
341879632;19851
341896306;19852
341912980;19853
341929653;19854
341946327;19855
341963001;19856
341979674;19857
341996348;19858
342013022;19859
342029695;19860
342046369;19861
342063042;19862
342079716;19863
342096390;19864
342113063;19865
342129737;19866
342146411;19867
342163084;19868
342179758;19869
342196432;19870
342213105;19871
342229779;19872
342246453;19873
342263126;19874
342296474;19875
342313147;19876
342329821;19877
342346495;19878
342363168;19879
342379842;19880
342396515;19881
342413189;19882
342429863;19883
342446536;19884
342463210;19885
342479884;19886
342496557;19887
342513231;19888
342529905;19889
342546578;19890
342563252;19891
342579926;19892
342596599;19893
342613273;19894
342629947;19895
342646620;19896
342663294;19897
342679967;19898
342696641;19899
342713315;19900
342729988;19901
342746662;19902
342763336;19903
342796683;19904
342813357;19905
342830030;19906
342846704;19907
342863378;19908
342880051;19909
342896725;19910
342913399;19911
342930072;19912
342946746;19913
342963420;19914
342980093;19915
342996767;19916
343013441;19917
343030114;19918
343046788;19919
343063461;19920
343080135;19921
343096809;19922
343113482;19923
343130156;19924
343146830;19925
343163503;19926
343180177;19927
343196851;19928
343213524;19929
343230198;19930
343246872;19931
343263545;19932
343296892;19933
343313566;19934
343330240;19935
343346913;19936
343363587;19937
343380261;19938
343396934;19939
343413608;19940
343430282;19941
343446955;19942
343463629;19943
343480303;19944
343496976;19945
343513650;19946
343530324;19947
343546997;19948
343563671;19949
343580345;19950
343597018;19951
343613692;19952
343630365;19953
343647039;19954
343663713;19955
343680386;19956
343697060;19957
343713734;19958
343730407;19959
343747081;19960
343763755;19961
343797102;19962
343813776;19963
343830449;19964
343847123;19965
343863797;19966
343880470;19967
343897144;19968
343913818;19969
343930491;19970
343947165;19971
343963838;19972
343980512;19973
343997186;19974
344013859;19975
344030533;19976
344047207;19977
344063880;19978
344080554;19979
344097228;19980
344113901;19981
344130575;19982
344147249;19983
344163922;19984
344180596;19985
344197270;19986
344213943;19987
344230617;19988
344247290;19989
344263964;19990
344297311;19991
344313985;19992
344330659;19993
344347332;19994
344364006;19995
344380680;19996
344397353;19997
344414027;19998
344430701;19999
344447374;20000
344464048;20001
344480722;20002
344497395;20003
344514069;20004
344530742;20005
344547416;20006
344564090;20007
344580763;20008
344597437;20009
344614111;20010
344630784;20011
344647458;20012
344664132;20013
344680805;20014
344697479;20015
344714153;20016
344730826;20017
344747500;20018
344764174;20019
344797521;20020
344814194;20021
344830868;20022
344847542;20023
344864215;20024
344880889;20025
344897563;20026
344914236;20027
344930910;20028
344947584;20029
344964257;20030
344980931;20031
344997605;20032
345014278;20033
345030952;20034
345047626;20035
345064299;20036
345080973;20037
345097646;20038
345114320;20039
345130994;20040
345147667;20041
345164341;20042
345181015;20043
345197688;20044
345214362;20045
345231036;20046
345247709;20047
345264383;20048
345297730;20049
345314404;20050
345331078;20051
345347751;20052
345364425;20053
345381099;20054
345397772;20055
345414446;20056
345431120;20057
345447793;20058
345464467;20059
345481140;20060
345497814;20061
345514488;20062
345531161;20063
345547835;20064
345564509;20065
345581182;20066
345597856;20067
345614530;20068
345631203;20069
345647877;20070
345664551;20071
345681224;20072
345697898;20073
345714571;20074
345731245;20075
345747919;20076
345764592;20077
345797940;20078
345814613;20079
345831287;20080
345847961;20081
345864634;20082
345881308;20083
345897982;20084
345914655;20085
345931329;20086
345948003;20087
345964676;20088
345981350;20089
345998023;20090
346014697;20091
346031371;20092
346048044;20093
346064718;20094
346081392;20095
346098065;20096
346114739;20097
346131413;20098
346148086;20099
346164760;20100
346181434;20101
346198107;20102
346214781;20103
346231455;20104
346248128;20105
346264802;20106
346298149;20107
346314823;20108
346331496;20109
346348170;20110
346364844;20111
346381517;20112
346398191;20113
346414865;20114
346431538;20115
346448212;20116
346464886;20117
346481559;20118
346498233;20119
346514907;20120
346531580;20121
346548254;20122
346564927;20123
346581601;20124
346598275;20125
346614948;20126
346631622;20127
346648296;20128
346664969;20129
346681643;20130
346698317;20131
346714990;20132
346731664;20133
346748338;20134
346765011;20135
346798359;20136
346815032;20137
346831706;20138
346848379;20139
346865053;20140
346881727;20141
346898400;20142
346915074;20143
346931748;20144
346948421;20145
346965095;20146
346981769;20147
346998442;20148
347015116;20149
347031790;20150
347048463;20151
347065137;20152
347081811;20153
347098484;20154
347115158;20155
347131832;20156
347148505;20157
347165179;20158
347181852;20159
347198526;20160
347215200;20161
347231873;20162
347248547;20163
347265221;20164
347298568;20165
347315242;20166
347331915;20167
347348589;20168
347365263;20169
347381936;20170
347398610;20171
347415284;20172
347431957;20173
347448631;20174
347465304;20175
347481978;20176
347498652;20177
347515325;20178
347531999;20179
347548673;20180
347565346;20181
347582020;20182
347598694;20183
347615367;20184
347632041;20185
347648715;20186
347665388;20187
347682062;20188
347698736;20189
347715409;20190
347732083;20191
347748756;20192
347765430;20193
347798777;20194
347815451;20195
347832125;20196
347848798;20197
347865472;20198
347882146;20199
347898819;20200
347915493;20201
347932167;20202
347948840;20203
347965514;20204
347982188;20205
347998861;20206
348015535;20207
348032208;20208
348048882;20209
348065556;20210
348082229;20211
348098903;20212
348115577;20213
348132250;20214
348148924;20215
348165598;20216
348182271;20217
348198945;20218
348215619;20219
348232292;20220
348248966;20221
348265640;20222
348298987;20223
348315660;20224
348332334;20225
348349008;20226
348365681;20227
348382355;20228
348399029;20229
348415702;20230
348432376;20231
348449050;20232
348465723;20233
348482397;20234
348499071;20235
348515744;20236
348532418;20237
348549092;20238
348565765;20239
348582439;20240
348599112;20241
348615786;20242
348632460;20243
348649133;20244
348665807;20245
348682481;20246
348699154;20247
348715828;20248
348732502;20249
348749175;20250
348765849;20251
348799196;20252
348815870;20253
348832543;20254
348849217;20255
348865891;20256
348882564;20257
348899238;20258
348915912;20259
348932585;20260
348949259;20261
348965933;20262
348982606;20263
348999280;20264
349015954;20265
349032627;20266
349049301;20267
349065975;20268
349082648;20269
349099322;20270
349115995;20271
349132669;20272
349149343;20273
349166016;20274
349182690;20275
349199364;20276
349216037;20277
349232711;20278
349249385;20279
349266058;20280
349299406;20281
349316079;20282
349332753;20283
349349427;20284
349366100;20285
349382774;20286
349399448;20287
349416121;20288
349432795;20289
349449468;20290
349466142;20291
349482816;20292
349499489;20293
349516163;20294
349532837;20295
349549510;20296
349566184;20297
349582858;20298
349599531;20299
349616205;20300
349632879;20301
349649552;20302
349666226;20303
349682899;20304
349699573;20305
349716247;20306
349732920;20307
349749594;20308
349766268;20309
349799615;20310
349816289;20311
349832962;20312
349849636;20313
349866310;20314
349882983;20315
349899657;20316
349916331;20317
349933004;20318
349949678;20319
349966351;20320
349983025;20321
349999699;20322
350016372;20323
350033046;20324
350049720;20325
350066393;20326
350083067;20327
350099741;20328
350116414;20329
350133088;20330
350149762;20331
350166435;20332
350183109;20333
350199783;20334
350216456;20335
350233130;20336
350249804;20337
350266477;20338
350299824;20339
350316498;20340
350333172;20341
350349845;20342
350366519;20343
350383193;20344
350399866;20345
350416540;20346
350433214;20347
350449887;20348
350466561;20349
350483235;20350
350499908;20351
350516582;20352
350533255;20353
350549929;20354
350566603;20355
350583276;20356
350599950;20357
350616624;20358
350633297;20359
350649971;20360
350666645;20361
350683318;20362
350699992;20363
350716666;20364
350733339;20365
350750013;20366
350766687;20367
350800034;20368
350816707;20369
350833381;20370
350850055;20371
350866728;20372
350883402;20373
350900076;20374
350916749;20375
350933423;20376
350950097;20377
350966770;20378
350983444;20379
351000118;20380
351016791;20381
351033465;20382
351050139;20383
351066812;20384
351083486;20385
351100159;20386
351116833;20387
351133507;20388
351150180;20389
351166854;20390
351183528;20391
351200201;20392
351216875;20393
351233549;20394
351250222;20395
351266896;20396
351300243;20397
351316917;20398
351333591;20399
351350264;20400
351366938;20401
351383611;20402
351400285;20403
351416959;20404
351433632;20405
351450306;20406
351466980;20407
351483653;20408
351500327;20409
351517001;20410
351533674;20411
351550348;20412
351567022;20413
351583695;20414
351600369;20415
351617043;20416
351633716;20417
351650390;20418
351667063;20419
351683737;20420
351700411;20421
351717084;20422
351733758;20423
351750432;20424
351767105;20425
351800453;20426
351817126;20427
351833800;20428
351850474;20429
351867147;20430
351883821;20431
351900495;20432
351917168;20433
351933842;20434
351950516;20435
351967189;20436
351983863;20437
352000536;20438
352017210;20439
352033884;20440
352050557;20441
352067231;20442
352083905;20443
352100578;20444
352117252;20445
352133926;20446
352150599;20447
352167273;20448
352183947;20449
352200620;20450
352217294;20451
352233968;20452
352250641;20453
352267315;20454
352300662;20455
352317336;20456
352334009;20457
352350683;20458
352367357;20459
352384030;20460
352400704;20461
352417378;20462
352434051;20463
352450725;20464
352467399;20465
352484072;20466
352500746;20467
352517419;20468
352534093;20469
352550767;20470
352567440;20471
352584114;20472
352600788;20473
352617461;20474
352634135;20475
352650809;20476
352667482;20477
352684156;20478
352700830;20479
352717503;20480
352734177;20481
352750851;20482
352767524;20483
352800871;20484
352817545;20485
352834219;20486
352850892;20487
352867566;20488
352884240;20489
352900913;20490
352917587;20491
352934261;20492
352950934;20493
352967608;20494
352984282;20495
353000955;20496
353017629;20497
353034303;20498
353050976;20499
353067650;20500
353084323;20501
353100997;20502
353117671;20503
353134344;20504
353151018;20505
353167692;20506
353184365;20507
353201039;20508
353217713;20509
353234386;20510
353251060;20511
353267734;20512
353301081;20513
353317755;20514
353334428;20515
353351102;20516
353367775;20517
353384449;20518
353401123;20519
353417796;20520
353434470;20521
353451144;20522
353467817;20523
353484491;20524
353501165;20525
353517838;20526
353534512;20527
353551186;20528
353567859;20529
353584533;20530
353601207;20531
353617880;20532
353634554;20533
353651227;20534
353667901;20535
353684575;20536
353701248;20537
353717922;20538
353734596;20539
353751269;20540
353767943;20541
353801290;20542
353817964;20543
353834638;20544
353851311;20545
353867985;20546
353884658;20547
353901332;20548
353918006;20549
353934679;20550
353951353;20551
353968027;20552
353984700;20553
354001374;20554
354018048;20555
354034721;20556
354051395;20557
354068069;20558
354084742;20559
354101416;20560
354118090;20561
354134763;20562
354151437;20563
354168111;20564
354184784;20565
354201458;20566
354218131;20567
354234805;20568
354251479;20569
354268152;20570
354301500;20571
354318173;20572
354334847;20573
354351521;20574
354368194;20575
354384868;20576
354401542;20577
354418215;20578
354434889;20579
354451563;20580
354468236;20581
354484910;20582
354501583;20583
354518257;20584
354534931;20585
354551604;20586
354568278;20587
354584952;20588
354601625;20589
354618299;20590
354634973;20591
354651646;20592
354668320;20593
354684994;20594
354701667;20595
354718341;20596
354735015;20597
354751688;20598
354768362;20599
354801709;20600
354818383;20601
354835056;20602
354851730;20603
354868404;20604
354885077;20605
354901751;20606
354918425;20607
354935098;20608
354951772;20609
354968445;20610
354985119;20611
355001793;20612
355018467;20613
355035140;20614
355051814;20615
355068487;20616
355085161;20617
355101835;20618
355118508;20619
355135182;20620
355151856;20621
355168529;20622
355185203;20623
355201877;20624
355218550;20625
355235224;20626
355251898;20627
355268571;20628
355301918;20629
355318592;20630
355335266;20631
355351939;20632
355368613;20633
355385287;20634
355401960;20635
355418634;20636
355435308;20637
355451981;20638
355468655;20639
355485329;20640
355502002;20641
355518676;20642
355535350;20643
355552023;20644
355568697;20645
355585370;20646
355602044;20647
355618718;20648
355635391;20649
355652065;20650
355668739;20651
355685412;20652
355702086;20653
355718760;20654
355735433;20655
355752107;20656
355768781;20657
355802128;20658
355818802;20659
355835475;20660
355852149;20661
355868822;20662
355885496;20663
355902170;20664
355918843;20665
355935517;20666
355952191;20667
355968864;20668
355985538;20669
356002212;20670
356018885;20671
356035559;20672
356052233;20673
356068906;20674
356085580;20675
356102254;20676
356118927;20677
356135601;20678
356152274;20679
356168948;20680
356185622;20681
356202295;20682
356218969;20683
356235643;20684
356252316;20685
356268990;20686
356302337;20687
356319011;20688
356335685;20689
356352358;20690
356369032;20691
356385706;20692
356402379;20693
356419053;20694
356435726;20695
356452400;20696
356469074;20697
356485747;20698
356502421;20699
356519095;20700
356535768;20701
356552442;20702
356569116;20703
356585789;20704
356602463;20705
356619137;20706
356635810;20707
356652484;20708
356669158;20709
356685831;20710
356702505;20711
356719179;20712
356735852;20713
356752526;20714
356769199;20715
356802547;20716
356819220;20717
356835894;20718
356852568;20719
356869241;20720
356885915;20721
356902589;20722
356919262;20723
356935936;20724
356952610;20725
356969283;20726
356985957;20727
357002631;20728
357019304;20729
357035978;20730
357052651;20731
357069325;20732
357085999;20733
357102672;20734
357119346;20735
357136020;20736
357152693;20737
357169367;20738
357186041;20739
357202714;20740
357219388;20741
357236062;20742
357252735;20743
357269409;20744
357302756;20745
357319430;20746
357336103;20747
357352777;20748
357369451;20749
357386124;20750
357402798;20751
357419472;20752
357436145;20753
357452819;20754
357469493;20755
357486166;20756
357502840;20757
357519514;20758
357536187;20759
357552861;20760
357569534;20761
357586208;20762
357602882;20763
357619555;20764
357636229;20765
357652903;20766
357669576;20767
357686250;20768
357702924;20769
357719597;20770
357736271;20771
357752945;20772
357769618;20773
357802965;20774
357819639;20775
357836313;20776
357852987;20777
357869660;20778
357886334;20779
357903007;20780
357919681;20781
357936355;20782
357953028;20783
357969702;20784
357986376;20785
358003049;20786
358019723;20787
358036397;20788
358053070;20789
358069744;20790
358086418;20791
358103091;20792
358119765;20793
358136438;20794
358153112;20795
358169786;20796
358186459;20797
358203133;20798
358219807;20799
358236480;20800
358253154;20801
358269828;20802
358303175;20803
358319848;20804
358336522;20805
358353196;20806
358369869;20807
358386543;20808
358403217;20809
358419890;20810
358436564;20811
358453238;20812
358469911;20813
358486585;20814
358503259;20815
358519932;20816
358536606;20817
358553280;20818
358569953;20819
358586627;20820
358603301;20821
358619974;20822
358636648;20823
358653321;20824
358669995;20825
358686669;20826
358703342;20827
358720016;20828
358736690;20829
358753363;20830
358770037;20831
358803384;20832
358820058;20833
358836732;20834
358853405;20835
358870079;20836
358886753;20837
358903426;20838
358920100;20839
358936773;20840
358953447;20841
358970121;20842
358986794;20843
359003468;20844
359020142;20845
359036815;20846
359053489;20847
359070163;20848
359086836;20849
359103510;20850
359120184;20851
359136857;20852
359153531;20853
359170204;20854
359186878;20855
359203552;20856
359220225;20857
359236899;20858
359253573;20859
359270246;20860
359303594;20861
359320267;20862
359336941;20863
359353615;20864
359370288;20865
359386962;20866
359403635;20867
359420309;20868
359436983;20869
359453656;20870
359470330;20871
359487004;20872
359503677;20873
359520351;20874
359537025;20875
359553698;20876
359570372;20877
359587046;20878
359603719;20879
359620393;20880
359637067;20881
359653740;20882
359670414;20883
359687087;20884
359703761;20885
359720435;20886
359737108;20887
359753782;20888
359770456;20889
359803803;20890
359820477;20891
359837150;20892
359853824;20893
359870498;20894
359887171;20895
359903845;20896
359920518;20897
359937192;20898
359953866;20899
359970539;20900
359987213;20901
360003887;20902
360020560;20903
360037234;20904
360053908;20905
360070581;20906
360087255;20907
360103929;20908
360120602;20909
360137276;20910
360153950;20911
360170623;20912
360187297;20913
360203970;20914
360220644;20915
360237318;20916
360253991;20917
360270665;20918
360304012;20919
360320686;20920
360337360;20921
360354033;20922
360370707;20923
360387381;20924
360404054;20925
360420728;20926
360437402;20927
360454075;20928
360470749;20929
360487422;20930
360504096;20931
360520770;20932
360537443;20933
360554117;20934
360570791;20935
360587464;20936
360604138;20937
360620812;20938
360637485;20939
360654159;20940
360670833;20941
360687506;20942
360704180;20943
360720854;20944
360737527;20945
360754201;20946
360770874;20947
360804222;20948
360820895;20949
360837569;20950
360854243;20951
360870916;20952
360887590;20953
360904264;20954
360920937;20955
360937611;20956
360954285;20957
360970958;20958
360987632;20959
361004305;20960
361020979;20961
361037653;20962
361054326;20963
361071000;20964
361087674;20965
361104347;20966
361121021;20967
361137695;20968
361154368;20969
361171042;20970
361187716;20971
361204389;20972
361221063;20973
361237737;20974
361254410;20975
361271084;20976
361304431;20977
361321105;20978
361337778;20979
361354452;20980
361371126;20981
361387799;20982
361404473;20983
361421147;20984
361437820;20985
361454494;20986
361471168;20987
361487841;20988
361504515;20989
361521189;20990
361537862;20991
361554536;20992
361571210;20993
361587883;20994
361604557;20995
361621230;20996
361637904;20997
361654578;20998
361671251;20999
361687925;21000
361704599;21001
361721272;21002
361737946;21003
361754620;21004
361771293;21005
361804641;21006
361821314;21007
361837988;21008
361854661;21009
361871335;21010
361888009;21011
361904682;21012
361921356;21013
361938030;21014
361954703;21015
361971377;21016
361988051;21017
362004724;21018
362021398;21019
362038072;21020
362054745;21021
362071419;21022
362088093;21023
362104766;21024
362121440;21025
362138113;21026
362154787;21027
362171461;21028
362188134;21029
362204808;21030
362221482;21031
362238155;21032
362254829;21033
362271503;21034
362304850;21035
362321524;21036
362338197;21037
362354871;21038
362371545;21039
362388218;21040
362404892;21041
362421566;21042
362438239;21043
362454913;21044
362471586;21045
362488260;21046
362504934;21047
362521607;21048
362538281;21049
362554955;21050
362571628;21051
362588302;21052
362604976;21053
362621649;21054
362638323;21055
362654997;21056
362671670;21057
362688344;21058
362705017;21059
362721691;21060
362738365;21061
362755038;21062
362771712;21063
362805059;21064
362821733;21065
362838407;21066
362855080;21067
362871754;21068
362888428;21069
362905101;21070
362921775;21071
362938449;21072
362955122;21073
362971796;21074
362988470;21075
363005143;21076
363021817;21077
363038490;21078
363055164;21079
363071838;21080
363088511;21081
363105185;21082
363121859;21083
363138532;21084
363155206;21085
363171880;21086
363188553;21087
363205227;21088
363221901;21089
363238574;21090
363255248;21091
363271922;21092
363305269;21093
363321943;21094
363338616;21095
363355290;21096
363371963;21097
363388637;21098
363405311;21099
363421984;21100
363438658;21101
363455332;21102
363472005;21103
363488679;21104
363505353;21105
363522026;21106
363538700;21107
363555374;21108
363572047;21109
363588721;21110
363605394;21111
363622068;21112
363638742;21113
363655415;21114
363672089;21115
363688763;21116
363705436;21117
363722110;21118
363738784;21119
363755457;21120
363772131;21121
363805478;21122
363822152;21123
363838826;21124
363855499;21125
363872173;21126
363888847;21127
363905520;21128
363922194;21129
363938867;21130
363955541;21131
363972215;21132
363988888;21133
364005562;21134
364022236;21135
364038909;21136
364055583;21137
364072257;21138
364088930;21139
364105604;21140
364122278;21141
364138951;21142
364155625;21143
364172299;21144
364188972;21145
364205646;21146
364222319;21147
364238993;21148
364255667;21149
364272340;21150
364305688;21151
364322361;21152
364339035;21153
364355709;21154
364372382;21155
364389056;21156
364405730;21157
364422403;21158
364439077;21159
364455751;21160
364472424;21161
364489098;21162
364505772;21163
364522445;21164
364539119;21165
364555792;21166
364572466;21167
364589140;21168
364605813;21169
364622487;21170
364639161;21171
364655834;21172
364672508;21173
364689182;21174
364705855;21175
364722529;21176
364739203;21177
364755876;21178
364772550;21179
364805897;21180
364822571;21181
364839244;21182
364855918;21183
364872592;21184
364889265;21185
364905939;21186
364922613;21187
364939286;21188
364955960;21189
364972634;21190
364989307;21191
365005981;21192
365022655;21193
365039328;21194
365056002;21195
365072675;21196
365089349;21197
365106023;21198
365122696;21199
365139370;21200
365156044;21201
365172717;21202
365189391;21203
365206065;21204
365222738;21205
365239412;21206
365256086;21207
365272759;21208
365306107;21209
365322780;21210
365339454;21211
365356127;21212
365372801;21213
365389475;21214
365406148;21215
365422822;21216
365439496;21217
365456169;21218
365472843;21219
365489517;21220
365506190;21221
365522864;21222
365539538;21223
365556211;21224
365572885;21225
365589559;21226
365606232;21227
365622906;21228
365639580;21229
365656253;21230
365672927;21231
365689600;21232
365706274;21233
365722948;21234
365739621;21235
365756295;21236
365772969;21237
365806316;21238
365822990;21239
365839663;21240
365856337;21241
365873011;21242
365889684;21243
365906358;21244
365923032;21245
365939705;21246
365956379;21247
365973052;21248
365989726;21249
366006400;21250
366023073;21251
366039747;21252
366056421;21253
366073094;21254
366089768;21255
366106442;21256
366123115;21257
366139789;21258
366156463;21259
366173136;21260
366189810;21261
366206484;21262
366223157;21263
366239831;21264
366256504;21265
366273178;21266
366306525;21267
366323199;21268
366339873;21269
366356546;21270
366373220;21271
366389894;21272
366406567;21273
366423241;21274
366439915;21275
366456588;21276
366473262;21277
366489936;21278
366506609;21279
366523283;21280
366539956;21281
366556630;21282
366573304;21283
366589977;21284
366606651;21285
366623325;21286
366639998;21287
366656672;21288
366673346;21289
366690019;21290
366706693;21291
366723367;21292
366740040;21293
366756714;21294
366773388;21295
366806735;21296
366823409;21297
366840082;21298
366856756;21299
366873429;21300
366890103;21301
366906777;21302
366923450;21303
366940124;21304
366956798;21305
366973471;21306
366990145;21307
367006819;21308
367023492;21309
367040166;21310
367056840;21311
367073513;21312
367090187;21313
367106861;21314
367123534;21315
367140208;21316
367156882;21317
367173555;21318
367190229;21319
367206902;21320
367223576;21321
367240250;21322
367256923;21323
367273597;21324
367306944;21325
367323618;21326
367340292;21327
367356965;21328
367373639;21329
367390313;21330
367406986;21331
367423660;21332
367440334;21333
367457007;21334
367473681;21335
367490354;21336
367507028;21337
367523702;21338
367540375;21339
367557049;21340
367573723;21341
367590396;21342
367607070;21343
367623744;21344
367640417;21345
367657091;21346
367673765;21347
367690438;21348
367707112;21349
367723786;21350
367740459;21351
367757133;21352
367773807;21353
367807154;21354
367823827;21355
367840501;21356
367857175;21357
367873848;21358
367890522;21359
367907196;21360
367923869;21361
367940543;21362
367957217;21363
367973890;21364
367990564;21365
368007238;21366
368023911;21367
368040585;21368
368057259;21369
368073932;21370
368090606;21371
368107279;21372
368123953;21373
368140627;21374
368157300;21375
368173974;21376
368190648;21377
368207321;21378
368223995;21379
368240669;21380
368257342;21381
368274016;21382
368307363;21383
368324037;21384
368340711;21385
368357384;21386
368374058;21387
368390732;21388
368407405;21389
368424079;21390
368440752;21391
368457426;21392
368474100;21393
368490773;21394
368507447;21395
368524121;21396
368540794;21397
368557468;21398
368574142;21399
368590815;21400
368607489;21401
368624163;21402
368640836;21403
368657510;21404
368674184;21405
368690857;21406
368707531;21407
368724205;21408
368740878;21409
368757552;21410
368774225;21411
368807573;21412
368824246;21413
368840920;21414
368857594;21415
368874267;21416
368890941;21417
368907615;21418
368924288;21419
368940962;21420
368957636;21421
368974309;21422
368990983;21423
369007657;21424
369024330;21425
369041004;21426
369057678;21427
369074351;21428
369091025;21429
369107698;21430
369124372;21431
369141046;21432
369157719;21433
369174393;21434
369191067;21435
369207740;21436
369224414;21437
369241088;21438
369257761;21439
369274435;21440
369291109;21441
369324456;21442
369341129;21443
369357803;21444
369374477;21445
369391151;21446
369407824;21447
369424498;21448
369441171;21449
369457845;21450
369474519;21451
369491192;21452
369507866;21453
369524540;21454
369541213;21455
369557887;21456
369574561;21457
369591234;21458
369607908;21459
369624582;21460
369641255;21461
369657929;21462
369674602;21463
369691276;21464
369707950;21465
369724624;21466
369741297;21467
369757971;21468
369774644;21469
369791318;21470
369824665;21471
369841339;21472
369858013;21473
369874686;21474
369891360;21475
369908034;21476
369924707;21477
369941381;21478
369958055;21479
369974728;21480
369991402;21481
370008075;21482
370024749;21483
370041423;21484
370058097;21485
370074770;21486
370091444;21487
370108117;21488
370124791;21489
370141465;21490
370158138;21491
370174812;21492
370191486;21493
370208159;21494
370224833;21495
370241507;21496
370258180;21497
370274854;21498
370291528;21499
370324875;21500
370341549;21501
370358222;21502
370374896;21503
370391569;21504
370408243;21505
370424917;21506
370441590;21507
370458264;21508
370474938;21509
370491611;21510
370508285;21511
370524959;21512
370541632;21513
370558306;21514
370574980;21515
370591653;21516
370608327;21517
370625001;21518
370641674;21519
370658348;21520
370675022;21521
370691695;21522
370708369;21523
370725043;21524
370741716;21525
370758390;21526
370775063;21527
370791737;21528
370825084;21529
370841758;21530
370858432;21531
370875105;21532
370891779;21533
370908453;21534
370925126;21535
370941800;21536
370958474;21537
370975147;21538
370991821;21539
371008495;21540
371025168;21541
371041842;21542
371058515;21543
371075189;21544
371091863;21545
371108536;21546
371125210;21547
371141884;21548
371158557;21549
371175231;21550
371191905;21551
371208578;21552
371225252;21553
371241926;21554
371258599;21555
371275273;21556
371291947;21557
371325294;21558
371341968;21559
371358641;21560
371375315;21561
371391988;21562
371408662;21563
371425336;21564
371442009;21565
371458683;21566
371475357;21567
371492030;21568
371508704;21569
371525378;21570
371542051;21571
371558725;21572
371575399;21573
371592072;21574
371608746;21575
371625420;21576
371642093;21577
371658767;21578
371675441;21579
371692114;21580
371708788;21581
371725461;21582
371742135;21583
371758809;21584
371775482;21585
371792156;21586
371825503;21587
371842177;21588
371858851;21589
371875524;21590
371892198;21591
371908872;21592
371925545;21593
371942219;21594
371958893;21595
371975566;21596
371992240;21597
372008914;21598
372025587;21599
372042261;21600
372058935;21601
372075608;21602
372092282;21603
372108955;21604
372125629;21605
372142303;21606
372158976;21607
372175650;21608
372192324;21609
372208997;21610
372225671;21611
372242345;21612
372259018;21613
372275692;21614
372292366;21615
372325713;21616
372342387;21617
372359060;21618
372375734;21619
372392408;21620
372409081;21621
372425755;21622
372442428;21623
372459102;21624
372475776;21625
372492449;21626
372509123;21627
372525797;21628
372542470;21629
372559144;21630
372575818;21631
372592491;21632
372609165;21633
372625839;21634
372642512;21635
372659186;21636
372675860;21637
372692533;21638
372709207;21639
372725881;21640
372742554;21641
372759228;21642
372775901;21643
372792575;21644
372825922;21645
372842596;21646
372859270;21647
372875943;21648
372892617;21649
372909291;21650
372925964;21651
372942638;21652
372959312;21653
372975985;21654
372992659;21655
373009333;21656
373026006;21657
373042680;21658
373059354;21659
373076027;21660
373092701;21661
373109375;21662
373126048;21663
373142722;21664
373159395;21665
373176069;21666
373192743;21667
373209416;21668
373226090;21669
373242764;21670
373259437;21671
373276111;21672
373292785;21673
373326132;21674
373342806;21675
373359479;21676
373376153;21677
373392827;21678
373409500;21679
373426174;21680
373442848;21681
373459521;21682
373476195;21683
373492868;21684
373509542;21685
373526216;21686
373542889;21687
373559563;21688
373576237;21689
373592910;21690
373609584;21691
373626258;21692
373642931;21693
373659605;21694
373676279;21695
373692952;21696
373709626;21697
373726300;21698
373742973;21699
373759647;21700
373776321;21701
373792994;21702
373826342;21703
373843015;21704
373859689;21705
373876362;21706
373893036;21707
373909710;21708
373926383;21709
373943057;21710
373959731;21711
373976404;21712
373993078;21713
374009752;21714
374026425;21715
374043099;21716
374059773;21717
374076446;21718
374093120;21719
374109794;21720
374126467;21721
374143141;21722
374159815;21723
374176488;21724
374193162;21725
374209835;21726
374226509;21727
374243183;21728
374259856;21729
374276530;21730
374293204;21731
374326551;21732
374343225;21733
374359898;21734
374376572;21735
374393246;21736
374409919;21737
374426593;21738
374443267;21739
374459940;21740
374476614;21741
374493288;21742
374509961;21743
374526635;21744
374543309;21745
374559982;21746
374576656;21747
374593330;21748
374610003;21749
374626677;21750
374643350;21751
374660024;21752
374676698;21753
374693371;21754
374710045;21755
374726719;21756
374743392;21757
374760066;21758
374776740;21759
374793413;21760
374826761;21761
374843434;21762
374860108;21763
374876782;21764
374893455;21765
374910129;21766
374926803;21767
374943476;21768
374960150;21769
374976823;21770
374993497;21771
375010171;21772
375026844;21773
375043518;21774
375060192;21775
375076865;21776
375093539;21777
375110213;21778
375126886;21779
375143560;21780
375160234;21781
375176907;21782
375193581;21783
375210255;21784
375226928;21785
375243602;21786
375260276;21787
375276949;21788
375293623;21789
375326970;21790
375343644;21791
375360317;21792
375376991;21793
375393665;21794
375410338;21795
375427012;21796
375443686;21797
375460359;21798
375477033;21799
375493707;21800
375510380;21801
375527054;21802
375543728;21803
375560401;21804
375577075;21805
375593749;21806
375610422;21807
375627096;21808
375643770;21809
375660443;21810
375677117;21811
375693791;21812
375710464;21813
375727138;21814
375743811;21815
375760485;21816
375777159;21817
375793832;21818
375827180;21819
375843853;21820
375860527;21821
375877201;21822
375893874;21823
375910548;21824
375927222;21825
375943895;21826
375960569;21827
375977243;21828
375993916;21829
376010590;21830
376027264;21831
376043937;21832
376060611;21833
376077284;21834
376093958;21835
376110632;21836
376127305;21837
376143979;21838
376160653;21839
376177326;21840
376194000;21841
376210674;21842
376227347;21843
376244021;21844
376260695;21845
376277368;21846
376294042;21847
376327389;21848
376344063;21849
376360737;21850
376377410;21851
376394084;21852
376410758;21853
376427431;21854
376444105;21855
376460779;21856
376477452;21857
376494126;21858
376510800;21859
376527473;21860
376544147;21861
376560820;21862
376577494;21863
376594168;21864
376610841;21865
376627515;21866
376644189;21867
376660862;21868
376677536;21869
376694210;21870
376710883;21871
376727557;21872
376744231;21873
376760904;21874
376777578;21875
376794252;21876
376827599;21877
376844273;21878
376860946;21879
376877620;21880
376894293;21881
376910967;21882
376927641;21883
376944314;21884
376960988;21885
376977662;21886
376994335;21887
377011009;21888
377027683;21889
377044356;21890
377061030;21891
377077704;21892
377094377;21893
377111051;21894
377127725;21895
377144398;21896
377161072;21897
377177746;21898
377194419;21899
377211093;21900
377227767;21901
377244440;21902
377261114;21903
377277788;21904
377294461;21905
377327808;21906
377344482;21907
377361156;21908
377377829;21909
377394503;21910
377411177;21911
377427850;21912
377444524;21913
377461198;21914
377477871;21915
377494545;21916
377511219;21917
377527892;21918
377544566;21919
377561240;21920
377577913;21921
377594587;21922
377611261;21923
377627934;21924
377644608;21925
377661281;21926
377677955;21927
377694629;21928
377711302;21929
377727976;21930
377744650;21931
377761323;21932
377777997;21933
377794671;21934
377828018;21935
377844692;21936
377861365;21937
377878039;21938
377894713;21939
377911386;21940
377928060;21941
377944734;21942
377961407;21943
377978081;21944
377994755;21945
378011428;21946
378028102;21947
378044776;21948
378061449;21949
378078123;21950
378094797;21951
378111470;21952
378128144;21953
378144817;21954
378161491;21955
378178165;21956
378194838;21957
378211512;21958
378228186;21959
378244859;21960
378261533;21961
378278207;21962
378294880;21963
378328228;21964
378344901;21965
378361575;21966
378378249;21967
378394922;21968
378411596;21969
378428270;21970
378444943;21971
378461617;21972
378478290;21973
378494964;21974
378511638;21975
378528311;21976
378544985;21977
378561659;21978
378578332;21979
378595006;21980
378611680;21981
378628353;21982
378645027;21983
378661701;21984
378678374;21985
378695048;21986
378711722;21987
378728395;21988
378745069;21989
378761743;21990
378778416;21991
378795090;21992
378828437;21993
378845111;21994
378861784;21995
378878458;21996
378895132;21997
378911805;21998
378928479;21999
378945153;22000
378961826;22001
378978500;22002
378995174;22003
379011847;22004
379028521;22005
379045195;22006
379061868;22007
379078542;22008
379095216;22009
379111889;22010
-1;-1
-1;-1
-1;-1
-1;-1
-1;-1
-1;-1
-1;-1
-1;-1
-1;-1
-1;-1
-1;-1
-1;-1
-1;-1
-1;-1
-1;-1
-1;-1
-1;-1
-1;-1
-1;-1
-1;-1
-1;-1
-1;-1
-1;-1
-1;-1
-1;-1
-1;-1
-1;-1
-1;-1
-1;-1
-1;-1
-1;-1
-1;-1
-1;-1
-1;-1
-1;-1
-1;-1
-1;-1
-1;-1
-1;-1
-1;-1
-1;-1
-1;-1
-1;-1
-1;-1
-1;-1
-1;-1
-1;-1
-1;-1
-1;-1
-1;-1
-1;-1
-1;-1
-1;-1
-1;-1
-1;-1
-1;-1
-1;-1
-1;-1
-1;-1
-1;-1
-1;-1
-1;-1
-1;-1
-1;-1
-1;-1
-1;-1
-1;-1
-1;-1
-1;-1
-1;-1
-1;-1
-1;-1
-1;-1
-1;-1
-1;-1
-1;-1
-1;-1
-1;-1
-1;-1
-1;-1
-1;-1
-1;-1
-1;-1
-1;-1
-1;-1
-1;-1
-1;-1
-1;-1
-1;-1
-1;-1
-1;-1
-1;-1
-1;-1
-1;-1
-1;-1
-1;-1
-1;-1
-1;-1
-1;-1
-1;-1
-1;-1
-1;-1
-1;-1
-1;-1
-1;-1
-1;-1
-1;-1
-1;-1
-1;-1
-1;-1
-1;-1
-1;-1
-1;-1
-1;-1
-1;-1
-1;-1
-1;-1
-1;-1
-1;-1
-1;-1
-1;-1
-1;-1
-1;-1
-1;-1
-1;-1
-1;-1
-1;-1
-1;-1
-1;-1
-1;-1
-1;-1
-1;-1
-1;-1
-1;-1
-1;-1
-1;-1
-1;-1
-1;-1
-1;-1
-1;-1
-1;-1
-1;-1
-1;-1
-1;-1
-1;-1
-1;-1
-1;-1
-1;-1
-1;-1
-1;-1
-1;-1
-1;-1
-1;-1
-1;-1
-1;-1
-1;-1
-1;-1
-1;-1
-1;-1
-1;-1
-1;-1
-1;-1
-1;-1
-1;-1
-1;-1
-1;-1
