296826803;17238
296843476;17239
296860150;17240
296876824;17241
296893497;17242
296910171;17243
296926844;17244
296943518;17245
296960191;17246
296976865;17247
296993539;17248
297010212;17249
297026886;17250
297043560;17251
297060233;17252
297076907;17253
297093580;17254
297110254;17255
297126927;17256
297160275;17257
297176948;17258
297193622;17259
297210295;17260
297226969;17261
297243643;17262
297260316;17263
297276990;17264
297293663;17265
297310337;17266
297327011;17267
297343684;17268
297360358;17269
297377031;17270
297393705;17271
297410379;17272
297427052;17273
297443726;17274
297460399;17275
297477073;17276
297493746;17277
297510420;17278
297527094;17279
297543767;17280
297560441;17281
297577114;17282
297593788;17283
297610462;17284
297627135;17285
297660482;17286
297677156;17287
297693829;17288
297710503;17289
297727177;17290
297743850;17291
297760524;17292
297777197;17293
297793871;17294
297810545;17295
297827218;17296
297843892;17297
297860565;17298
297877239;17299
297893913;17300
297910586;17301
297927260;17302
297943933;17303
297960607;17304
297977281;17305
297993954;17306
298010628;17307
298027301;17308
298043975;17309
298060648;17310
298077322;17311
298093996;17312
298110669;17313
298127343;17314
298160690;17315
298177364;17316
298194037;17317
298210711;17318
298227384;17319
298244058;17320
298260732;17321
298277405;17322
298294079;17323
298310752;17324
298327426;17325
298344099;17326
298360773;17327
298377447;17328
298394120;17329
298410794;17330
298427467;17331
298444141;17332
298460815;17333
298477488;17334
298494162;17335
298510835;17336
298527509;17337
298544183;17338
298560856;17339
298577530;17340
298594203;17341
298610877;17342
298627551;17343
298660898;17344
298677571;17345
298694245;17346
298710918;17347
298727592;17348
298744266;17349
298760939;17350
298777613;17351
298794286;17352
298810960;17353
298827634;17354
298844307;17355
298860981;17356
298877654;17357
298894328;17358
298911002;17359
298927675;17360
298944349;17361
298961022;17362
298977696;17363
298994370;17364
299011043;17365
299027717;17366
299044390;17367
299061064;17368
299077737;17369
299094411;17370
299111085;17371
299127758;17372
299161105;17373
299177779;17374
299194453;17375
299211126;17376
299227800;17377
299244473;17378
299261147;17379
299277820;17380
299294494;17381
299311168;17382
299327841;17383
299344515;17384
299361188;17385
299377862;17386
299394536;17387
299411209;17388
299427883;17389
299444556;17390
299461230;17391
299477904;17392
299494577;17393
299511251;17394
299527924;17395
299544598;17396
299561272;17397
299577945;17398
299594619;17399
299611292;17400
299627966;17401
299661313;17402
299677987;17403
299694660;17404
299711334;17405
299728007;17406
299744681;17407
299761355;17408
299778028;17409
299794702;17410
299811375;17411
299828049;17412
299844723;17413
299861396;17414
299878070;17415
299894743;17416
299911417;17417
299928091;17418
299944764;17419
299961438;17420
299978111;17421
299994785;17422
300011458;17423
300028132;17424
300044806;17425
300061479;17426
300078153;17427
300094826;17428
300111500;17429
300128174;17430
300161521;17431
300178194;17432
300194868;17433
300211542;17434
300228215;17435
300244889;17436
300261562;17437
300278236;17438
300294909;17439
300311583;17440
300328257;17441
300344930;17442
300361604;17443
300378277;17444
300394951;17445
300411625;17446
300428298;17447
300444972;17448
300461645;17449
300478319;17450
300494993;17451
300511666;17452
300528340;17453
300545013;17454
300561687;17455
300578361;17456
300595034;17457
300611708;17458
300628381;17459
300661729;17460
300678402;17461
300695076;17462
300711749;17463
300728423;17464
300745096;17465
300761770;17466
300778444;17467
300795117;17468
300811791;17469
300828464;17470
300845138;17471
300861812;17472
300878485;17473
300895159;17474
300911832;17475
300928506;17476
300945180;17477
300961853;17478
300978527;17479
300995200;17480
301011874;17481
301028548;17482
301045221;17483
301061895;17484
301078568;17485
301095242;17486
301111916;17487
301128589;17488
301161936;17489
301178610;17490
301195283;17491
301211957;17492
301228631;17493
301245304;17494
301261978;17495
301278651;17496
301295325;17497
301311999;17498
301328672;17499
301345346;17500
301362019;17501
301378693;17502
301395367;17503
301412040;17504
301428714;17505
301445387;17506
301462061;17507
301478735;17508
301495408;17509
301512082;17510
301528755;17511
301545429;17512
301562102;17513
301578776;17514
301595450;17515
301612123;17516
301628797;17517
301662144;17518
301678818;17519
301695491;17520
301712165;17521
301728838;17522
301745512;17523
301762186;17524
301778859;17525
301795533;17526
301812206;17527
301828880;17528
301845553;17529
301862227;17530
301878901;17531
301895574;17532
301912248;17533
301928921;17534
301945595;17535
301962269;17536
301978942;17537
301995616;17538
302012289;17539
302028963;17540
302045637;17541
302062310;17542
302078984;17543
302095657;17544
302112331;17545
302129005;17546
302162352;17547
302179025;17548
302195699;17549
302212373;17550
302229046;17551
302245720;17552
302262393;17553
302279067;17554
302295741;17555
302312414;17556
302329088;17557
302345761;17558
302362435;17559
302379109;17560
302395782;17561
302412456;17562
302429129;17563
302445803;17564
302462476;17565
302479150;17566
302495824;17567
302512497;17568
302529171;17569
302545844;17570
302562518;17571
302579192;17572
302595865;17573
302612539;17574
302629212;17575
302662560;17576
302679233;17577
302695907;17578
302712580;17579
302729254;17580
302745928;17581
302762601;17582
302779275;17583
302795948;17584
302812622;17585
302829295;17586
302845969;17587
302862643;17588
302879316;17589
302895990;17590
302912663;17591
302929337;17592
302946011;17593
302962684;17594
302979358;17595
302996031;17596
303012705;17597
303029379;17598
303046052;17599
303062726;17600
303079399;17601
303096073;17602
303112746;17603
303129420;17604
303162767;17605
303179441;17606
303196114;17607
303212788;17608
303229462;17609
303246135;17610
303262809;17611
303279483;17612
303296156;17613
303312830;17614
303329503;17615
303346177;17616
303362850;17617
303379524;17618
303396198;17619
303412871;17620
303429545;17621
303446218;17622
303462892;17623
303479566;17624
303496239;17625
303512913;17626
303529586;17627
303546260;17628
303562934;17629
303579607;17630
303596281;17631
303612954;17632
303629628;17633
303662975;17634
303679649;17635
303696322;17636
303712996;17637
303729669;17638
303746343;17639
303763017;17640
303779690;17641
303796364;17642
303813037;17643
303829711;17644
303846385;17645
303863058;17646
303879732;17647
303896405;17648
303913079;17649
303929753;17650
303946426;17651
303963100;17652
303979773;17653
303996447;17654
304013121;17655
304029794;17656
304046468;17657
304063141;17658
304079815;17659
304096489;17660
304113162;17661
304129836;17662
304163183;17663
304179856;17664
304196530;17665
304213204;17666
304229877;17667
304246551;17668
304263224;17669
304279898;17670
304296572;17671
304313245;17672
304329919;17673
304346592;17674
304363266;17675
304379940;17676
304396613;17677
304413287;17678
304429960;17679
304446634;17680
304463308;17681
304479981;17682
304496655;17683
304513328;17684
304530002;17685
304546676;17686
304563349;17687
304580023;17688
304596696;17689
304613370;17690
304630044;17691
304663391;17692
304680064;17693
304696738;17694
304713411;17695
304730085;17696
304746759;17697
304763432;17698
304780106;17699
304796779;17700
304813453;17701
304830127;17702
304846800;17703
304863474;17704
304880147;17705
304896821;17706
304913495;17707
304930168;17708
304946842;17709
304963515;17710
304980189;17711
304996863;17712
305013536;17713
305030210;17714
305046883;17715
305063557;17716
305080231;17717
305096904;17718
305113578;17719
305130251;17720
305163599;17721
305180272;17722
305196946;17723
305213619;17724
305230293;17725
305246967;17726
305263640;17727
305280314;17728
305296987;17729
305313661;17730
305330334;17731
305347008;17732
305363682;17733
305380355;17734
305397029;17735
305413702;17736
305430376;17737
305447050;17738
305463723;17739
305480397;17740
305497070;17741
305513744;17742
305530418;17743
305547091;17744
305563765;17745
305580438;17746
305597112;17747
305613786;17748
305630459;17749
305663806;17750
305680480;17751
305697154;17752
305713827;17753
305730501;17754
305747174;17755
305763848;17756
305780521;17757
305797195;17758
305813869;17759
305830542;17760
305847216;17761
305863889;17762
305880563;17763
305897237;17764
305913910;17765
305930584;17766
305947257;17767
305963931;17768
305980605;17769
305997278;17770
306013952;17771
306030625;17772
306047299;17773
306063973;17774
306080646;17775
306097320;17776
306113993;17777
306130667;17778
306164014;17779
306180688;17780
306197361;17781
306214035;17782
306230709;17783
306247382;17784
306264056;17785
306280729;17786
306297403;17787
306314077;17788
306330750;17789
306347424;17790
306364097;17791
306380771;17792
306397445;17793
306414118;17794
306430792;17795
306447465;17796
306464139;17797
306480813;17798
306497486;17799
306514160;17800
306530833;17801
306547507;17802
306564180;17803
306580854;17804
306597528;17805
306614201;17806
306630875;17807
306664222;17808
306680896;17809
306697569;17810
306714243;17811
306730916;17812
306747590;17813
306764264;17814
306780937;17815
306797611;17816
306814284;17817
306830958;17818
306847632;17819
306864305;17820
306880979;17821
306897652;17822
306914326;17823
306931000;17824
306947673;17825
306964347;17826
306981020;17827
306997694;17828
307014368;17829
307031041;17830
307047715;17831
307064388;17832
307081062;17833
307097736;17834
307114409;17835
307131083;17836
307164430;17837
307181104;17838
307197777;17839
307214451;17840
307231124;17841
307247798;17842
307264472;17843
307281145;17844
307297819;17845
307314492;17846
307331166;17847
307347839;17848
307364513;17849
307381187;17850
307397860;17851
307414534;17852
307431207;17853
307447881;17854
307464555;17855
307481228;17856
307497902;17857
307514575;17858
307531249;17859
307547923;17860
307564596;17861
307581270;17862
307597943;17863
307614617;17864
307631291;17865
307664638;17866
307681311;17867
307697985;17868
307714659;17869
307731332;17870
307748006;17871
307764679;17872
307781353;17873
307798027;17874
307814700;17875
307831374;17876
307848047;17877
307864721;17878
307881395;17879
307898068;17880
307914742;17881
307931415;17882
307948089;17883
307964763;17884
307981436;17885
307998110;17886
308014783;17887
308031457;17888
308048131;17889
308064804;17890
308081478;17891
308098151;17892
308114825;17893
308131499;17894
308164846;17895
308181519;17896
308198193;17897
308214867;17898
308231540;17899
308248214;17900
308264887;17901
308281561;17902
308298235;17903
308314908;17904
308331582;17905
308348255;17906
308364929;17907
308381602;17908
308398276;17909
308414950;17910
308431623;17911
308448297;17912
308464971;17913
308481644;17914
308498318;17915
308514991;17916
308531665;17917
308548338;17918
308565012;17919
308581686;17920
308598359;17921
308615033;17922
308631706;17923
308665054;17924
308681727;17925
308698401;17926
308715074;17927
308731748;17928
308748422;17929
308765095;17930
308781769;17931
308798442;17932
308815116;17933
308831790;17934
308848463;17935
308865137;17936
308881810;17937
308898484;17938
308915158;17939
308931831;17940
308948505;17941
308965178;17942
308981852;17943
308998526;17944
309015199;17945
309031873;17946
309048546;17947
309065220;17948
309081894;17949
309098567;17950
309115241;17951
309131914;17952
309165262;17953
309181935;17954
309198609;17955
309215282;17956
309231956;17957
309248629;17958
309265303;17959
309281977;17960
309298650;17961
309315324;17962
309331998;17963
309348671;17964
309365345;17965
309382018;17966
309398692;17967
309415366;17968
309432039;17969
309448713;17970
309465386;17971
309482060;17972
309498734;17973
309515407;17974
309532081;17975
309548754;17976
309565428;17977
309582102;17978
309598775;17979
309615449;17980
309632122;17981
309665470;17982
309682143;17983
309698817;17984
309715490;17985
309732164;17986
309748838;17987
309765511;17988
309782185;17989
309798858;17990
309815532;17991
309832205;17992
309848879;17993
309865553;17994
309882226;17995
309898900;17996
309915573;17997
309932247;17998
309948921;17999
309965594;18000
309982268;18001
309998941;18002
310015615;18003
310032289;18004
310048962;18005
310065636;18006
310082309;18007
310098983;18008
310115657;18009
310132330;18010
310165677;18011
310182351;18012
310199025;18013
310215698;18014
310232372;18015
310249045;18016
310265719;18017
310282393;18018
310299066;18019
310315740;18020
310332413;18021
310349087;18022
310365761;18023
310382434;18024
310399108;18025
310415781;18026
310432455;18027
310449129;18028
310465802;18029
310482476;18030
310499149;18031
310515823;18032
310532497;18033
310549170;18034
310565844;18035
310582517;18036
310599191;18037
310615865;18038
310632538;18039
310665885;18040
310682559;18041
310699233;18042
310715906;18043
310732580;18044
310749253;18045
310765927;18046
310782601;18047
310799274;18048
310815948;18049
310832621;18050
310849295;18051
310865969;18052
310882642;18053
310899316;18054
310915989;18055
310932663;18056
310949337;18057
310966010;18058
310982684;18059
310999357;18060
311016031;18061
311032705;18062
311049378;18063
311066052;18064
311082725;18065
311099399;18066
311116072;18067
311132746;18068
311166093;18069
311182767;18070
311199441;18071
311216114;18072
311232788;18073
311249461;18074
311266135;18075
311282809;18076
311299482;18077
311316156;18078
311332829;18079
311349503;18080
311366177;18081
311382850;18082
311399524;18083
311416197;18084
311432871;18085
311449545;18086
311466218;18087
311482892;18088
311499565;18089
311516239;18090
311532913;18091
311549586;18092
311566260;18093
311582933;18094
311599607;18095
311616281;18096
311632954;18097
311666301;18098
311682975;18099
311699648;18100
311716322;18101
311732996;18102
311749669;18103
311766343;18104
311783016;18105
311799690;18106
311816364;18107
311833037;18108
311849711;18109
311866385;18110
311883058;18111
311899732;18112
311916405;18113
311933079;18114
311949752;18115
311966426;18116
311983100;18117
311999773;18118
312016447;18119
312033120;18120
312049794;18121
312066468;18122
312083141;18123
312099815;18124
312116489;18125
312133162;18126
312166509;18127
312183183;18128
312199857;18129
312216530;18130
312233204;18131
312249877;18132
312266551;18133
312283225;18134
312299898;18135
312316572;18136
312333245;18137
312349919;18138
312366593;18139
312383266;18140
312399940;18141
312416613;18142
312433287;18143
312449960;18144
312466634;18145
312483308;18146
312499981;18147
312516655;18148
312533329;18149
312550002;18150
312566676;18151
312583349;18152
312600023;18153
312616696;18154
312633370;18155
312666717;18156
312683391;18157
312700064;18158
312716738;18159
312733412;18160
312750085;18161
312766759;18162
312783432;18163
312800106;18164
312816780;18165
312833453;18166
312850127;18167
312866801;18168
312883474;18169
312900148;18170
312916821;18171
312933495;18172
312950169;18173
312966842;18174
312983516;18175
313000189;18176
313016863;18177
313033536;18178
313050210;18179
313066884;18180
313083557;18181
313100231;18182
313116905;18183
313133578;18184
313166925;18185
313183599;18186
313200273;18187
313216946;18188
313233620;18189
313250293;18190
313266967;18191
313283641;18192
313300314;18193
313316988;18194
313333661;18195
313350335;18196
313367009;18197
313383682;18198
313400356;18199
313417029;18200
313433703;18201
313450377;18202
313467050;18203
313483724;18204
313500397;18205
313517071;18206
313533745;18207
313550418;18208
313567092;18209
313583765;18210
313600439;18211
313617113;18212
313633786;18213
313667133;18214
313683807;18215
313700481;18216
313717154;18217
313733828;18218
313750501;18219
313767175;18220
313783849;18221
313800522;18222
313817196;18223
313833869;18224
313850543;18225
313867217;18226
313883890;18227
313900564;18228
313917237;18229
313933911;18230
313950585;18231
313967258;18232
313983932;18233
314000605;18234
314017279;18235
314033953;18236
314050626;18237
314067300;18238
314083973;18239
314100647;18240
314117321;18241
314133994;18242
314167341;18243
314184015;18244
314200689;18245
314217362;18246
314234036;18247
314250709;18248
314267383;18249
314284057;18250
314300730;18251
314317404;18252
314334077;18253
314350751;18254
314367425;18255
314384098;18256
314400772;18257
314417445;18258
314434119;18259
314450793;18260
314467466;18261
314484140;18262
314500813;18263
314517487;18264
314534161;18265
314550834;18266
314567508;18267
314584182;18268
314600855;18269
314617529;18270
314634202;18271
314667550;18272
314684223;18273
314700897;18274
314717570;18275
314734244;18276
314750918;18277
314767591;18278
314784265;18279
314800938;18280
314817612;18281
314834285;18282
314850959;18283
314867633;18284
314884306;18285
314900980;18286
314917654;18287
314934327;18288
314951001;18289
314967674;18290
314984348;18291
315001022;18292
315017695;18293
315034369;18294
315051042;18295
315067716;18296
315084390;18297
315101063;18298
315117737;18299
315134410;18300
315167758;18301
315184431;18302
315201105;18303
315217778;18304
315234452;18305
315251126;18306
315267799;18307
315284473;18308
315301146;18309
315317820;18310
315334494;18311
315351167;18312
315367841;18313
315384514;18314
315401188;18315
315417862;18316
315434535;18317
315451209;18318
315467882;18319
315484556;18320
315501230;18321
315517903;18322
315534577;18323
315551250;18324
315567924;18325
315584598;18326
315601271;18327
315617945;18328
315634618;18329
315667966;18330
315684639;18331
315701313;18332
315717986;18333
315734660;18334
315751334;18335
315768007;18336
315784681;18337
315801355;18338
315818028;18339
315834702;18340
315851375;18341
315868049;18342
315884723;18343
315901396;18344
315918070;18345
315934743;18346
315951417;18347
315968091;18348
315984764;18349
316001438;18350
316018111;18351
316034785;18352
316051459;18353
316068132;18354
316084806;18355
316101479;18356
316118153;18357
316134827;18358
316168174;18359
316184847;18360
316201521;18361
316218195;18362
316234868;18363
316251542;18364
316268215;18365
316284889;18366
316301563;18367
316318236;18368
316334910;18369
316351583;18370
316368257;18371
316384931;18372
316401604;18373
316418278;18374
316434951;18375
316451625;18376
316468299;18377
316484972;18378
316501646;18379
316518319;18380
316534993;18381
316551667;18382
316568340;18383
316585014;18384
316601687;18385
316618361;18386
316635035;18387
316668382;18388
316685055;18389
316701729;18390
316718403;18391
316735076;18392
316751750;18393
316768424;18394
316785097;18395
316801771;18396
316818444;18397
316835118;18398
316851792;18399
316868465;18400
316885139;18401
316901812;18402
316918486;18403
316935160;18404
316951833;18405
316968507;18406
316985180;18407
317001854;18408
317018528;18409
317035201;18410
317051875;18411
317068548;18412
317085222;18413
317101896;18414
317118569;18415
317135243;18416
317168590;18417
317185264;18418
317201937;18419
317218611;18420
317235284;18421
317251958;18422
317268632;18423
317285305;18424
317301979;18425
317318652;18426
317335326;18427
317352000;18428
317368673;18429
317385347;18430
317402020;18431
317418694;18432
317435368;18433
317452041;18434
317468715;18435
317485389;18436
317502062;18437
317518736;18438
317535409;18439
317552083;18440
317568756;18441
317585430;18442
317602104;18443
317618777;18444
317635451;18445
317668798;18446
317685472;18447
317702145;18448
317718819;18449
317735493;18450
317752166;18451
317768840;18452
317785513;18453
317802187;18454
317818861;18455
317835534;18456
317852208;18457
317868881;18458
317885555;18459
317902229;18460
317918902;18461
317935576;18462
317952249;18463
317968923;18464
317985597;18465
318002270;18466
318018944;18467
318035617;18468
318052291;18469
318068965;18470
318085638;18471
318102312;18472
318118986;18473
318135659;18474
318169006;18475
318185680;18476
318202354;18477
318219027;18478
318235701;18479
318252374;18480
318269048;18481
318285722;18482
318302395;18483
318319069;18484
318335742;18485
318352416;18486
318369089;18487
318385763;18488
318402437;18489
318419110;18490
318435784;18491
318452458;18492
318469131;18493
318485805;18494
318502478;18495
318519152;18496
318535826;18497
318552499;18498
318569173;18499
318585846;18500
318602520;18501
318619194;18502
318635867;18503
318669214;18504
318685888;18505
318702562;18506
318719235;18507
318735909;18508
318752582;18509
318769256;18510
318785930;18511
318802603;18512
318819277;18513
318835950;18514
318852624;18515
318869298;18516
318885971;18517
318902645;18518
318919319;18519
318935992;18520
318952666;18521
318969339;18522
318986013;18523
319002687;18524
319019360;18525
319036034;18526
319052707;18527
319069381;18528
319086055;18529
319102728;18530
319119402;18531
319136075;18532
319169423;18533
319186096;18534
319202770;18535
319219443;18536
319236117;18537
319252791;18538
319269464;18539
319286138;18540
319302811;18541
319319485;18542
319336159;18543
319352832;18544
319369506;18545
319386179;18546
319402853;18547
319419527;18548
319436200;18549
319452874;18550
319469547;18551
319486221;18552
319502895;18553
319519568;18554
319536242;18555
319552915;18556
319569589;18557
319586263;18558
319602936;18559
319619610;18560
319636284;18561
319669631;18562
319686304;18563
319702978;18564
319719652;18565
319736325;18566
319752999;18567
319769672;18568
319786346;18569
319803019;18570
319819693;18571
319836367;18572
319853040;18573
319869714;18574
319886388;18575
319903061;18576
319919735;18577
319936408;18578
319953082;18579
319969756;18580
319986429;18581
320003103;18582
320019776;18583
320036450;18584
320053124;18585
320069797;18586
320086471;18587
320103144;18588
320119818;18589
320136492;18590
320169839;18591
320186512;18592
320203186;18593
320219860;18594
320236533;18595
320253207;18596
320269881;18597
320286554;18598
320303228;18599
320319901;18600
320336575;18601
320353249;18602
320369922;18603
320386596;18604
320403269;18605
320419943;18606
320436617;18607
320453290;18608
320469964;18609
320486637;18610
320503311;18611
320519985;18612
320536658;18613
320553332;18614
320570005;18615
320586679;18616
320603353;18617
320620026;18618
320636700;18619
320670047;18620
320686721;18621
320703394;18622
320720068;18623
320736741;18624
320753415;18625
320770089;18626
320786762;18627
320803436;18628
320820109;18629
320836783;18630
320853457;18631
320870130;18632
320886804;18633
320903478;18634
320920151;18635
320936825;18636
320953498;18637
320970172;18638
320986846;18639
321003519;18640
321020193;18641
321036866;18642
321053540;18643
321070214;18644
321086887;18645
321103561;18646
321120234;18647
321136908;18648
321170255;18649
321186929;18650
321203602;18651
321220276;18652
321236950;18653
321253623;18654
321270297;18655
321286970;18656
321303644;18657
321320318;18658
321336991;18659
321353665;18660
321370339;18661
321387012;18662
321403686;18663
321420359;18664
321437033;18665
321453706;18666
321470380;18667
321487054;18668
321503727;18669
321520401;18670
321537075;18671
321553748;18672
321570422;18673
321587095;18674
321603769;18675
321620443;18676
321637116;18677
321653790;18678
321687137;18679
321703811;18680
321720484;18681
321737158;18682
321753831;18683
321770505;18684
321787179;18685
321803852;18686
321820526;18687
321837199;18688
321853873;18689
321870547;18690
321887220;18691
321903894;18692
321920568;18693
321937241;18694
321953915;18695
321970588;18696
321987262;18697
322003936;18698
322020609;18699
322037283;18700
322053956;18701
322070630;18702
322087304;18703
322103977;18704
322120651;18705
322137324;18706
322153998;18707
322187345;18708
322204019;18709
322220692;18710
322237366;18711
322254040;18712
322270713;18713
322287387;18714
322304060;18715
322320734;18716
322337408;18717
322354081;18718
322370755;18719
322387429;18720
322404102;18721
322420776;18722
322437449;18723
322454123;18724
322470797;18725
322487470;18726
322504144;18727
322520817;18728
322537491;18729
322554165;18730
322570838;18731
322587512;18732
322604185;18733
322620859;18734
322637533;18735
322654206;18736
322687553;18737
322704227;18738
322720901;18739
322737574;18740
322754248;18741
322770921;18742
322787595;18743
322804269;18744
322820942;18745
322837616;18746
322854290;18747
322870963;18748
322887637;18749
322904310;18750
322920984;18751
322937658;18752
322954331;18753
322971005;18754
322987678;18755
323004352;18756
323021026;18757
323037699;18758
323054373;18759
323071046;18760
323087720;18761
323104394;18762
323121067;18763
323137741;18764
323154414;18765
323187762;18766
323204435;18767
323221109;18768
323237782;18769
323254456;18770
323271130;18771
323287803;18772
323304477;18773
323321151;18774
323337824;18775
323354498;18776
323371171;18777
323387845;18778
323404519;18779
323421192;18780
323437866;18781
323454539;18782
323471213;18783
323487887;18784
323504560;18785
323521234;18786
323537907;18787
323554581;18788
323571255;18789
323587928;18790
323604602;18791
323621276;18792
323637949;18793
323654623;18794
323687970;18795
323704643;18796
323721317;18797
323737991;18798
323754664;18799
323771338;18800
323788012;18801
323804685;18802
323821359;18803
323838032;18804
323854706;18805
323871380;18806
323888053;18807
323904727;18808
323921400;18809
323938074;18810
323954748;18811
323971421;18812
323988095;18813
324004768;18814
324021442;18815
324038116;18816
324054789;18817
324071463;18818
324088137;18819
324104810;18820
324121484;18821
324138157;18822
324154831;18823
324188178;18824
324204852;18825
324221525;18826
324238199;18827
324254873;18828
324271546;18829
324288220;18830
324304893;18831
324321567;18832
324338241;18833
324354914;18834
324371588;18835
324388261;18836
324404935;18837
324421609;18838
324438282;18839
324454956;18840
324471629;18841
324488303;18842
324504977;18843
324521650;18844
324538324;18845
324554998;18846
324571671;18847
324588345;18848
324605018;18849
324621692;18850
324638366;18851
324655039;18852
324688386;18853
324705060;18854
324721734;18855
324738407;18856
324755081;18857
324771754;18858
324788428;18859
324805102;18860
324821775;18861
324838449;18862
324855122;18863
324871796;18864
324888470;18865
324905143;18866
324921817;18867
324938490;18868
324955164;18869
324971838;18870
324988511;18871
325005185;18872
325021859;18873
325038532;18874
325055206;18875
325071879;18876
325088553;18877
325105227;18878
325121900;18879
325138574;18880
325155247;18881
325188595;18882
325205268;18883
325221942;18884
325238615;18885
325255289;18886
325271963;18887
325288636;18888
325305310;18889
325321983;18890
325338657;18891
325355331;18892
325372004;18893
325388678;18894
325405351;18895
325422025;18896
325438699;18897
325455372;18898
325472046;18899
325488720;18900
325505393;18901
325522067;18902
325538740;18903
325555414;18904
325572088;18905
325588761;18906
325605435;18907
325622108;18908
325638782;18909
325655456;18910
325688803;18911
325705476;18912
325722150;18913
325738824;18914
325755497;18915
325772171;18916
325788845;18917
325805518;18918
325822192;18919
325838865;18920
325855539;18921
325872213;18922
325888886;18923
325905560;18924
325922233;18925
325938907;18926
325955581;18927
325972254;18928
325988928;18929
326005601;18930
326022275;18931
326038949;18932
326055622;18933
326072296;18934
326088969;18935
326105643;18936
326122317;18937
326138990;18938
326155664;18939
326189011;18940
326205685;18941
326222358;18942
326239032;18943
326255706;18944
326272379;18945
326289053;18946
326305726;18947
326322400;18948
326339074;18949
326355747;18950
326372421;18951
326389094;18952
326405768;18953
326422442;18954
326439115;18955
326455789;18956
326472462;18957
326489136;18958
326505810;18959
326522483;18960
326539157;18961
326555830;18962
326572504;18963
326589178;18964
326605851;18965
326622525;18966
326639199;18967
326655872;18968
326689219;18969
326705893;18970
326722567;18971
326739240;18972
326755914;18973
326772587;18974
326789261;18975
326805935;18976
326822608;18977
326839282;18978
326855955;18979
326872629;18980
326889303;18981
326905976;18982
326922650;18983
326939323;18984
326955997;18985
326972671;18986
326989344;18987
327006018;18988
327022692;18989
327039365;18990
327056039;18991
327072712;18992
327089386;18993
327106059;18994
327122733;18995
327139407;18996
327156080;18997
327189427;18998
327206101;18999
327222775;19000
327239448;19001
327256122;19002
327272796;19003
327289469;19004
327306143;19005
327322816;19006
327339490;19007
327356164;19008
327372837;19009
327389511;19010
327406185;19011
327422858;19012
327439532;19013
327456205;19014
327472879;19015
327489552;19016
327506226;19017
327522900;19018
327539573;19019
327556247;19020
327572921;19021
327589594;19022
327606268;19023
327622941;19024
327639615;19025
327656289;19026
327689636;19027
327706309;19028
327722983;19029
327739657;19030
327756330;19031
327773004;19032
327789677;19033
327806351;19034
327823025;19035
327839698;19036
327856372;19037
327873045;19038
327889719;19039
327906393;19040
327923066;19041
327939740;19042
327956414;19043
327973087;19044
327989761;19045
328006434;19046
328023108;19047
328039782;19048
328056455;19049
328073129;19050
328089802;19051
328106476;19052
328123150;19053
328139823;19054
328156497;19055
328189844;19056
328206518;19057
328223191;19058
328239865;19059
328256538;19060
328273212;19061
328289886;19062
328306559;19063
328323233;19064
328339906;19065
328356580;19066
328373254;19067
328389927;19068
328406601;19069
328423275;19070
328439948;19071
328456622;19072
328473295;19073
328489969;19074
328506643;19075
328523316;19076
328539990;19077
328556663;19078
328573337;19079
328590011;19080
328606684;19081
328623358;19082
328640031;19083
328656705;19084
328690052;19085
328706726;19086
328723399;19087
328740073;19088
328756747;19089
328773420;19090
328790094;19091
328806768;19092
328823441;19093
328840115;19094
328856788;19095
328873462;19096
328890136;19097
328906809;19098
328923483;19099
328940156;19100
328956830;19101
328973504;19102
328990177;19103
329006851;19104
329023524;19105
329040198;19106
329056872;19107
329073545;19108
329090219;19109
329106892;19110
329123566;19111
329140240;19112
329156913;19113
329190261;19114
329206934;19115
329223608;19116
329240281;19117
329256955;19118
329273629;19119
329290302;19120
329306976;19121
329323649;19122
329340323;19123
329356997;19124
329373670;19125
329390344;19126
329407017;19127
329423691;19128
329440365;19129
329457038;19130
329473712;19131
329490385;19132
329507059;19133
329523733;19134
329540406;19135
329557080;19136
329573754;19137
329590427;19138
329607101;19139
329623774;19140
329640448;19141
329657122;19142
329690469;19143
329707142;19144
329723816;19145
329740490;19146
329757163;19147
329773837;19148
329790511;19149
329807184;19150
329823858;19151
329840531;19152
329857205;19153
329873879;19154
329890552;19155
329907226;19156
329923899;19157
329940573;19158
329957247;19159
329973920;19160
329990594;19161
330007267;19162
330023941;19163
330040615;19164
330057288;19165
330073962;19166
330090635;19167
330107309;19168
330123983;19169
330140656;19170
330157330;19171
330190677;19172
330207351;19173
330224024;19174
330240698;19175
330257371;19176
330274045;19177
330290719;19178
330307392;19179
330324066;19180
330340740;19181
330357413;19182
330374087;19183
330390760;19184
330407434;19185
330424108;19186
330440781;19187
330457455;19188
330474128;19189
330490802;19190
330507476;19191
330524149;19192
330540823;19193
330557496;19194
330574170;19195
330590844;19196
330607517;19197
330624191;19198
330640864;19199
330657538;19200
330690885;19201
330707559;19202
330724232;19203
330740906;19204
330757580;19205
330774253;19206
330790927;19207
330807601;19208
330824274;19209
330840948;19210
330857621;19211
330874295;19212
330890969;19213
330907642;19214
330924316;19215
330940989;19216
330957663;19217
330974337;19218
330991010;19219
331007684;19220
331024358;19221
331041031;19222
331057705;19223
331074378;19224
331091052;19225
331107726;19226
331124399;19227
331141073;19228
331157746;19229
331191094;19230
331207767;19231
331224441;19232
331241114;19233
331257788;19234
331274462;19235
331291135;19236
331307809;19237
331324482;19238
331341156;19239
331357830;19240
331374503;19241
331391177;19242
331407851;19243
331424524;19244
331441198;19245
331457871;19246
331474545;19247
331491218;19248
331507892;19249
331524566;19250
331541239;19251
331557913;19252
331574587;19253
331591260;19254
331607934;19255
331624607;19256
331641281;19257
331657955;19258
331691302;19259
331707975;19260
331724649;19261
331741323;19262
331757996;19263
331774670;19264
331791344;19265
331808017;19266
331824691;19267
331841364;19268
331858038;19269
331874711;19270
331891385;19271
331908059;19272
331924732;19273
331941406;19274
331958080;19275
331974753;19276
331991427;19277
332008100;19278
332024774;19279
332041448;19280
332058121;19281
332074795;19282
332091468;19283
332108142;19284
332124816;19285
332141489;19286
332158163;19287
332191510;19288
332208184;19289
332224857;19290
332241531;19291
332258204;19292
332274878;19293
332291552;19294
332308225;19295
332324899;19296
332341573;19297
332358246;19298
332374920;19299
332391593;19300
332408267;19301
332424941;19302
332441614;19303
332458288;19304
332474961;19305
332491635;19306
332508309;19307
332524982;19308
332541656;19309
332558329;19310
332575003;19311
332591677;19312
332608350;19313
332625024;19314
332641697;19315
332658371;19316
332691718;19317
332708392;19318
332725065;19319
332741739;19320
332758413;19321
332775086;19322
332791760;19323
332808434;19324
332825107;19325
332841781;19326
332858454;19327
332875128;19328
332891802;19329
332908475;19330
332925149;19331
332941822;19332
332958496;19333
332975170;19334
332991843;19335
333008517;19336
333025190;19337
333041864;19338
333058538;19339
333075211;19340
333091885;19341
333108559;19342
333125232;19343
333141906;19344
333158579;19345
333191927;19346
333208600;19347
333225274;19348
333241947;19349
333258621;19350
333275295;19351
333291968;19352
333308642;19353
333325315;19354
333341989;19355
333358663;19356
333375336;19357
333392010;19358
333408683;19359
333425357;19360
333442031;19361
333458704;19362
333475378;19363
333492051;19364
333508725;19365
333525399;19366
333542072;19367
333558746;19368
333575420;19369
333592093;19370
333608767;19371
333625440;19372
333642114;19373
333658788;19374
333692135;19375
333708808;19376
333725482;19377
333742156;19378
333758829;19379
333775503;19380
333792176;19381
333808850;19382
333825524;19383
333842197;19384
333858871;19385
333875544;19386
333892218;19387
333908892;19388
333925565;19389
333942239;19390
333958913;19391
333975586;19392
333992260;19393
334008933;19394
334025607;19395
334042281;19396
334058954;19397
334075628;19398
334092301;19399
334108975;19400
334125649;19401
334142322;19402
334158996;19403
334192343;19404
334209017;19405
334225690;19406
334242364;19407
334259037;19408
334275711;19409
334292385;19410
334309058;19411
334325732;19412
334342405;19413
334359079;19414
334375753;19415
334392426;19416
334409100;19417
334425774;19418
334442447;19419
334459121;19420
334475794;19421
334492468;19422
334509142;19423
334525815;19424
334542489;19425
334559162;19426
334575836;19427
334592510;19428
334609183;19429
334625857;19430
334642530;19431
334659204;19432
334692551;19433
334709225;19434
334725898;19435
334742572;19436
334759246;19437
334775919;19438
334792593;19439
334809266;19440
334825940;19441
334842614;19442
334859287;19443
334875961;19444
334892635;19445
334909308;19446
334925982;19447
334942655;19448
334959329;19449
334976003;19450
334992676;19451
335009350;19452
335026023;19453
335042697;19454
335059371;19455
335076044;19456
335092718;19457
335109391;19458
335126065;19459
335142739;19460
335159412;19461
335192759;19462
335209433;19463
335226107;19464
335242780;19465
335259454;19466
335276128;19467
335292801;19468
335309475;19469
335326148;19470
335342822;19471
335359495;19472
335376169;19473
335392843;19474
335409516;19475
335426190;19476
335442864;19477
335459537;19478
335476211;19479
335492884;19480
335509558;19481
335526232;19482
335542905;19483
335559579;19484
335576252;19485
335592926;19486
335609600;19487
335626273;19488
335642947;19489
335659620;19490
335692968;19491
335709641;19492
335726315;19493
335742988;19494
335759662;19495
335776336;19496
335793009;19497
335809683;19498
335826356;19499
335843030;19500
335859704;19501
335876377;19502
335893051;19503
335909724;19504
335926398;19505
335943072;19506
335959745;19507
335976419;19508
335993093;19509
336009766;19510
336026440;19511
336043113;19512
336059787;19513
336076461;19514
336093134;19515
336109808;19516
336126481;19517
336143155;19518
336159829;19519
336193176;19520
336209849;19521
336226523;19522
336243197;19523
336259870;19524
336276544;19525
336293217;19526
336309891;19527
336326565;19528
336343238;19529
336359912;19530
336376585;19531
336393259;19532
336409933;19533
336426606;19534
336443280;19535
336459954;19536
336476627;19537
336493301;19538
336509974;19539
336526648;19540
336543321;19541
336559995;19542
336576669;19543
336593342;19544
336610016;19545
336626689;19546
336643363;19547
336660037;19548
336693384;19549
336710058;19550
336726731;19551
336743405;19552
336760078;19553
336776752;19554
336793426;19555
336810099;19556
336826773;19557
336843446;19558
336860120;19559
336876794;19560
336893467;19561
336910141;19562
336926814;19563
336943488;19564
336960162;19565
336976835;19566
336993509;19567
337010182;19568
337026856;19569
337043530;19570
337060203;19571
337076877;19572
337093550;19573
337110224;19574
337126898;19575
337143571;19576
337160245;19577
337193592;19578
337210266;19579
337226939;19580
337243613;19581
337260286;19582
337276960;19583
337293634;19584
337310307;19585
337326981;19586
337343655;19587
337360328;19588
337377002;19589
337393675;19590
337410349;19591
337427023;19592
337443696;19593
337460370;19594
337477043;19595
337493717;19596
337510391;19597
337527064;19598
337543738;19599
337560411;19600
337577085;19601
337593759;19602
337610432;19603
337627106;19604
337643780;19605
337660453;19606
337693800;19607
337710474;19608
337727147;19609
337743821;19610
337760495;19611
337777168;19612
337793842;19613
337810516;19614
337827189;19615
337843863;19616
337860536;19617
337877210;19618
337893884;19619
337910557;19620
337927231;19621
337943904;19622
337960578;19623
337977252;19624
337993925;19625
338010599;19626
338027272;19627
338043946;19628
338060620;19629
338077293;19630
338093967;19631
338110640;19632
338127314;19633
338143988;19634
338160661;19635
338194008;19636
338210682;19637
338227356;19638
338244029;19639
338260703;19640
338277377;19641
338294050;19642
338310724;19643
338327397;19644
338344071;19645
338360745;19646
338377418;19647
338394092;19648
338410765;19649
338427439;19650
338444113;19651
338460786;19652
338477460;19653
338494133;19654
338510807;19655
338527481;19656
338544154;19657
338560828;19658
338577501;19659
338594175;19660
338610849;19661
338627522;19662
338644196;19663
338660869;19664
338694217;19665
338710890;19666
338727564;19667
338744237;19668
338760911;19669
338777585;19670
338794258;19671
338810932;19672
338827605;19673
338844279;19674
338860953;19675
338877626;19676
338894300;19677
338910973;19678
338927647;19679
338944321;19680
338960994;19681
338977668;19682
338994342;19683
339011015;19684
339027689;19685
339044362;19686
339061036;19687
339077710;19688
339094383;19689
339111057;19690
339127730;19691
339144404;19692
339161078;19693
339194425;19694
339211098;19695
339227772;19696
339244446;19697
339261119;19698
339277793;19699
339294466;19700
339311140;19701
339327814;19702
339344487;19703
339361161;19704
339377834;19705
339394508;19706
339411182;19707
339427855;19708
339444529;19709
339461202;19710
339477876;19711
339494550;19712
339511223;19713
339527897;19714
339544570;19715
339561244;19716
339577918;19717
339594591;19718
339611265;19719
339627938;19720
339644612;19721
339661286;19722
339694633;19723
339711307;19724
339727980;19725
339744654;19726
339761327;19727
339778001;19728
339794675;19729
339811348;19730
339828022;19731
339844695;19732
339861369;19733
339878043;19734
339894716;19735
339911390;19736
339928063;19737
339944737;19738
339961411;19739
339978084;19740
339994758;19741
340011431;19742
340028105;19743
340044779;19744
340061452;19745
340078126;19746
340094799;19747
340111473;19748
340128147;19749
340144820;19750
340161494;19751
340194841;19752
340211515;19753
340228188;19754
340244862;19755
340261535;19756
340278209;19757
340294883;19758
340311556;19759
340328230;19760
340344903;19761
340361577;19762
340378251;19763
340394924;19764
340411598;19765
340428271;19766
340444945;19767
340461619;19768
340478292;19769
340494966;19770
340511639;19771
340528313;19772
340544987;19773
340561660;19774
340578334;19775
340595007;19776
340611681;19777
340628355;19778
340645028;19779
340661702;19780
340695049;19781
340711723;19782
340728396;19783
340745070;19784
340761743;19785
340778417;19786
340795091;19787
340811764;19788
340828438;19789
340845112;19790
340861785;19791
340878459;19792
340895132;19793
340911806;19794
340928480;19795
340945153;19796
340961827;19797
340978500;19798
340995174;19799
341011848;19800
341028521;19801
341045195;19802
341061868;19803
341078542;19804
341095215;19805
341111889;19806
341128563;19807
341145236;19808
341161910;19809
341195257;19810
341211931;19811
341228604;19812
341245278;19813
341261952;19814
341278625;19815
341295299;19816
341311972;19817
341328646;19818
341345320;19819
341361993;19820
341378667;19821
341395340;19822
341412014;19823
341428688;19824
341445361;19825
341462035;19826
341478708;19827
341495382;19828
341512056;19829
341528729;19830
341545403;19831
341562076;19832
341578750;19833
341595424;19834
341612097;19835
341628771;19836
341645444;19837
341662118;19838
341695465;19839
341712139;19840
341728812;19841
341745486;19842
341762160;19843
341778833;19844
341795507;19845
341812180;19846
341828854;19847
341845528;19848
341862201;19849
341878875;19850
341895548;19851
341912222;19852
341928896;19853
341945569;19854
341962243;19855
341978916;19856
341995590;19857
342012264;19858
342028937;19859
342045611;19860
342062284;19861
342078958;19862
342095632;19863
342112305;19864
342128979;19865
342145652;19866
342162326;19867
342195673;19868
342212347;19869
342229021;19870
342245694;19871
342262368;19872
342279041;19873
342295715;19874
342312389;19875
342329062;19876
342345736;19877
342362409;19878
342379083;19879
342395757;19880
342412430;19881
342429104;19882
342445777;19883
342462451;19884
342479125;19885
342495798;19886
342512472;19887
342529145;19888
342545819;19889
342562493;19890
342579166;19891
342595840;19892
342612513;19893
342629187;19894
342645861;19895
342662534;19896
342695881;19897
342712555;19898
342729229;19899
342745902;19900
342762576;19901
342779249;19902
342795923;19903
342812597;19904
342829270;19905
342845944;19906
342862617;19907
342879291;19908
342895965;19909
342912638;19910
342929312;19911
342945985;19912
342962659;19913
342979333;19914
342996006;19915
343012680;19916
343029353;19917
343046027;19918
343062701;19919
343079374;19920
343096048;19921
343112721;19922
343129395;19923
343146069;19924
343162742;19925
343196089;19926
343212763;19927
343229437;19928
343246110;19929
343262784;19930
343279458;19931
343296131;19932
343312805;19933
343329478;19934
343346152;19935
343362825;19936
343379499;19937
343396173;19938
343412846;19939
343429520;19940
343446194;19941
343462867;19942
343479541;19943
343496214;19944
343512888;19945
343529562;19946
343546235;19947
343562909;19948
343579582;19949
343596256;19950
343612930;19951
343629603;19952
343646277;19953
343662950;19954
343696298;19955
343712971;19956
343729645;19957
343746318;19958
343762992;19959
343779666;19960
343796339;19961
343813013;19962
343829686;19963
343846360;19964
343863034;19965
343879707;19966
343896381;19967
343913054;19968
343929728;19969
343946402;19970
343963075;19971
343979749;19972
343996422;19973
344013096;19974
344029770;19975
344046443;19976
344063117;19977
344079790;19978
344096464;19979
344113138;19980
344129811;19981
344146485;19982
344163158;19983
344196506;19984
344213179;19985
344229853;19986
344246526;19987
344263200;19988
344279874;19989
344296547;19990
344313221;19991
344329894;19992
344346568;19993
344363242;19994
344379915;19995
344396589;19996
344413262;19997
344429936;19998
344446610;19999
344463283;20000
344479957;20001
344496630;20002
344513304;20003
344529978;20004
344546651;20005
344563325;20006
344579998;20007
344596672;20008
344613346;20009
344630019;20010
344646693;20011
344663367;20012
344696714;20013
344713387;20014
344730061;20015
344746735;20016
344763408;20017
344780082;20018
344796755;20019
344813429;20020
344830102;20021
344846776;20022
344863450;20023
344880123;20024
344896797;20025
344913471;20026
344930144;20027
344946818;20028
344963491;20029
344980165;20030
344996839;20031
345013512;20032
345030186;20033
345046859;20034
345063533;20035
345080207;20036
345096880;20037
345113554;20038
345130227;20039
345146901;20040
345163575;20041
345196922;20042
345213595;20043
345230269;20044
345246943;20045
345263616;20046
345280290;20047
345296963;20048
345313637;20049
345330311;20050
345346984;20051
345363658;20052
345380331;20053
345397005;20054
345413679;20055
345430352;20056
345447026;20057
345463699;20058
345480373;20059
345497047;20060
345513720;20061
345530394;20062
345547067;20063
345563741;20064
345580415;20065
345597088;20066
345613762;20067
345630435;20068
345647109;20069
345663783;20070
345697130;20071
345713803;20072
345730477;20073
345747151;20074
345763824;20075
345780498;20076
345797171;20077
345813845;20078
345830519;20079
345847192;20080
345863866;20081
345880539;20082
345897213;20083
345913887;20084
345930560;20085
345947234;20086
345963907;20087
345980581;20088
345997255;20089
346013928;20090
346030602;20091
346047275;20092
346063949;20093
346080623;20094
346097296;20095
346113970;20096
346130643;20097
346147317;20098
346163991;20099
346197338;20100
346214011;20101
346230685;20102
346247359;20103
346264032;20104
346280706;20105
346297379;20106
346314053;20107
346330727;20108
346347400;20109
346364074;20110
346380748;20111
346397421;20112
346414095;20113
346430768;20114
346447442;20115
346464115;20116
346480789;20117
346497463;20118
346514136;20119
346530810;20120
346547483;20121
346564157;20122
346580831;20123
346597504;20124
346614178;20125
346630851;20126
346647525;20127
346664199;20128
346697546;20129
346714220;20130
346730893;20131
346747567;20132
346764240;20133
346780914;20134
346797587;20135
346814261;20136
346830935;20137
346847608;20138
346864282;20139
346880955;20140
346897629;20141
346914303;20142
346930976;20143
346947650;20144
346964324;20145
346980997;20146
346997671;20147
347014344;20148
347031018;20149
347047692;20150
347064365;20151
347081039;20152
347097712;20153
347114386;20154
347131060;20155
347147733;20156
347164407;20157
347197754;20158
347214427;20159
347231101;20160
347247775;20161
347264448;20162
347281122;20163
347297796;20164
347314469;20165
347331143;20166
347347816;20167
347364490;20168
347381164;20169
347397837;20170
347414511;20171
347431184;20172
347447858;20173
347464532;20174
347481205;20175
347497879;20176
347514552;20177
347531226;20178
347547900;20179
347564573;20180
347581247;20181
347597920;20182
347614594;20183
347631267;20184
347647941;20185
347664615;20186
347697962;20187
347714635;20188
347731309;20189
347747983;20190
347764656;20191
347781330;20192
347798003;20193
347814677;20194
347831351;20195
347848024;20196
347864698;20197
347881372;20198
347898045;20199
347914719;20200
347931392;20201
347948066;20202
347964740;20203
347981413;20204
347998087;20205
348014760;20206
348031434;20207
348048108;20208
348064781;20209
348081455;20210
348098128;20211
348114802;20212
348131476;20213
348148149;20214
348164823;20215
348198170;20216
348214844;20217
348231517;20218
348248191;20219
348264864;20220
348281538;20221
348298212;20222
348314885;20223
348331559;20224
348348232;20225
348364906;20226
348381580;20227
348398253;20228
348414927;20229
348431600;20230
348448274;20231
348464948;20232
348481621;20233
348498295;20234
348514968;20235
348531642;20236
348548316;20237
348564989;20238
348581663;20239
348598336;20240
348615010;20241
348631684;20242
348648357;20243
348665031;20244
348698378;20245
348715052;20246
348731725;20247
348748399;20248
348765072;20249
348781746;20250
348798420;20251
348815093;20252
348831767;20253
348848440;20254
348865114;20255
348881788;20256
348898461;20257
348915135;20258
348931808;20259
348948482;20260
348965156;20261
348981829;20262
348998503;20263
349015176;20264
349031850;20265
349048524;20266
349065197;20267
349081871;20268
349098544;20269
349115218;20270
349131891;20271
349148565;20272
349165239;20273
349198586;20274
349215260;20275
349231933;20276
349248607;20277
349265280;20278
349281954;20279
349298628;20280
349315301;20281
349331975;20282
349348648;20283
349365322;20284
349381995;20285
349398669;20286
349415343;20287
349432016;20288
349448690;20289
349465364;20290
349482037;20291
349498711;20292
349515384;20293
349532058;20294
349548732;20295
349565405;20296
349582079;20297
349598752;20298
349615426;20299
349632099;20300
349648773;20301
349665447;20302
349698794;20303
349715468;20304
349732141;20305
349748815;20306
349765488;20307
349782162;20308
349798836;20309
349815509;20310
349832183;20311
349848856;20312
349865530;20313
349882204;20314
349898877;20315
349915551;20316
349932224;20317
349948898;20318
349965572;20319
349982245;20320
349998919;20321
350015592;20322
350032266;20323
350048940;20324
350065613;20325
350082287;20326
350098960;20327
350115634;20328
350132308;20329
350148981;20330
350165655;20331
350199002;20332
350215676;20333
350232349;20334
350249023;20335
350265696;20336
350282370;20337
350299043;20338
350315717;20339
350332391;20340
350349064;20341
350365738;20342
350382412;20343
350399085;20344
350415759;20345
350432432;20346
350449106;20347
350465779;20348
350482453;20349
350499127;20350
350515800;20351
350532474;20352
350549148;20353
350565821;20354
350582495;20355
350599168;20356
350615842;20357
350632516;20358
350649189;20359
350665863;20360
350699210;20361
350715884;20362
350732557;20363
350749231;20364
350765904;20365
350782578;20366
350799252;20367
350815925;20368
350832599;20369
350849272;20370
350865946;20371
350882619;20372
350899293;20373
350915967;20374
350932640;20375
350949314;20376
350965988;20377
350982661;20378
350999335;20379
351016008;20380
351032682;20381
351049356;20382
351066029;20383
351082703;20384
351099376;20385
351116050;20386
351132724;20387
351149397;20388
351166071;20389
351199418;20390
351216091;20391
351232765;20392
351249439;20393
351266112;20394
351282786;20395
351299460;20396
351316133;20397
351332807;20398
351349480;20399
351366154;20400
351382828;20401
351399501;20402
351416175;20403
351432848;20404
351449522;20405
351466196;20406
351482869;20407
351499543;20408
351516216;20409
351532890;20410
351549564;20411
351566237;20412
351582911;20413
351599584;20414
351616258;20415
351632932;20416
351649605;20417
351666279;20418
351699626;20419
351716300;20420
351732973;20421
351749647;20422
351766320;20423
351782994;20424
351799668;20425
351816341;20426
351833015;20427
351849688;20428
351866362;20429
351883036;20430
351899709;20431
351916383;20432
351933056;20433
351949730;20434
351966403;20435
351983077;20436
351999751;20437
352016424;20438
352033098;20439
352049772;20440
352066445;20441
352083119;20442
352099792;20443
352116466;20444
352133140;20445
352149813;20446
352166487;20447
352199834;20448
352216507;20449
352233181;20450
352249855;20451
352266528;20452
352283202;20453
352299875;20454
352316549;20455
352333223;20456
352349896;20457
352366570;20458
352383244;20459
352399917;20460
352416591;20461
352433264;20462
352449938;20463
352466612;20464
352483285;20465
352499959;20466
352516632;20467
352533306;20468
352549980;20469
352566653;20470
352583327;20471
352600000;20472
352616674;20473
352633347;20474
352650021;20475
352666695;20476
352700042;20477
352716715;20478
352733389;20479
352750063;20480
352766736;20481
352783410;20482
352800084;20483
352816757;20484
352833431;20485
352850104;20486
352866778;20487
352883451;20488
352900125;20489
352916799;20490
352933472;20491
352950146;20492
352966819;20493
352983493;20494
353000167;20495
353016840;20496
353033514;20497
353050187;20498
353066861;20499
353083535;20500
353100208;20501
353116882;20502
353133555;20503
353150229;20504
353166903;20505
353200250;20506
353216923;20507
353233597;20508
353250271;20509
353266944;20510
353283618;20511
353300292;20512
353316965;20513
353333639;20514
353350312;20515
353366986;20516
353383659;20517
353400333;20518
353417007;20519
353433680;20520
353450354;20521
353467027;20522
353483701;20523
353500375;20524
353517048;20525
353533722;20526
353550395;20527
353567069;20528
353583743;20529
353600416;20530
353617090;20531
353633763;20532
353650437;20533
353667111;20534
353700458;20535
353717131;20536
353733805;20537
353750479;20538
353767152;20539
353783826;20540
353800499;20541
353817173;20542
353833847;20543
353850520;20544
353867194;20545
353883867;20546
353900541;20547
353917215;20548
353933888;20549
353950562;20550
353967235;20551
353983909;20552
354000583;20553
354017256;20554
354033930;20555
354050603;20556
354067277;20557
354083951;20558
354100624;20559
354117298;20560
354133971;20561
354150645;20562
354167319;20563
354200666;20564
354217339;20565
354234013;20566
354250687;20567
354267360;20568
354284034;20569
354300707;20570
354317381;20571
354334055;20572
354350728;20573
354367402;20574
354384075;20575
354400749;20576
354417423;20577
354434096;20578
354450770;20579
354467443;20580
354484117;20581
354500791;20582
354517464;20583
354534138;20584
354550811;20585
354567485;20586
354584159;20587
354600832;20588
354617506;20589
354634179;20590
354650853;20591
354667527;20592
354700874;20593
354717547;20594
354734221;20595
354750895;20596
354767568;20597
354784242;20598
354800915;20599
354817589;20600
354834263;20601
354850936;20602
354867610;20603
354884283;20604
354900957;20605
354917631;20606
354934304;20607
354950978;20608
354967651;20609
354984325;20610
355000999;20611
355017672;20612
355034346;20613
355051019;20614
355067693;20615
355084366;20616
355101040;20617
355117714;20618
355134387;20619
355151061;20620
355167735;20621
355201082;20622
355217755;20623
355234429;20624
355251103;20625
355267776;20626
355284450;20627
355301123;20628
355317797;20629
355334470;20630
355351144;20631
355367818;20632
355384491;20633
355401165;20634
355417839;20635
355434512;20636
355451186;20637
355467859;20638
355484533;20639
355501207;20640
355517880;20641
355534554;20642
355551227;20643
355567901;20644
355584574;20645
355601248;20646
355617922;20647
355634595;20648
355651269;20649
355667943;20650
355701290;20651
355717963;20652
355734637;20653
355751311;20654
355767984;20655
355784658;20656
355801331;20657
355818005;20658
355834678;20659
355851352;20660
355868026;20661
355884699;20662
355901373;20663
355918046;20664
355934720;20665
355951394;20666
355968067;20667
355984741;20668
356001414;20669
356018088;20670
356034762;20671
356051435;20672
356068109;20673
356084782;20674
356101456;20675
356118130;20676
356134803;20677
356151477;20678
356168150;20679
356201498;20680
356218171;20681
356234845;20682
356251518;20683
356268192;20684
356284866;20685
356301539;20686
356318213;20687
356334886;20688
356351560;20689
356368234;20690
356384907;20691
356401581;20692
356418254;20693
356434928;20694
356451602;20695
356468275;20696
356484949;20697
356501622;20698
356518296;20699
356534970;20700
356551643;20701
356568317;20702
356584990;20703
356601664;20704
356618338;20705
356635011;20706
356651685;20707
356668358;20708
356701706;20709
356718379;20710
356735053;20711
356751726;20712
356768400;20713
356785074;20714
356801747;20715
356818421;20716
356835094;20717
356851768;20718
356868442;20719
356885115;20720
356901789;20721
356918462;20722
356935136;20723
356951810;20724
356968483;20725
356985157;20726
357001830;20727
357018504;20728
357035178;20729
357051851;20730
357068525;20731
357085198;20732
357101872;20733
357118546;20734
357135219;20735
357151893;20736
357168566;20737
357201914;20738
357218587;20739
357235261;20740
357251934;20741
357268608;20742
357285281;20743
357301955;20744
357318629;20745
357335302;20746
357351976;20747
357368650;20748
357385323;20749
357401997;20750
357418670;20751
357435344;20752
357452018;20753
357468691;20754
357485365;20755
357502038;20756
357518712;20757
357535386;20758
357552059;20759
357568733;20760
357585406;20761
357602080;20762
357618753;20763
357635427;20764
357652101;20765
357668774;20766
357702121;20767
357718795;20768
357735469;20769
357752142;20770
357768816;20771
357785489;20772
357802163;20773
357818837;20774
357835510;20775
357852184;20776
357868857;20777
357885531;20778
357902205;20779
357918878;20780
357935552;20781
357952225;20782
357968899;20783
357985573;20784
358002246;20785
358018920;20786
358035593;20787
358052267;20788
358068941;20789
358085614;20790
358102288;20791
358118961;20792
358135635;20793
358152309;20794
358168982;20795
358202329;20796
358219003;20797
358235677;20798
358252350;20799
358269024;20800
358285697;20801
358302371;20802
358319045;20803
358335718;20804
358352392;20805
358369065;20806
358385739;20807
358402413;20808
358419086;20809
358435760;20810
358452433;20811
358469107;20812
358485780;20813
358502454;20814
358519128;20815
358535801;20816
358552475;20817
358569149;20818
358585822;20819
358602496;20820
358619169;20821
358635843;20822
358652517;20823
358669190;20824
358702537;20825
358719211;20826
358735885;20827
358752558;20828
358769232;20829
358785905;20830
358802579;20831
358819252;20832
358835926;20833
358852600;20834
358869273;20835
358885947;20836
358902620;20837
358919294;20838
358935968;20839
358952641;20840
358969315;20841
358985988;20842
359002662;20843
359019336;20844
359036009;20845
359052683;20846
359069356;20847
359086030;20848
359102704;20849
359119377;20850
359136051;20851
359152724;20852
359169398;20853
359202745;20854
359219419;20855
359236092;20856
359252766;20857
359269440;20858
359286113;20859
359302787;20860
359319460;20861
359336134;20862
359352807;20863
359369481;20864
359386155;20865
359402828;20866
359419502;20867
359436175;20868
359452849;20869
359469523;20870
359486196;20871
359502870;20872
359519544;20873
359536217;20874
359552891;20875
359569564;20876
359586238;20877
359602911;20878
359619585;20879
359636259;20880
359652932;20881
359669606;20882
359702953;20883
359719627;20884
359736300;20885
359752974;20886
359769647;20887
359786321;20888
359802995;20889
359819668;20890
359836342;20891
359853015;20892
359869689;20893
359886363;20894
359903036;20895
359919710;20896
359936383;20897
359953057;20898
359969731;20899
359986404;20900
360003078;20901
360019751;20902
360036425;20903
360053099;20904
360069772;20905
360086446;20906
360103119;20907
360119793;20908
360136467;20909
360153140;20910
360169814;20911
360203161;20912
360219835;20913
360236508;20914
360253182;20915
360269855;20916
360286529;20917
360303203;20918
360319876;20919
360336550;20920
360353223;20921
360369897;20922
360386571;20923
360403244;20924
360419918;20925
360436591;20926
360453265;20927
360469939;20928
360486612;20929
360503286;20930
360519959;20931
360536633;20932
360553307;20933
360569980;20934
360586654;20935
360603327;20936
360620001;20937
360636674;20938
360653348;20939
360670022;20940
360703369;20941
360720042;20942
360736716;20943
360753390;20944
360770063;20945
360786737;20946
360803410;20947
360820084;20948
360836758;20949
360853431;20950
360870105;20951
360886778;20952
360903452;20953
360920126;20954
360936799;20955
360953473;20956
360970146;20957
360986820;20958
361003494;20959
361020167;20960
361036841;20961
361053514;20962
361070188;20963
361086862;20964
361103535;20965
361120209;20966
361136882;20967
361153556;20968
361170230;20969
361203577;20970
361220250;20971
361236924;20972
361253598;20973
361270271;20974
361286945;20975
361303618;20976
361320292;20977
361336966;20978
361353639;20979
361370313;20980
361386986;20981
361403660;20982
361420334;20983
361437007;20984
361453681;20985
361470354;20986
361487028;20987
361503701;20988
361520375;20989
361537049;20990
361553722;20991
361570396;20992
361587069;20993
361603743;20994
361620417;20995
361637090;20996
361653764;20997
361670437;20998
361703785;20999
361720458;21000
361737132;21001
361753805;21002
361770479;21003
361787153;21004
361803826;21005
361820500;21006
361837173;21007
361853847;21008
361870521;21009
361887194;21010
361903868;21011
361920541;21012
361937215;21013
361953889;21014
361970562;21015
361987236;21016
362003909;21017
362020583;21018
362037257;21019
362053930;21020
362070604;21021
362087277;21022
362103951;21023
362120625;21024
362137298;21025
362153972;21026
362170645;21027
362203993;21028
362220666;21029
362237340;21030
362254013;21031
362270687;21032
362287361;21033
362304034;21034
362320708;21035
362337381;21036
362354055;21037
362370729;21038
362387402;21039
362404076;21040
362420749;21041
362437423;21042
362454097;21043
362470770;21044
362487444;21045
362504117;21046
362520791;21047
362537465;21048
362554138;21049
362570812;21050
362587485;21051
362604159;21052
362620833;21053
362637506;21054
362654180;21055
362670853;21056
362704201;21057
362720874;21058
362737548;21059
362754221;21060
362770895;21061
362787569;21062
362804242;21063
362820916;21064
362837589;21065
362854263;21066
362870937;21067
362887610;21068
362904284;21069
362920957;21070
362937631;21071
362954305;21072
362970978;21073
362987652;21074
363004325;21075
363020999;21076
363037673;21077
363054346;21078
363071020;21079
363087693;21080
363104367;21081
363121040;21082
363137714;21083
363154388;21084
363171061;21085
363204408;21086
363221082;21087
363237756;21088
363254429;21089
363271103;21090
363287776;21091
363304450;21092
363321124;21093
363337797;21094
363354471;21095
363371144;21096
363387818;21097
363404492;21098
363421165;21099
363437839;21100
363454512;21101
363471186;21102
363487860;21103
363504533;21104
363521207;21105
363537880;21106
363554554;21107
363571228;21108
363587901;21109
363604575;21110
363621248;21111
363637922;21112
363654596;21113
363671269;21114
363704616;21115
363721290;21116
363737964;21117
363754637;21118
363771311;21119
363787984;21120
363804658;21121
363821332;21122
363838005;21123
363854679;21124
363871352;21125
363888026;21126
363904700;21127
363921373;21128
363938047;21129
363954720;21130
363971394;21131
363988068;21132
364004741;21133
364021415;21134
364038088;21135
364054762;21136
364071435;21137
364088109;21138
364104783;21139
364121456;21140
364138130;21141
364154804;21142
364171477;21143
364204824;21144
364221498;21145
364238172;21146
364254845;21147
364271519;21148
364288192;21149
364304866;21150
364321540;21151
364338213;21152
364354887;21153
364371560;21154
364388234;21155
364404908;21156
364421581;21157
364438255;21158
364454928;21159
364471602;21160
364488275;21161
364504949;21162
364521623;21163
364538296;21164
364554970;21165
364571643;21166
364588317;21167
364604991;21168
364621664;21169
364638338;21170
364655011;21171
364671685;21172
364705032;21173
364721706;21174
364738379;21175
364755053;21176
364771727;21177
364788400;21178
364805074;21179
364821747;21180
364838421;21181
364855095;21182
364871768;21183
364888442;21184
364905115;21185
364921789;21186
364938463;21187
364955136;21188
364971810;21189
364988483;21190
365005157;21191
365021831;21192
365038504;21193
365055178;21194
365071851;21195
365088525;21196
365105199;21197
365121872;21198
365138546;21199
365155219;21200
365171893;21201
365205240;21202
365221914;21203
365238587;21204
365255261;21205
365271935;21206
365288608;21207
365305282;21208
365321955;21209
365338629;21210
365355303;21211
365371976;21212
365388650;21213
365405323;21214
365421997;21215
365438671;21216
365455344;21217
365472018;21218
365488691;21219
365505365;21220
365522039;21221
365538712;21222
365555386;21223
365572059;21224
365588733;21225
365605407;21226
365622080;21227
365638754;21228
365655427;21229
365672101;21230
365705448;21231
365722122;21232
365738795;21233
365755469;21234
365772143;21235
365788816;21236
365805490;21237
365822163;21238
365838837;21239
365855510;21240
365872184;21241
365888858;21242
365905531;21243
365922205;21244
365938879;21245
365955552;21246
365972226;21247
365988899;21248
366005573;21249
366022247;21250
366038920;21251
366055594;21252
366072267;21253
366088941;21254
366105615;21255
366122288;21256
366138962;21257
366155635;21258
366172309;21259
366205656;21260
366222330;21261
366239003;21262
366255677;21263
366272350;21264
366289024;21265
366305698;21266
366322371;21267
366339045;21268
366355718;21269
366372392;21270
366389066;21271
366405739;21272
366422413;21273
366439086;21274
366455760;21275
366472434;21276
366489107;21277
366505781;21278
366522454;21279
366539128;21280
366555802;21281
366572475;21282
366589149;21283
366605822;21284
366622496;21285
366639170;21286
366655843;21287
366672517;21288
366705864;21289
366722538;21290
366739211;21291
366755885;21292
366772558;21293
366789232;21294
366805906;21295
366822579;21296
366839253;21297
366855926;21298
366872600;21299
366889274;21300
366905947;21301
366922621;21302
366939294;21303
366955968;21304
366972642;21305
366989315;21306
367005989;21307
367022662;21308
367039336;21309
367056010;21310
367072683;21311
367089357;21312
367106030;21313
367122704;21314
367139378;21315
367156051;21316
367172725;21317
367206072;21318
367222746;21319
367239419;21320
367256093;21321
367272766;21322
367289440;21323
367306114;21324
367322787;21325
367339461;21326
367356134;21327
367372808;21328
367389482;21329
367406155;21330
367422829;21331
367439502;21332
367456176;21333
367472849;21334
367489523;21335
367506197;21336
367522870;21337
367539544;21338
367556217;21339
367572891;21340
367589565;21341
367606238;21342
367622912;21343
367639586;21344
367656259;21345
367672933;21346
367706280;21347
367722953;21348
367739627;21349
367756301;21350
367772974;21351
367789648;21352
367806321;21353
367822995;21354
367839669;21355
367856342;21356
367873016;21357
367889690;21358
367906363;21359
367923037;21360
367939710;21361
367956384;21362
367973058;21363
367989731;21364
368006405;21365
368023078;21366
368039752;21367
368056425;21368
368073099;21369
368089773;21370
368106446;21371
368123120;21372
368139793;21373
368156467;21374
368173141;21375
368206488;21376
368223161;21377
368239835;21378
368256509;21379
368273182;21380
368289856;21381
368306529;21382
368323203;21383
368339877;21384
368356550;21385
368373224;21386
368389897;21387
368406571;21388
368423245;21389
368439918;21390
368456592;21391
368473265;21392
368489939;21393
368506613;21394
368523286;21395
368539960;21396
368556633;21397
368573307;21398
368589981;21399
368606654;21400
368623328;21401
368640001;21402
368656675;21403
368673349;21404
368706696;21405
368723369;21406
368740043;21407
368756717;21408
368773390;21409
368790064;21410
368806737;21411
368823411;21412
368840085;21413
368856758;21414
368873432;21415
368890105;21416
368906779;21417
368923453;21418
368940126;21419
368956800;21420
368973473;21421
368990147;21422
369006821;21423
369023494;21424
369040168;21425
369056841;21426
369073515;21427
369090189;21428
369106862;21429
369123536;21430
369140209;21431
369156883;21432
369173557;21433
369206904;21434
369223577;21435
369240251;21436
369256925;21437
369273598;21438
369290272;21439
369306945;21440
369323619;21441
369340293;21442
369356966;21443
369373640;21444
369390313;21445
369406987;21446
369423661;21447
369440334;21448
369457008;21449
369473681;21450
369490355;21451
369507029;21452
369523702;21453
369540376;21454
369557049;21455
369573723;21456
369590397;21457
369607070;21458
369623744;21459
369640417;21460
369657091;21461
369673765;21462
369707112;21463
369723785;21464
369740459;21465
369757133;21466
369773806;21467
369790480;21468
369807153;21469
369823827;21470
369840501;21471
369857174;21472
369873848;21473
369890521;21474
369907195;21475
369923869;21476
369940542;21477
369957216;21478
369973889;21479
369990563;21480
370007237;21481
370023910;21482
370040584;21483
370057257;21484
370073931;21485
370090604;21486
370107278;21487
370123952;21488
370140625;21489
370157299;21490
370173973;21491
370207320;21492
370223993;21493
370240667;21494
370257341;21495
370274014;21496
370290688;21497
370307361;21498
370324035;21499
370340708;21500
370357382;21501
370374056;21502
370390729;21503
370407403;21504
370424076;21505
370440750;21506
370457424;21507
370474097;21508
370490771;21509
370507445;21510
370524118;21511
370540792;21512
370557465;21513
370574139;21514
370590813;21515
370607486;21516
370624160;21517
370640833;21518
370657507;21519
370674180;21520
370707528;21521
370724201;21522
370740875;21523
370757549;21524
370774222;21525
370790896;21526
370807569;21527
370824243;21528
370840917;21529
370857590;21530
370874264;21531
370890937;21532
370907611;21533
370924285;21534
370940958;21535
370957632;21536
370974305;21537
370990979;21538
371007652;21539
371024326;21540
371041000;21541
371057673;21542
371074347;21543
371091021;21544
371107694;21545
371124368;21546
371141041;21547
371157715;21548
371174389;21549
371207736;21550
371224409;21551
371241083;21552
371257756;21553
371274430;21554
371291104;21555
371307777;21556
371324451;21557
371341125;21558
371357798;21559
371374472;21560
371391145;21561
371407819;21562
371424492;21563
371441166;21564
371457840;21565
371474513;21566
371491187;21567
371507860;21568
371524534;21569
371541208;21570
371557881;21571
371574555;21572
371591228;21573
371607902;21574
371624576;21575
371641249;21576
371657923;21577
371674596;21578
371707944;21579
371724617;21580
371741291;21581
371757965;21582
371774638;21583
371791312;21584
371807985;21585
371824659;21586
371841332;21587
371858006;21588
371874680;21589
371891353;21590
371908027;21591
371924700;21592
371941374;21593
371958048;21594
371974721;21595
371991395;21596
372008069;21597
372024742;21598
372041416;21599
372058089;21600
372074763;21601
372091436;21602
372108110;21603
372124784;21604
372141457;21605
372158131;21606
372174804;21607
372208152;21608
372224825;21609
372241499;21610
372258173;21611
372274846;21612
372291520;21613
372308193;21614
372324867;21615
372341540;21616
372358214;21617
372374888;21618
372391561;21619
372408235;21620
372424908;21621
372441582;21622
372458256;21623
372474929;21624
372491603;21625
372508277;21626
372524950;21627
372541624;21628
372558297;21629
372574971;21630
372591645;21631
372608318;21632
372624992;21633
372641665;21634
372658339;21635
372675012;21636
372708360;21637
372725033;21638
372741707;21639
372758381;21640
372775054;21641
372791728;21642
372808401;21643
372825075;21644
372841749;21645
372858422;21646
372875096;21647
372891769;21648
372908443;21649
372925117;21650
372941790;21651
372958464;21652
372975137;21653
372991811;21654
373008485;21655
373025158;21656
373041832;21657
373058505;21658
373075179;21659
373091853;21660
373108526;21661
373125200;21662
373141873;21663
373158547;21664
373175221;21665
373208568;21666
373225241;21667
373241915;21668
373258589;21669
373275262;21670
373291936;21671
373308609;21672
373325283;21673
373341957;21674
373358630;21675
373375304;21676
373391977;21677
373408651;21678
373425325;21679
373441998;21680
373458672;21681
373475345;21682
373492019;21683
373508693;21684
373525366;21685
373542040;21686
373558713;21687
373575387;21688
373592061;21689
373608734;21690
373625408;21691
373642081;21692
373658755;21693
373675429;21694
373708776;21695
373725449;21696
373742123;21697
373758797;21698
373775470;21699
373792144;21700
373808817;21701
373825491;21702
373842165;21703
373858838;21704
373875512;21705
373892185;21706
373908859;21707
373925533;21708
373942206;21709
373958880;21710
373975553;21711
373992227;21712
374008901;21713
374025574;21714
374042248;21715
374058921;21716
374075595;21717
374092269;21718
374108942;21719
374125616;21720
374142289;21721
374158963;21722
374175637;21723
374208984;21724
374225657;21725
374242331;21726
374259005;21727
374275678;21728
374292352;21729
374309025;21730
374325699;21731
374342373;21732
374359046;21733
374375720;21734
374392393;21735
374409067;21736
374425741;21737
374442414;21738
374459088;21739
374475761;21740
374492435;21741
374509109;21742
374525782;21743
374542456;21744
374559129;21745
374575803;21746
374592477;21747
374609150;21748
374625824;21749
374642498;21750
374659171;21751
374675845;21752
374709192;21753
374725865;21754
374742539;21755
374759213;21756
374775886;21757
374792560;21758
374809233;21759
374825907;21760
374842581;21761
374859254;21762
374875928;21763
374892602;21764
374909275;21765
374925949;21766
374942622;21767
374959296;21768
374975970;21769
374992643;21770
375009317;21771
375025990;21772
375042664;21773
375059338;21774
375076011;21775
375092685;21776
375109358;21777
375126032;21778
375142706;21779
375159379;21780
375176053;21781
375209400;21782
375226074;21783
375242747;21784
375259421;21785
375276094;21786
375292768;21787
375309442;21788
375326115;21789
375342789;21790
375359462;21791
375376136;21792
375392810;21793
375409483;21794
375426157;21795
375442830;21796
375459504;21797
375476178;21798
375492851;21799
375509525;21800
375526198;21801
375542872;21802
375559546;21803
375576219;21804
375592893;21805
375609566;21806
375626240;21807
375642914;21808
375659587;21809
375676261;21810
375709608;21811
375726282;21812
375742955;21813
375759629;21814
375776302;21815
375792976;21816
375809650;21817
375826323;21818
375842997;21819
375859670;21820
375876344;21821
375893018;21822
375909691;21823
375926365;21824
375943038;21825
375959712;21826
375976386;21827
375993059;21828
376009733;21829
376026406;21830
376043080;21831
376059754;21832
376076427;21833
376093101;21834
376109774;21835
376126448;21836
376143122;21837
376159795;21838
376176469;21839
376209816;21840
376226490;21841
376243163;21842
376259837;21843
376276511;21844
376293184;21845
376309858;21846
376326531;21847
376343205;21848
376359879;21849
376376552;21850
376393226;21851
376409899;21852
376426573;21853
376443246;21854
376459920;21855
376476594;21856
376493267;21857
376509941;21858
376526614;21859
376543288;21860
376559962;21861
376576635;21862
376593309;21863
376609983;21864
376626656;21865
376643330;21866
376660003;21867
376676677;21868
376710024;21869
376726698;21870
376743371;21871
376760045;21872
376776719;21873
376793392;21874
376810066;21875
376826739;21876
376843413;21877
376860087;21878
376876760;21879
376893434;21880
376910107;21881
376926781;21882
376943455;21883
376960128;21884
376976802;21885
376993475;21886
377010149;21887
377026823;21888
377043496;21889
377060170;21890
377076843;21891
377093517;21892
377110191;21893
377126864;21894
377143538;21895
377160211;21896
377176885;21897
377210232;21898
377226906;21899
377243579;21900
377260253;21901
377276927;21902
377293600;21903
377310274;21904
377326948;21905
377343621;21906
377360295;21907
377376968;21908
377393642;21909
377410315;21910
377426989;21911
377443663;21912
377460336;21913
377477010;21914
377493683;21915
377510357;21916
377527031;21917
377543704;21918
377560378;21919
377577051;21920
377593725;21921
377610399;21922
377627072;21923
377643746;21924
377660420;21925
377677093;21926
377710440;21927
377727114;21928
377743787;21929
377760461;21930
377777135;21931
377793808;21932
377810482;21933
377827156;21934
377843829;21935
377860503;21936
377877176;21937
377893850;21938
377910524;21939
377927197;21940
377943871;21941
377960544;21942
377977218;21943
377993892;21944
378010565;21945
378027239;21946
378043912;21947
378060586;21948
378077260;21949
378093933;21950
378110607;21951
378127280;21952
378143954;21953
378160628;21954
378177301;21955
378210648;21956
378227322;21957
378243996;21958
378260669;21959
378277343;21960
378294016;21961
378310690;21962
378327364;21963
378344037;21964
378360711;21965
378377384;21966
378394058;21967
378410732;21968
378427405;21969
378444079;21970
378460752;21971
378477426;21972
378494100;21973
378510773;21974
378527447;21975
378544120;21976
378560794;21977
378577468;21978
378594141;21979
378610815;21980
378627489;21981
378644162;21982
378660836;21983
378677509;21984
378710856;21985
378727530;21986
378744204;21987
378760877;21988
378777551;21989
378794224;21990
378810898;21991
378827572;21992
378844245;21993
378860919;21994
378877593;21995
378894266;21996
378910940;21997
378927613;21998
378944287;21999
378960960;22000
378977634;22001
378994308;22002
379010981;22003
379027655;22004
379044328;22005
379061002;22006
379077676;22007
379094349;22008
379111023;22009
-1;-1
-1;-1
-1;-1
-1;-1
-1;-1
-1;-1
-1;-1
-1;-1
-1;-1
-1;-1
-1;-1
-1;-1
-1;-1
-1;-1
-1;-1
-1;-1
-1;-1
-1;-1
-1;-1
-1;-1
-1;-1
-1;-1
-1;-1
-1;-1
-1;-1
-1;-1
-1;-1
-1;-1
-1;-1
-1;-1
-1;-1
-1;-1
-1;-1
-1;-1
-1;-1
-1;-1
-1;-1
-1;-1
-1;-1
-1;-1
-1;-1
-1;-1
-1;-1
-1;-1
-1;-1
-1;-1
-1;-1
-1;-1
-1;-1
-1;-1
-1;-1
-1;-1
-1;-1
-1;-1
-1;-1
-1;-1
-1;-1
-1;-1
-1;-1
-1;-1
-1;-1
-1;-1
-1;-1
-1;-1
-1;-1
-1;-1
-1;-1
-1;-1
-1;-1
-1;-1
-1;-1
-1;-1
-1;-1
-1;-1
-1;-1
-1;-1
-1;-1
-1;-1
-1;-1
-1;-1
-1;-1
-1;-1
-1;-1
-1;-1
-1;-1
-1;-1
-1;-1
-1;-1
-1;-1
-1;-1
-1;-1
-1;-1
-1;-1
-1;-1
-1;-1
-1;-1
-1;-1
-1;-1
-1;-1
-1;-1
-1;-1
-1;-1
-1;-1
-1;-1
-1;-1
-1;-1
-1;-1
-1;-1
-1;-1
-1;-1
-1;-1
-1;-1
-1;-1
-1;-1
-1;-1
-1;-1
-1;-1
-1;-1
-1;-1
-1;-1
-1;-1
-1;-1
-1;-1
-1;-1
-1;-1
-1;-1
-1;-1
-1;-1
-1;-1
-1;-1
-1;-1
-1;-1
-1;-1
-1;-1
-1;-1
-1;-1
-1;-1
-1;-1
-1;-1
-1;-1
-1;-1
-1;-1
-1;-1
-1;-1
-1;-1
-1;-1
-1;-1
-1;-1
-1;-1
-1;-1
-1;-1
-1;-1
-1;-1
-1;-1
-1;-1
-1;-1
-1;-1
-1;-1
-1;-1
-1;-1
-1;-1
-1;-1
-1;-1
-1;-1
-1;-1
-1;-1
