296826894;17239
296843568;17240
296860242;17241
296876915;17242
296893589;17243
296910262;17244
296926936;17245
296943610;17246
296960283;17247
296976957;17248
296993630;17249
297010304;17250
297026978;17251
297043651;17252
297060325;17253
297076999;17254
297093672;17255
297110346;17256
297127019;17257
297143693;17258
297160367;17259
297177040;17260
297193714;17261
297210387;17262
297227061;17263
297243735;17264
297277082;17265
297293756;17266
297310429;17267
297327103;17268
297343776;17269
297360450;17270
297377124;17271
297393797;17272
297410471;17273
297427144;17274
297443818;17275
297460492;17276
297477165;17277
297493839;17278
297510512;17279
297527186;17280
297543860;17281
297560533;17282
297577207;17283
297593881;17284
297610554;17285
297627228;17286
297643901;17287
297660575;17288
297677249;17289
297693922;17290
297710596;17291
297727269;17292
297743943;17293
297777290;17294
297793964;17295
297810638;17296
297827311;17297
297843985;17298
297860658;17299
297877332;17300
297894006;17301
297910679;17302
297927353;17303
297944026;17304
297960700;17305
297977374;17306
297994047;17307
298010721;17308
298027394;17309
298044068;17310
298060742;17311
298077415;17312
298094089;17313
298110763;17314
298127436;17315
298144110;17316
298160783;17317
298177457;17318
298194131;17319
298210804;17320
298227478;17321
298244152;17322
298277499;17323
298294172;17324
298310846;17325
298327520;17326
298344193;17327
298360867;17328
298377540;17329
298394214;17330
298410888;17331
298427561;17332
298444235;17333
298460908;17334
298477582;17335
298494256;17336
298510929;17337
298527603;17338
298544276;17339
298560950;17340
298577624;17341
298594297;17342
298610971;17343
298627645;17344
298644318;17345
298660992;17346
298677665;17347
298694339;17348
298711013;17349
298727686;17350
298744360;17351
298777707;17352
298794381;17353
298811054;17354
298827728;17355
298844402;17356
298861075;17357
298877749;17358
298894422;17359
298911096;17360
298927770;17361
298944443;17362
298961117;17363
298977790;17364
298994464;17365
299011138;17366
299027811;17367
299044485;17368
299061159;17369
299077832;17370
299094506;17371
299111179;17372
299127853;17373
299144527;17374
299161200;17375
299177874;17376
299194547;17377
299211221;17378
299227895;17379
299244568;17380
299277915;17381
299294589;17382
299311263;17383
299327936;17384
299344610;17385
299361284;17386
299377957;17387
299394631;17388
299411304;17389
299427978;17390
299444652;17391
299461325;17392
299477999;17393
299494673;17394
299511346;17395
299528020;17396
299544693;17397
299561367;17398
299578041;17399
299594714;17400
299611388;17401
299628061;17402
299644735;17403
299661409;17404
299678082;17405
299694756;17406
299711429;17407
299728103;17408
299744777;17409
299778124;17410
299794798;17411
299811471;17412
299828145;17413
299844818;17414
299861492;17415
299878166;17416
299894839;17417
299911513;17418
299928186;17419
299944860;17420
299961534;17421
299978207;17422
299994881;17423
300011555;17424
300028228;17425
300044902;17426
300061575;17427
300078249;17428
300094923;17429
300111596;17430
300128270;17431
300144943;17432
300161617;17433
300178291;17434
300194964;17435
300211638;17436
300228312;17437
300244985;17438
300278332;17439
300295006;17440
300311680;17441
300328353;17442
300345027;17443
300361700;17444
300378374;17445
300395048;17446
300411721;17447
300428395;17448
300445069;17449
300461742;17450
300478416;17451
300495089;17452
300511763;17453
300528437;17454
300545110;17455
300561784;17456
300578457;17457
300595131;17458
300611805;17459
300628478;17460
300645152;17461
300661826;17462
300678499;17463
300695173;17464
300711846;17465
300728520;17466
300745194;17467
300778541;17468
300795214;17469
300811888;17470
300828562;17471
300845235;17472
300861909;17473
300878583;17474
300895256;17475
300911930;17476
300928603;17477
300945277;17478
300961951;17479
300978624;17480
300995298;17481
301011971;17482
301028645;17483
301045319;17484
301061992;17485
301078666;17486
301095340;17487
301112013;17488
301128687;17489
301145360;17490
301162034;17491
301178708;17492
301195381;17493
301212055;17494
301228728;17495
301245402;17496
301278749;17497
301295423;17498
301312096;17499
301328770;17500
301345444;17501
301362117;17502
301378791;17503
301395465;17504
301412138;17505
301428812;17506
301445485;17507
301462159;17508
301478833;17509
301495506;17510
301512180;17511
301528854;17512
301545527;17513
301562201;17514
301578874;17515
301595548;17516
301612222;17517
301628895;17518
301645569;17519
301662243;17520
301678916;17521
301695590;17522
301712263;17523
301728937;17524
301745611;17525
301778958;17526
301795631;17527
301812305;17528
301828979;17529
301845652;17530
301862326;17531
301878999;17532
301895673;17533
301912347;17534
301929020;17535
301945694;17536
301962368;17537
301979041;17538
301995715;17539
302012388;17540
302029062;17541
302045736;17542
302062409;17543
302079083;17544
302095756;17545
302112430;17546
302129104;17547
302145777;17548
302162451;17549
302179125;17550
302195798;17551
302212472;17552
302229145;17553
302245819;17554
302279166;17555
302295840;17556
302312513;17557
302329187;17558
302345861;17559
302362534;17560
302379208;17561
302395882;17562
302412555;17563
302429229;17564
302445902;17565
302462576;17566
302479250;17567
302495923;17568
302512597;17569
302529270;17570
302545944;17571
302562618;17572
302579291;17573
302595965;17574
302612639;17575
302629312;17576
302645986;17577
302662659;17578
302679333;17579
302696007;17580
302712680;17581
302729354;17582
302746028;17583
302779375;17584
302796048;17585
302812722;17586
302829396;17587
302846069;17588
302862743;17589
302879416;17590
302896090;17591
302912764;17592
302929437;17593
302946111;17594
302962785;17595
302979458;17596
302996132;17597
303012805;17598
303029479;17599
303046153;17600
303062826;17601
303079500;17602
303096174;17603
303112847;17604
303129521;17605
303146194;17606
303162868;17607
303179542;17608
303196215;17609
303212889;17610
303229562;17611
303246236;17612
303279583;17613
303296257;17614
303312931;17615
303329604;17616
303346278;17617
303362951;17618
303379625;17619
303396299;17620
303412972;17621
303429646;17622
303446319;17623
303462993;17624
303479667;17625
303496340;17626
303513014;17627
303529688;17628
303546361;17629
303563035;17630
303579708;17631
303596382;17632
303613056;17633
303629729;17634
303646403;17635
303663076;17636
303679750;17637
303696424;17638
303713097;17639
303729771;17640
303746445;17641
303779792;17642
303796465;17643
303813139;17644
303829813;17645
303846486;17646
303863160;17647
303879834;17648
303896507;17649
303913181;17650
303929854;17651
303946528;17652
303963202;17653
303979875;17654
303996549;17655
304013222;17656
304029896;17657
304046570;17658
304063243;17659
304079917;17660
304096591;17661
304113264;17662
304129938;17663
304146611;17664
304163285;17665
304179959;17666
304196632;17667
304213306;17668
304229979;17669
304246653;17670
304280000;17671
304296674;17672
304313348;17673
304330021;17674
304346695;17675
304363368;17676
304380042;17677
304396716;17678
304413389;17679
304430063;17680
304446736;17681
304463410;17682
304480084;17683
304496757;17684
304513431;17685
304530105;17686
304546778;17687
304563452;17688
304580125;17689
304596799;17690
304613473;17691
304630146;17692
304646820;17693
304663494;17694
304680167;17695
304696841;17696
304713514;17697
304730188;17698
304746862;17699
304780209;17700
304796882;17701
304813556;17702
304830230;17703
304846903;17704
304863577;17705
304880251;17706
304896924;17707
304913598;17708
304930271;17709
304946945;17710
304963619;17711
304980292;17712
304996966;17713
305013640;17714
305030313;17715
305046987;17716
305063660;17717
305080334;17718
305097008;17719
305113681;17720
305130355;17721
305147028;17722
305163702;17723
305180376;17724
305197049;17725
305213723;17726
305230397;17727
305247070;17728
305280417;17729
305297091;17730
305313765;17731
305330438;17732
305347112;17733
305363786;17734
305380459;17735
305397133;17736
305413806;17737
305430480;17738
305447154;17739
305463827;17740
305480501;17741
305497175;17742
305513848;17743
305530522;17744
305547195;17745
305563869;17746
305580543;17747
305597216;17748
305613890;17749
305630563;17750
305647237;17751
305663911;17752
305680584;17753
305697258;17754
305713932;17755
305730605;17756
305747279;17757
305780626;17758
305797300;17759
305813973;17760
305830647;17761
305847321;17762
305863994;17763
305880668;17764
305897341;17765
305914015;17766
305930689;17767
305947362;17768
305964036;17769
305980709;17770
305997383;17771
306014057;17772
306030730;17773
306047404;17774
306064078;17775
306080751;17776
306097425;17777
306114098;17778
306130772;17779
306147446;17780
306164119;17781
306180793;17782
306197467;17783
306214140;17784
306230814;17785
306247487;17786
306280835;17787
306297508;17788
306314182;17789
306330855;17790
306347529;17791
306364203;17792
306380876;17793
306397550;17794
306414224;17795
306430897;17796
306447571;17797
306464244;17798
306480918;17799
306497592;17800
306514265;17801
306530939;17802
306547613;17803
306564286;17804
306580960;17805
306597633;17806
306614307;17807
306630981;17808
306647654;17809
306664328;17810
306681001;17811
306697675;17812
306714349;17813
306731022;17814
306747696;17815
306781043;17816
306797717;17817
306814390;17818
306831064;17819
306847738;17820
306864411;17821
306881085;17822
306897758;17823
306914432;17824
306931106;17825
306947779;17826
306964453;17827
306981127;17828
306997800;17829
307014474;17830
307031148;17831
307047821;17832
307064495;17833
307081168;17834
307097842;17835
307114516;17836
307131189;17837
307147863;17838
307164537;17839
307181210;17840
307197884;17841
307214557;17842
307231231;17843
307247905;17844
307281252;17845
307297925;17846
307314599;17847
307331273;17848
307347946;17849
307364620;17850
307381294;17851
307397967;17852
307414641;17853
307431314;17854
307447988;17855
307464662;17856
307481335;17857
307498009;17858
307514683;17859
307531356;17860
307548030;17861
307564703;17862
307581377;17863
307598051;17864
307614724;17865
307631398;17866
307648071;17867
307664745;17868
307681419;17869
307698092;17870
307714766;17871
307731440;17872
307748113;17873
307781460;17874
307798134;17875
307814808;17876
307831481;17877
307848155;17878
307864829;17879
307881502;17880
307898176;17881
307914849;17882
307931523;17883
307948197;17884
307964870;17885
307981544;17886
307998218;17887
308014891;17888
308031565;17889
308048238;17890
308064912;17891
308081586;17892
308098259;17893
308114933;17894
308131607;17895
308148280;17896
308164954;17897
308181627;17898
308198301;17899
308214975;17900
308231648;17901
308248322;17902
308281669;17903
308298343;17904
308315016;17905
308331690;17906
308348364;17907
308365037;17908
308381711;17909
308398384;17910
308415058;17911
308431732;17912
308448405;17913
308465079;17914
308481753;17915
308498426;17916
308515100;17917
308531773;17918
308548447;17919
308565121;17920
308581794;17921
308598468;17922
308615142;17923
308631815;17924
308648489;17925
308665162;17926
308681836;17927
308698510;17928
308715183;17929
308731857;17930
308748530;17931
308781878;17932
308798551;17933
308815225;17934
308831899;17935
308848572;17936
308865246;17937
308881919;17938
308898593;17939
308915267;17940
308931940;17941
308948614;17942
308965288;17943
308981961;17944
308998635;17945
309015309;17946
309031982;17947
309048656;17948
309065329;17949
309082003;17950
309098677;17951
309115350;17952
309132024;17953
309148697;17954
309165371;17955
309182045;17956
309198718;17957
309215392;17958
309232066;17959
309248739;17960
309282086;17961
309298760;17962
309315434;17963
309332107;17964
309348781;17965
309365455;17966
309382128;17967
309398802;17968
309415475;17969
309432149;17970
309448823;17971
309465496;17972
309482170;17973
309498843;17974
309515517;17975
309532191;17976
309548864;17977
309565538;17978
309582212;17979
309598885;17980
309615559;17981
309632233;17982
309648906;17983
309665580;17984
309682253;17985
309698927;17986
309715601;17987
309732274;17988
309748948;17989
309782295;17990
309798969;17991
309815642;17992
309832316;17993
309848990;17994
309865663;17995
309882337;17996
309899010;17997
309915684;17998
309932358;17999
309949031;18000
309965705;18001
309982379;18002
309999052;18003
310015726;18004
310032399;18005
310049073;18006
310065747;18007
310082420;18008
310099094;18009
310115768;18010
310132441;18011
310149115;18012
310165788;18013
310182462;18014
310199136;18015
310215809;18016
310232483;18017
310249156;18018
310282504;18019
310299177;18020
310315851;18021
310332525;18022
310349198;18023
310365872;18024
310382546;18025
310399219;18026
310415893;18027
310432566;18028
310449240;18029
310465914;18030
310482587;18031
310499261;18032
310515935;18033
310532608;18034
310549282;18035
310565955;18036
310582629;18037
310599303;18038
310615976;18039
310632650;18040
310649323;18041
310665997;18042
310682671;18043
310699344;18044
310716018;18045
310732692;18046
310749365;18047
310782712;18048
310799386;18049
310816060;18050
310832733;18051
310849407;18052
310866081;18053
310882754;18054
310899428;18055
310916101;18056
310932775;18057
310949449;18058
310966122;18059
310982796;18060
310999470;18061
311016143;18062
311032817;18063
311049490;18064
311066164;18065
311082838;18066
311099511;18067
311116185;18068
311132859;18069
311149532;18070
311166206;18071
311182879;18072
311199553;18073
311216227;18074
311232900;18075
311249574;18076
311282921;18077
311299595;18078
311316268;18079
311332942;18080
311349616;18081
311366289;18082
311382963;18083
311399637;18084
311416310;18085
311432984;18086
311449657;18087
311466331;18088
311483005;18089
311499678;18090
311516352;18091
311533026;18092
311549699;18093
311566373;18094
311583046;18095
311599720;18096
311616394;18097
311633067;18098
311649741;18099
311666415;18100
311683088;18101
311699762;18102
311716435;18103
311733109;18104
311749783;18105
311783130;18106
311799803;18107
311816477;18108
311833151;18109
311849824;18110
311866498;18111
311883172;18112
311899845;18113
311916519;18114
311933193;18115
311949866;18116
311966540;18117
311983213;18118
311999887;18119
312016561;18120
312033234;18121
312049908;18122
312066581;18123
312083255;18124
312099929;18125
312116602;18126
312133276;18127
312149950;18128
312166623;18129
312183297;18130
312199971;18131
312216644;18132
312233318;18133
312249991;18134
312283339;18135
312300012;18136
312316686;18137
312333360;18138
312350033;18139
312366707;18140
312383380;18141
312400054;18142
312416728;18143
312433401;18144
312450075;18145
312466748;18146
312483422;18147
312500096;18148
312516769;18149
312533443;18150
312550117;18151
312566790;18152
312583464;18153
312600138;18154
312616811;18155
312633485;18156
312650158;18157
312666832;18158
312683506;18159
312700179;18160
312716853;18161
312733526;18162
312750200;18163
312783547;18164
312800221;18165
312816895;18166
312833568;18167
312850242;18168
312866916;18169
312883589;18170
312900263;18171
312916936;18172
312933610;18173
312950284;18174
312966957;18175
312983631;18176
313000304;18177
313016978;18178
313033652;18179
313050325;18180
313066999;18181
313083673;18182
313100346;18183
313117020;18184
313133693;18185
313150367;18186
313167041;18187
313183714;18188
313200388;18189
313217062;18190
313233735;18191
313250409;18192
313283756;18193
313300430;18194
313317103;18195
313333777;18196
313350451;18197
313367124;18198
313383798;18199
313400472;18200
313417145;18201
313433819;18202
313450492;18203
313467166;18204
313483840;18205
313500513;18206
313517187;18207
313533861;18208
313550534;18209
313567208;18210
313583881;18211
313600555;18212
313617229;18213
313633902;18214
313650576;18215
313667249;18216
313683923;18217
313700597;18218
313717270;18219
313733944;18220
313750618;18221
313783965;18222
313800638;18223
313817312;18224
313833986;18225
313850659;18226
313867333;18227
313884007;18228
313900680;18229
313917354;18230
313934027;18231
313950701;18232
313967375;18233
313984048;18234
314000722;18235
314017396;18236
314034069;18237
314050743;18238
314067416;18239
314084090;18240
314100764;18241
314117437;18242
314134111;18243
314150785;18244
314167458;18245
314184132;18246
314200805;18247
314217479;18248
314234153;18249
314250826;18250
314284174;18251
314300847;18252
314317521;18253
314334194;18254
314350868;18255
314367542;18256
314384215;18257
314400889;18258
314417563;18259
314434236;18260
314450910;18261
314467583;18262
314484257;18263
314500931;18264
314517604;18265
314534278;18266
314550952;18267
314567625;18268
314584299;18269
314600972;18270
314617646;18271
314634320;18272
314650993;18273
314667667;18274
314684341;18275
314701014;18276
314717688;18277
314734362;18278
314751035;18279
314784382;18280
314801056;18281
314817730;18282
314834403;18283
314851077;18284
314867750;18285
314884424;18286
314901098;18287
314917771;18288
314934445;18289
314951119;18290
314967792;18291
314984466;18292
315001140;18293
315017813;18294
315034487;18295
315051160;18296
315067834;18297
315084508;18298
315101181;18299
315117855;18300
315134529;18301
315151202;18302
315167876;18303
315184549;18304
315201223;18305
315217897;18306
315234570;18307
315251244;18308
315284591;18309
315301265;18310
315317938;18311
315334612;18312
315351286;18313
315367959;18314
315384633;18315
315401307;18316
315417980;18317
315434654;18318
315451327;18319
315468001;18320
315484675;18321
315501348;18322
315518022;18323
315534696;18324
315551369;18325
315568043;18326
315584716;18327
315601390;18328
315618064;18329
315634737;18330
315651411;18331
315668085;18332
315684758;18333
315701432;18334
315718105;18335
315734779;18336
315751453;18337
315784800;18338
315801474;18339
315818147;18340
315834821;18341
315851494;18342
315868168;18343
315884842;18344
315901515;18345
315918189;18346
315934863;18347
315951536;18348
315968210;18349
315984884;18350
316001557;18351
316018231;18352
316034904;18353
316051578;18354
316068252;18355
316084925;18356
316101599;18357
316118273;18358
316134946;18359
316151620;18360
316168293;18361
316184967;18362
316201641;18363
316218314;18364
316234988;18365
316251662;18366
316285009;18367
316301682;18368
316318356;18369
316335030;18370
316351703;18371
316368377;18372
316385051;18373
316401724;18374
316418398;18375
316435071;18376
316451745;18377
316468419;18378
316485092;18379
316501766;18380
316518440;18381
316535113;18382
316551787;18383
316568461;18384
316585134;18385
316601808;18386
316618481;18387
316635155;18388
316651829;18389
316668502;18390
316685176;18391
316701849;18392
316718523;18393
316735197;18394
316751870;18395
316785218;18396
316801891;18397
316818565;18398
316835238;18399
316851912;18400
316868586;18401
316885259;18402
316901933;18403
316918607;18404
316935280;18405
316951954;18406
316968627;18407
316985301;18408
317001975;18409
317018648;18410
317035322;18411
317051996;18412
317068669;18413
317085343;18414
317102017;18415
317118690;18416
317135364;18417
317152037;18418
317168711;18419
317185385;18420
317202058;18421
317218732;18422
317235406;18423
317252079;18424
317285426;18425
317302100;18426
317318774;18427
317335447;18428
317352121;18429
317368795;18430
317385468;18431
317402142;18432
317418815;18433
317435489;18434
317452163;18435
317468836;18436
317485510;18437
317502184;18438
317518857;18439
317535531;18440
317552205;18441
317568878;18442
317585552;18443
317602225;18444
317618899;18445
317635573;18446
317652246;18447
317668920;18448
317685594;18449
317702267;18450
317718941;18451
317735614;18452
317752288;18453
317785635;18454
317802309;18455
317818983;18456
317835656;18457
317852330;18458
317869003;18459
317885677;18460
317902351;18461
317919024;18462
317935698;18463
317952371;18464
317969045;18465
317985719;18466
318002392;18467
318019066;18468
318035740;18469
318052413;18470
318069087;18471
318085761;18472
318102434;18473
318119108;18474
318135781;18475
318152455;18476
318169129;18477
318185802;18478
318202476;18479
318219150;18480
318235823;18481
318252497;18482
318285844;18483
318302518;18484
318319191;18485
318335865;18486
318352539;18487
318369212;18488
318385886;18489
318402559;18490
318419233;18491
318435907;18492
318452580;18493
318469254;18494
318485928;18495
318502601;18496
318519275;18497
318535948;18498
318552622;18499
318569296;18500
318585969;18501
318602643;18502
318619317;18503
318635990;18504
318652664;18505
318669337;18506
318686011;18507
318702685;18508
318719358;18509
318736032;18510
318752706;18511
318786053;18512
318802727;18513
318819400;18514
318836074;18515
318852747;18516
318869421;18517
318886095;18518
318902768;18519
318919442;18520
318936116;18521
318952789;18522
318969463;18523
318986136;18524
319002810;18525
319019484;18526
319036157;18527
319052831;18528
319069505;18529
319086178;18530
319102852;18531
319119526;18532
319136199;18533
319152873;18534
319169546;18535
319186220;18536
319202894;18537
319219567;18538
319236241;18539
319252915;18540
319286262;18541
319302935;18542
319319609;18543
319336283;18544
319352956;18545
319369630;18546
319386304;18547
319402977;18548
319419651;18549
319436324;18550
319452998;18551
319469672;18552
319486345;18553
319503019;18554
319519693;18555
319536366;18556
319553040;18557
319569713;18558
319586387;18559
319603061;18560
319619734;18561
319636408;18562
319653082;18563
319669755;18564
319686429;18565
319703102;18566
319719776;18567
319736450;18568
319753123;18569
319786471;18570
319803144;18571
319819818;18572
319836492;18573
319853165;18574
319869839;18575
319886512;18576
319903186;18577
319919860;18578
319936533;18579
319953207;18580
319969880;18581
319986554;18582
320003228;18583
320019901;18584
320036575;18585
320053249;18586
320069922;18587
320086596;18588
320103270;18589
320119943;18590
320136617;18591
320153290;18592
320169964;18593
320186638;18594
320203311;18595
320219985;18596
320236659;18597
320253332;18598
320286679;18599
320303353;18600
320320027;18601
320336700;18602
320353374;18603
320370047;18604
320386721;18605
320403395;18606
320420068;18607
320436742;18608
320453416;18609
320470089;18610
320486763;18611
320503437;18612
320520110;18613
320536784;18614
320553457;18615
320570131;18616
320586805;18617
320603478;18618
320620152;18619
320636826;18620
320653499;18621
320670173;18622
320686846;18623
320703520;18624
320720194;18625
320736867;18626
320753541;18627
320786888;18628
320803562;18629
320820235;18630
320836909;18631
320853583;18632
320870256;18633
320886930;18634
320903604;18635
320920277;18636
320936951;18637
320953624;18638
320970298;18639
320986972;18640
321003645;18641
321020319;18642
321036993;18643
321053666;18644
321070340;18645
321087013;18646
321103687;18647
321120361;18648
321137034;18649
321153708;18650
321170382;18651
321187055;18652
321203729;18653
321220403;18654
321237076;18655
321253750;18656
321287097;18657
321303771;18658
321320444;18659
321337118;18660
321353792;18661
321370465;18662
321387139;18663
321403813;18664
321420486;18665
321437160;18666
321453833;18667
321470507;18668
321487181;18669
321503854;18670
321520528;18671
321537201;18672
321553875;18673
321570549;18674
321587222;18675
321603896;18676
321620570;18677
321637243;18678
321653917;18679
321670591;18680
321687264;18681
321703938;18682
321720611;18683
321737285;18684
321753959;18685
321787306;18686
321803980;18687
321820653;18688
321837327;18689
321854000;18690
321870674;18691
321887348;18692
321904021;18693
321920695;18694
321937369;18695
321954042;18696
321970716;18697
321987390;18698
322004063;18699
322020737;18700
322037410;18701
322054084;18702
322070758;18703
322087431;18704
322104105;18705
322120779;18706
322137452;18707
322154126;18708
322170799;18709
322187473;18710
322204147;18711
322220820;18712
322237494;18713
322254168;18714
322287515;18715
322304188;18716
322320862;18717
322337536;18718
322354209;18719
322370883;18720
322387557;18721
322404230;18722
322420904;18723
322437577;18724
322454251;18725
322470925;18726
322487598;18727
322504272;18728
322520946;18729
322537619;18730
322554293;18731
322570966;18732
322587640;18733
322604314;18734
322620987;18735
322637661;18736
322654335;18737
322671008;18738
322687682;18739
322704355;18740
322721029;18741
322737703;18742
322754376;18743
322787724;18744
322804397;18745
322821071;18746
322837745;18747
322854418;18748
322871092;18749
322887765;18750
322904439;18751
322921113;18752
322937786;18753
322954460;18754
322971134;18755
322987807;18756
323004481;18757
323021154;18758
323037828;18759
323054502;18760
323071175;18761
323087849;18762
323104523;18763
323121196;18764
323137870;18765
323154543;18766
323171217;18767
323187891;18768
323204564;18769
323221238;18770
323237912;18771
323254585;18772
323287932;18773
323304606;18774
323321280;18775
323337953;18776
323354627;18777
323371301;18778
323387974;18779
323404648;18780
323421322;18781
323437995;18782
323454669;18783
323471342;18784
323488016;18785
323504690;18786
323521363;18787
323538037;18788
323554711;18789
323571384;18790
323588058;18791
323604731;18792
323621405;18793
323638079;18794
323654752;18795
323671426;18796
323688100;18797
323704773;18798
323721447;18799
323738121;18800
323754794;18801
323788141;18802
323804815;18803
323821489;18804
323838162;18805
323854836;18806
323871510;18807
323888183;18808
323904857;18809
323921530;18810
323938204;18811
323954878;18812
323971551;18813
323988225;18814
324004899;18815
324021572;18816
324038246;18817
324054920;18818
324071593;18819
324088267;18820
324104940;18821
324121614;18822
324138288;18823
324154961;18824
324171635;18825
324188309;18826
324204982;18827
324221656;18828
324238329;18829
324255003;18830
324288350;18831
324305024;18832
324321697;18833
324338371;18834
324355045;18835
324371718;18836
324388392;18837
324405066;18838
324421739;18839
324438413;18840
324455087;18841
324471760;18842
324488434;18843
324505107;18844
324521781;18845
324538455;18846
324555128;18847
324571802;18848
324588476;18849
324605149;18850
324621823;18851
324638496;18852
324655170;18853
324671844;18854
324688517;18855
324705191;18856
324721865;18857
324738538;18858
324755212;18859
324788559;18860
324805233;18861
324821906;18862
324838580;18863
324855254;18864
324871927;18865
324888601;18866
324905275;18867
324921948;18868
324938622;18869
324955295;18870
324971969;18871
324988643;18872
325005316;18873
325021990;18874
325038664;18875
325055337;18876
325072011;18877
325088684;18878
325105358;18879
325122032;18880
325138705;18881
325155379;18882
325172053;18883
325188726;18884
325205400;18885
325222073;18886
325238747;18887
325255421;18888
325288768;18889
325305442;18890
325322115;18891
325338789;18892
325355462;18893
325372136;18894
325388810;18895
325405483;18896
325422157;18897
325438831;18898
325455504;18899
325472178;18900
325488852;18901
325505525;18902
325522199;18903
325538872;18904
325555546;18905
325572220;18906
325588893;18907
325605567;18908
325622241;18909
325638914;18910
325655588;18911
325672262;18912
325688935;18913
325705609;18914
325722282;18915
325738956;18916
325755630;18917
325788977;18918
325805650;18919
325822324;18920
325838998;18921
325855671;18922
325872345;18923
325889019;18924
325905692;18925
325922366;18926
325939039;18927
325955713;18928
325972387;18929
325989060;18930
326005734;18931
326022408;18932
326039081;18933
326055755;18934
326072429;18935
326089102;18936
326105776;18937
326122449;18938
326139123;18939
326155797;18940
326172470;18941
326189144;18942
326205818;18943
326222491;18944
326239165;18945
326255838;18946
326289186;18947
326305859;18948
326322533;18949
326339207;18950
326355880;18951
326372554;18952
326389228;18953
326405901;18954
326422575;18955
326439248;18956
326455922;18957
326472596;18958
326489269;18959
326505943;18960
326522616;18961
326539290;18962
326555964;18963
326572637;18964
326589311;18965
326605985;18966
326622658;18967
326639332;18968
326656006;18969
326672679;18970
326689353;18971
326706026;18972
326722700;18973
326739374;18974
326756047;18975
326789395;18976
326806068;18977
326822742;18978
326839415;18979
326856089;18980
326872763;18981
326889436;18982
326906110;18983
326922784;18984
326939457;18985
326956131;18986
326972804;18987
326989478;18988
327006152;18989
327022825;18990
327039499;18991
327056173;18992
327072846;18993
327089520;18994
327106194;18995
327122867;18996
327139541;18997
327156214;18998
327172888;18999
327189562;19000
327206235;19001
327222909;19002
327239583;19003
327256256;19004
327289603;19005
327306277;19006
327322951;19007
327339624;19008
327356298;19009
327372972;19010
327389645;19011
327406319;19012
327422992;19013
327439666;19014
327456340;19015
327473013;19016
327489687;19017
327506361;19018
327523034;19019
327539708;19020
327556381;19021
327573055;19022
327589729;19023
327606402;19024
327623076;19025
327639750;19026
327656423;19027
327673097;19028
327689770;19029
327706444;19030
327723118;19031
327739791;19032
327756465;19033
327789812;19034
327806486;19035
327823160;19036
327839833;19037
327856507;19038
327873180;19039
327889854;19040
327906528;19041
327923201;19042
327939875;19043
327956549;19044
327973222;19045
327989896;19046
328006569;19047
328023243;19048
328039917;19049
328056590;19050
328073264;19051
328089938;19052
328106611;19053
328123285;19054
328139958;19055
328156632;19056
328173306;19057
328189979;19058
328206653;19059
328223327;19060
328240000;19061
328256674;19062
328290021;19063
328306695;19064
328323368;19065
328340042;19066
328356716;19067
328373389;19068
328390063;19069
328406737;19070
328423410;19071
328440084;19072
328456757;19073
328473431;19074
328490105;19075
328506778;19076
328523452;19077
328540126;19078
328556799;19079
328573473;19080
328590146;19081
328606820;19082
328623494;19083
328640167;19084
328656841;19085
328673515;19086
328690188;19087
328706862;19088
328723535;19089
328740209;19090
328756883;19091
328790230;19092
328806904;19093
328823577;19094
328840251;19095
328856925;19096
328873598;19097
328890272;19098
328906945;19099
328923619;19100
328940293;19101
328956966;19102
328973640;19103
328990314;19104
329006987;19105
329023661;19106
329040334;19107
329057008;19108
329073682;19109
329090355;19110
329107029;19111
329123703;19112
329140376;19113
329157050;19114
329173723;19115
329190397;19116
329207071;19117
329223744;19118
329240418;19119
329257092;19120
329290439;19121
329307113;19122
329323786;19123
329340460;19124
329357133;19125
329373807;19126
329390481;19127
329407154;19128
329423828;19129
329440502;19130
329457175;19131
329473849;19132
329490522;19133
329507196;19134
329523870;19135
329540543;19136
329557217;19137
329573891;19138
329590564;19139
329607238;19140
329623911;19141
329640585;19142
329657259;19143
329673932;19144
329690606;19145
329707280;19146
329723953;19147
329740627;19148
329757300;19149
329790648;19150
329807321;19151
329823995;19152
329840669;19153
329857342;19154
329874016;19155
329890690;19156
329907363;19157
329924037;19158
329940710;19159
329957384;19160
329974058;19161
329990731;19162
330007405;19163
330024078;19164
330040752;19165
330057426;19166
330074099;19167
330090773;19168
330107447;19169
330124120;19170
330140794;19171
330157468;19172
330174141;19173
330190815;19174
330207488;19175
330224162;19176
330240836;19177
330257509;19178
330290857;19179
330307530;19180
330324204;19181
330340877;19182
330357551;19183
330374225;19184
330390898;19185
330407572;19186
330424246;19187
330440919;19188
330457593;19189
330474267;19190
330490940;19191
330507614;19192
330524287;19193
330540961;19194
330557635;19195
330574308;19196
330590982;19197
330607656;19198
330624329;19199
330641003;19200
330657676;19201
330674350;19202
330691024;19203
330707697;19204
330724371;19205
330741044;19206
330757718;19207
330791065;19208
330807739;19209
330824413;19210
330841086;19211
330857760;19212
330874434;19213
330891107;19214
330907781;19215
330924454;19216
330941128;19217
330957802;19218
330974475;19219
330991149;19220
331007823;19221
331024496;19222
331041170;19223
331057843;19224
331074517;19225
331091191;19226
331107864;19227
331124538;19228
331141212;19229
331157885;19230
331174559;19231
331191233;19232
331207906;19233
331224580;19234
331241253;19235
331257927;19236
331291274;19237
331307948;19238
331324621;19239
331341295;19240
331357969;19241
331374642;19242
331391316;19243
331407990;19244
331424663;19245
331441337;19246
331458011;19247
331474684;19248
331491358;19249
331508031;19250
331524705;19251
331541379;19252
331558052;19253
331574726;19254
331591400;19255
331608073;19256
331624747;19257
331641420;19258
331658094;19259
331674768;19260
331691441;19261
331708115;19262
331724789;19263
331741462;19264
331758136;19265
331791483;19266
331808157;19267
331824830;19268
331841504;19269
331858178;19270
331874851;19271
331891525;19272
331908198;19273
331924872;19274
331941546;19275
331958219;19276
331974893;19277
331991567;19278
332008240;19279
332024914;19280
332041588;19281
332058261;19282
332074935;19283
332091608;19284
332108282;19285
332124956;19286
332141629;19287
332158303;19288
332174977;19289
332191650;19290
332208324;19291
332224997;19292
332241671;19293
332258345;19294
332291692;19295
332308366;19296
332325039;19297
332341713;19298
332358386;19299
332375060;19300
332391734;19301
332408407;19302
332425081;19303
332441755;19304
332458428;19305
332475102;19306
332491775;19307
332508449;19308
332525123;19309
332541796;19310
332558470;19311
332575144;19312
332591817;19313
332608491;19314
332625165;19315
332641838;19316
332658512;19317
332675185;19318
332691859;19319
332708533;19320
332725206;19321
332741880;19322
332758554;19323
332791901;19324
332808574;19325
332825248;19326
332841922;19327
332858595;19328
332875269;19329
332891943;19330
332908616;19331
332925290;19332
332941963;19333
332958637;19334
332975311;19335
332991984;19336
333008658;19337
333025332;19338
333042005;19339
333058679;19340
333075352;19341
333092026;19342
333108700;19343
333125373;19344
333142047;19345
333158721;19346
333175394;19347
333192068;19348
333208741;19349
333225415;19350
333242089;19351
333258762;19352
333292110;19353
333308783;19354
333325457;19355
333342130;19356
333358804;19357
333375478;19358
333392151;19359
333408825;19360
333425499;19361
333442172;19362
333458846;19363
333475519;19364
333492193;19365
333508867;19366
333525540;19367
333542214;19368
333558888;19369
333575561;19370
333592235;19371
333608909;19372
333625582;19373
333642256;19374
333658929;19375
333675603;19376
333692277;19377
333708950;19378
333725624;19379
333742298;19380
333758971;19381
333792318;19382
333808992;19383
333825666;19384
333842339;19385
333859013;19386
333875687;19387
333892360;19388
333909034;19389
333925707;19390
333942381;19391
333959055;19392
333975728;19393
333992402;19394
334009076;19395
334025749;19396
334042423;19397
334059096;19398
334075770;19399
334092444;19400
334109117;19401
334125791;19402
334142465;19403
334159138;19404
334175812;19405
334192485;19406
334209159;19407
334225833;19408
334242506;19409
334259180;19410
334292527;19411
334309201;19412
334325874;19413
334342548;19414
334359222;19415
334375895;19416
334392569;19417
334409243;19418
334425916;19419
334442590;19420
334459263;19421
334475937;19422
334492611;19423
334509284;19424
334525958;19425
334542632;19426
334559305;19427
334575979;19428
334592652;19429
334609326;19430
334626000;19431
334642673;19432
334659347;19433
334676021;19434
334692694;19435
334709368;19436
334726041;19437
334742715;19438
334759389;19439
334792736;19440
334809410;19441
334826083;19442
334842757;19443
334859430;19444
334876104;19445
334892778;19446
334909451;19447
334926125;19448
334942799;19449
334959472;19450
334976146;19451
334992820;19452
335009493;19453
335026167;19454
335042840;19455
335059514;19456
335076188;19457
335092861;19458
335109535;19459
335126209;19460
335142882;19461
335159556;19462
335176229;19463
335192903;19464
335209577;19465
335226250;19466
335242924;19467
335259598;19468
335292945;19469
335309618;19470
335326292;19471
335342966;19472
335359639;19473
335376313;19474
335392986;19475
335409660;19476
335426334;19477
335443007;19478
335459681;19479
335476355;19480
335493028;19481
335509702;19482
335526375;19483
335543049;19484
335559723;19485
335576396;19486
335593070;19487
335609744;19488
335626417;19489
335643091;19490
335659764;19491
335676438;19492
335693112;19493
335709785;19494
335726459;19495
335743133;19496
335759806;19497
335793154;19498
335809827;19499
335826501;19500
335843174;19501
335859848;19502
335876522;19503
335893195;19504
335909869;19505
335926543;19506
335943216;19507
335959890;19508
335976563;19509
335993237;19510
336009911;19511
336026584;19512
336043258;19513
336059932;19514
336076605;19515
336093279;19516
336109952;19517
336126626;19518
336143300;19519
336159973;19520
336176647;19521
336193321;19522
336209994;19523
336226668;19524
336243341;19525
336260015;19526
336293362;19527
336310036;19528
336326710;19529
336343383;19530
336360057;19531
336376730;19532
336393404;19533
336410078;19534
336426751;19535
336443425;19536
336460098;19537
336476772;19538
336493446;19539
336510119;19540
336526793;19541
336543467;19542
336560140;19543
336576814;19544
336593488;19545
336610161;19546
336626835;19547
336643508;19548
336660182;19549
336676856;19550
336693529;19551
336710203;19552
336726877;19553
336743550;19554
336760224;19555
336793571;19556
336810245;19557
336826918;19558
336843592;19559
336860266;19560
336876939;19561
336893613;19562
336910286;19563
336926960;19564
336943634;19565
336960307;19566
336976981;19567
336993654;19568
337010328;19569
337027002;19570
337043675;19571
337060349;19572
337077023;19573
337093696;19574
337110370;19575
337127043;19576
337143717;19577
337160391;19578
337177064;19579
337193738;19580
337210412;19581
337227085;19582
337243759;19583
337260432;19584
337293780;19585
337310453;19586
337327127;19587
337343801;19588
337360474;19589
337377148;19590
337393821;19591
337410495;19592
337427169;19593
337443842;19594
337460516;19595
337477190;19596
337493863;19597
337510537;19598
337527210;19599
337543884;19600
337560558;19601
337577231;19602
337593905;19603
337610579;19604
337627252;19605
337643926;19606
337660599;19607
337677273;19608
337693947;19609
337710620;19610
337727294;19611
337743968;19612
337760641;19613
337793988;19614
337810662;19615
337827336;19616
337844009;19617
337860683;19618
337877357;19619
337894030;19620
337910704;19621
337927377;19622
337944051;19623
337960725;19624
337977398;19625
337994072;19626
338010746;19627
338027419;19628
338044093;19629
338060767;19630
338077440;19631
338094114;19632
338110787;19633
338127461;19634
338144135;19635
338160808;19636
338177482;19637
338194155;19638
338210829;19639
338227503;19640
338244176;19641
338260850;19642
338294197;19643
338310871;19644
338327544;19645
338344218;19646
338360892;19647
338377565;19648
338394239;19649
338410913;19650
338427586;19651
338444260;19652
338460934;19653
338477607;19654
338494281;19655
338510954;19656
338527628;19657
338544302;19658
338560975;19659
338577649;19660
338594323;19661
338610996;19662
338627670;19663
338644343;19664
338661017;19665
338677691;19666
338694364;19667
338711038;19668
338727711;19669
338744385;19670
338761059;19671
338794406;19672
338811080;19673
338827753;19674
338844427;19675
338861100;19676
338877774;19677
338894448;19678
338911121;19679
338927795;19680
338944469;19681
338961142;19682
338977816;19683
338994489;19684
339011163;19685
339027837;19686
339044510;19687
339061184;19688
339077858;19689
339094531;19690
339111205;19691
339127878;19692
339144552;19693
339161226;19694
339177899;19695
339194573;19696
339211247;19697
339227920;19698
339244594;19699
339261267;19700
339294615;19701
339311288;19702
339327962;19703
339344636;19704
339361309;19705
339377983;19706
339394656;19707
339411330;19708
339428004;19709
339444677;19710
339461351;19711
339478025;19712
339494698;19713
339511372;19714
339528045;19715
339544719;19716
339561393;19717
339578066;19718
339594740;19719
339611413;19720
339628087;19721
339644761;19722
339661434;19723
339678108;19724
339694782;19725
339711455;19726
339728129;19727
339744803;19728
339761476;19729
339794823;19730
339811497;19731
339828171;19732
339844844;19733
339861518;19734
339878191;19735
339894865;19736
339911539;19737
339928212;19738
339944886;19739
339961560;19740
339978233;19741
339994907;19742
340011580;19743
340028254;19744
340044928;19745
340061601;19746
340078275;19747
340094949;19748
340111622;19749
340128296;19750
340144970;19751
340161643;19752
340178317;19753
340194990;19754
340211664;19755
340228338;19756
340245011;19757
340261685;19758
340295032;19759
340311706;19760
340328379;19761
340345053;19762
340361727;19763
340378400;19764
340395074;19765
340411747;19766
340428421;19767
340445095;19768
340461768;19769
340478442;19770
340495115;19771
340511789;19772
340528463;19773
340545136;19774
340561810;19775
340578484;19776
340595157;19777
340611831;19778
340628504;19779
340645178;19780
340661852;19781
340678525;19782
340695199;19783
340711873;19784
340728546;19785
340745220;19786
340761894;19787
340795241;19788
340811914;19789
340828588;19790
340845262;19791
340861935;19792
340878609;19793
340895282;19794
340911956;19795
340928630;19796
340945303;19797
340961977;19798
340978651;19799
340995324;19800
341011998;19801
341028671;19802
341045345;19803
341062019;19804
341078692;19805
341095366;19806
341112040;19807
341128713;19808
341145387;19809
341162060;19810
341178734;19811
341195408;19812
341212081;19813
341228755;19814
341245429;19815
341262102;19816
341295449;19817
341312123;19818
341328797;19819
341345470;19820
341362144;19821
341378817;19822
341395491;19823
341412165;19824
341428838;19825
341445512;19826
341462186;19827
341478859;19828
341495533;19829
341512206;19830
341528880;19831
341545554;19832
341562227;19833
341578901;19834
341595575;19835
341612248;19836
341628922;19837
341645595;19838
341662269;19839
341678943;19840
341695616;19841
341712290;19842
341728964;19843
341745637;19844
341762311;19845
341795658;19846
341812332;19847
341829005;19848
341845679;19849
341862352;19850
341879026;19851
341895700;19852
341912373;19853
341929047;19854
341945721;19855
341962394;19856
341979068;19857
341995741;19858
342012415;19859
342029089;19860
342045762;19861
342062436;19862
342079110;19863
342095783;19864
342112457;19865
342129130;19866
342145804;19867
342162478;19868
342179151;19869
342195825;19870
342212499;19871
342229172;19872
342245846;19873
342262519;19874
342295867;19875
342312540;19876
342329214;19877
342345888;19878
342362561;19879
342379235;19880
342395908;19881
342412582;19882
342429256;19883
342445929;19884
342462603;19885
342479277;19886
342495950;19887
342512624;19888
342529297;19889
342545971;19890
342562645;19891
342579318;19892
342595992;19893
342612666;19894
342629339;19895
342646013;19896
342662686;19897
342679360;19898
342696034;19899
342712707;19900
342729381;19901
342746054;19902
342762728;19903
342796075;19904
342812749;19905
342829423;19906
342846096;19907
342862770;19908
342879443;19909
342896117;19910
342912791;19911
342929464;19912
342946138;19913
342962812;19914
342979485;19915
342996159;19916
343012832;19917
343029506;19918
343046180;19919
343062853;19920
343079527;19921
343096201;19922
343112874;19923
343129548;19924
343146221;19925
343162895;19926
343179569;19927
343196242;19928
343212916;19929
343229590;19930
343246263;19931
343262937;19932
343296284;19933
343312958;19934
343329631;19935
343346305;19936
343362979;19937
343379652;19938
343396326;19939
343412999;19940
343429673;19941
343446347;19942
343463020;19943
343479694;19944
343496368;19945
343513041;19946
343529715;19947
343546388;19948
343563062;19949
343579736;19950
343596409;19951
343613083;19952
343629756;19953
343646430;19954
343663104;19955
343679777;19956
343696451;19957
343713125;19958
343729798;19959
343746472;19960
343763145;19961
343796493;19962
343813166;19963
343829840;19964
343846514;19965
343863187;19966
343879861;19967
343896534;19968
343913208;19969
343929882;19970
343946555;19971
343963229;19972
343979903;19973
343996576;19974
344013250;19975
344029923;19976
344046597;19977
344063271;19978
344079944;19979
344096618;19980
344113291;19981
344129965;19982
344146639;19983
344163312;19984
344179986;19985
344196660;19986
344213333;19987
344230007;19988
344246681;19989
344263354;19990
344296701;19991
344313375;19992
344330049;19993
344346722;19994
344363396;19995
344380070;19996
344396743;19997
344413417;19998
344430090;19999
344446764;20000
344463438;20001
344480111;20002
344496785;20003
344513458;20004
344530132;20005
344546806;20006
344563479;20007
344580153;20008
344596827;20009
344613500;20010
344630174;20011
344646847;20012
344663521;20013
344680195;20014
344696868;20015
344713542;20016
344730216;20017
344746889;20018
344763563;20019
344796910;20020
344813584;20021
344830257;20022
344846931;20023
344863605;20024
344880278;20025
344896952;20026
344913625;20027
344930299;20028
344946973;20029
344963646;20030
344980320;20031
344996993;20032
345013667;20033
345030341;20034
345047014;20035
345063688;20036
345080362;20037
345097035;20038
345113709;20039
345130382;20040
345147056;20041
345163730;20042
345180403;20043
345197077;20044
345213751;20045
345230424;20046
345247098;20047
345263771;20048
345297119;20049
345313792;20050
345330466;20051
345347140;20052
345363813;20053
345380487;20054
345397160;20055
345413834;20056
345430508;20057
345447181;20058
345463855;20059
345480528;20060
345497202;20061
345513876;20062
345530549;20063
345547223;20064
345563897;20065
345580570;20066
345597244;20067
345613918;20068
345630591;20069
345647265;20070
345663938;20071
345680612;20072
345697286;20073
345713959;20074
345730633;20075
345747307;20076
345763980;20077
345797327;20078
345814001;20079
345830675;20080
345847348;20081
345864022;20082
345880695;20083
345897369;20084
345914043;20085
345930716;20086
345947390;20087
345964064;20088
345980737;20089
345997411;20090
346014084;20091
346030758;20092
346047432;20093
346064105;20094
346080779;20095
346097452;20096
346114126;20097
346130800;20098
346147473;20099
346164147;20100
346180821;20101
346197494;20102
346214168;20103
346230842;20104
346247515;20105
346264189;20106
346297536;20107
346314210;20108
346330883;20109
346347557;20110
346364230;20111
346380904;20112
346397578;20113
346414251;20114
346430925;20115
346447599;20116
346464272;20117
346480946;20118
346497620;20119
346514293;20120
346530967;20121
346547640;20122
346564314;20123
346580988;20124
346597661;20125
346614335;20126
346631008;20127
346647682;20128
346664356;20129
346681029;20130
346697703;20131
346714376;20132
346731050;20133
346747724;20134
346764397;20135
346797745;20136
346814418;20137
346831092;20138
346847765;20139
346864439;20140
346881113;20141
346897786;20142
346914460;20143
346931134;20144
346947807;20145
346964481;20146
346981155;20147
346997828;20148
347014502;20149
347031175;20150
347047849;20151
347064523;20152
347081196;20153
347097870;20154
347114543;20155
347131217;20156
347147891;20157
347164564;20158
347181238;20159
347197912;20160
347214585;20161
347231259;20162
347247932;20163
347264606;20164
347297953;20165
347314627;20166
347331301;20167
347347974;20168
347364648;20169
347381321;20170
347397995;20171
347414669;20172
347431342;20173
347448016;20174
347464690;20175
347481363;20176
347498037;20177
347514710;20178
347531384;20179
347548058;20180
347564731;20181
347581405;20182
347598078;20183
347614752;20184
347631426;20185
347648099;20186
347664773;20187
347681447;20188
347698120;20189
347714794;20190
347731467;20191
347748141;20192
347764815;20193
347798162;20194
347814835;20195
347831509;20196
347848183;20197
347864856;20198
347881530;20199
347898204;20200
347914877;20201
347931551;20202
347948224;20203
347964898;20204
347981572;20205
347998245;20206
348014919;20207
348031593;20208
348048266;20209
348064940;20210
348081613;20211
348098287;20212
348114961;20213
348131634;20214
348148308;20215
348164982;20216
348181655;20217
348198329;20218
348215002;20219
348231676;20220
348248350;20221
348265023;20222
348298371;20223
348315044;20224
348331718;20225
348348391;20226
348365065;20227
348381739;20228
348398412;20229
348415086;20230
348431760;20231
348448433;20232
348465107;20233
348481780;20234
348498454;20235
348515128;20236
348531801;20237
348548475;20238
348565148;20239
348581822;20240
348598496;20241
348615169;20242
348631843;20243
348648517;20244
348665190;20245
348681864;20246
348698537;20247
348715211;20248
348731885;20249
348748558;20250
348765232;20251
348798579;20252
348815253;20253
348831926;20254
348848600;20255
348865274;20256
348881947;20257
348898621;20258
348915294;20259
348931968;20260
348948642;20261
348965315;20262
348981989;20263
348998663;20264
349015336;20265
349032010;20266
349048683;20267
349065357;20268
349082031;20269
349098704;20270
349115378;20271
349132052;20272
349148725;20273
349165399;20274
349182072;20275
349198746;20276
349215420;20277
349232093;20278
349248767;20279
349265440;20280
349298788;20281
349315461;20282
349332135;20283
349348809;20284
349365482;20285
349382156;20286
349398830;20287
349415503;20288
349432177;20289
349448850;20290
349465524;20291
349482198;20292
349498871;20293
349515545;20294
349532218;20295
349548892;20296
349565566;20297
349582239;20298
349598913;20299
349615587;20300
349632260;20301
349648934;20302
349665607;20303
349682281;20304
349698955;20305
349715628;20306
349732302;20307
349748976;20308
349765649;20309
349798996;20310
349815670;20311
349832344;20312
349849017;20313
349865691;20314
349882365;20315
349899038;20316
349915712;20317
349932385;20318
349949059;20319
349965733;20320
349982406;20321
349999080;20322
350015753;20323
350032427;20324
350049101;20325
350065774;20326
350082448;20327
350099122;20328
350115795;20329
350132469;20330
350149142;20331
350165816;20332
350182490;20333
350199163;20334
350215837;20335
350232511;20336
350249184;20337
350265858;20338
350299205;20339
350315879;20340
350332552;20341
350349226;20342
350365900;20343
350382573;20344
350399247;20345
350415920;20346
350432594;20347
350449268;20348
350465941;20349
350482615;20350
350499288;20351
350515962;20352
350532636;20353
350549309;20354
350565983;20355
350582657;20356
350599330;20357
350616004;20358
350632678;20359
350649351;20360
350666025;20361
350682698;20362
350699372;20363
350716046;20364
350732719;20365
350749393;20366
350766066;20367
350799414;20368
350816087;20369
350832761;20370
350849435;20371
350866108;20372
350882782;20373
350899455;20374
350916129;20375
350932803;20376
350949476;20377
350966150;20378
350982823;20379
350999497;20380
351016171;20381
351032844;20382
351049518;20383
351066192;20384
351082865;20385
351099539;20386
351116213;20387
351132886;20388
351149560;20389
351166233;20390
351182907;20391
351199581;20392
351216254;20393
351232928;20394
351249601;20395
351266275;20396
351299622;20397
351316296;20398
351332970;20399
351349643;20400
351366317;20401
351382990;20402
351399664;20403
351416338;20404
351433011;20405
351449685;20406
351466359;20407
351483032;20408
351499706;20409
351516379;20410
351533053;20411
351549727;20412
351566400;20413
351583074;20414
351599747;20415
351616421;20416
351633095;20417
351649768;20418
351666442;20419
351683116;20420
351699789;20421
351716463;20422
351733137;20423
351749810;20424
351766484;20425
351799831;20426
351816505;20427
351833178;20428
351849852;20429
351866525;20430
351883199;20431
351899873;20432
351916546;20433
351933220;20434
351949893;20435
351966567;20436
351983241;20437
351999914;20438
352016588;20439
352033262;20440
352049935;20441
352066609;20442
352083283;20443
352099956;20444
352116630;20445
352133303;20446
352149977;20447
352166651;20448
352183324;20449
352199998;20450
352216672;20451
352233345;20452
352250019;20453
352266692;20454
352300040;20455
352316713;20456
352333387;20457
352350060;20458
352366734;20459
352383408;20460
352400081;20461
352416755;20462
352433428;20463
352450102;20464
352466776;20465
352483449;20466
352500123;20467
352516797;20468
352533470;20469
352550144;20470
352566817;20471
352583491;20472
352600165;20473
352616838;20474
352633512;20475
352650186;20476
352666859;20477
352683533;20478
352700206;20479
352716880;20480
352733554;20481
352750227;20482
352766901;20483
352800248;20484
352816922;20485
352833595;20486
352850269;20487
352866943;20488
352883616;20489
352900290;20490
352916964;20491
352933637;20492
352950311;20493
352966984;20494
352983658;20495
353000332;20496
353017005;20497
353033679;20498
353050352;20499
353067026;20500
353083700;20501
353100373;20502
353117047;20503
353133721;20504
353150394;20505
353167068;20506
353183741;20507
353200415;20508
353217089;20509
353233762;20510
353250436;20511
353267110;20512
353300457;20513
353317130;20514
353333804;20515
353350478;20516
353367151;20517
353383825;20518
353400499;20519
353417172;20520
353433846;20521
353450519;20522
353467193;20523
353483867;20524
353500540;20525
353517214;20526
353533888;20527
353550561;20528
353567235;20529
353583908;20530
353600582;20531
353617256;20532
353633929;20533
353650603;20534
353667276;20535
353683950;20536
353700624;20537
353717297;20538
353733971;20539
353750645;20540
353767318;20541
353800665;20542
353817339;20543
353834013;20544
353850686;20545
353867360;20546
353884034;20547
353900707;20548
353917381;20549
353934054;20550
353950728;20551
353967402;20552
353984075;20553
354000749;20554
354017423;20555
354034096;20556
354050770;20557
354067443;20558
354084117;20559
354100791;20560
354117464;20561
354134138;20562
354150812;20563
354167485;20564
354184159;20565
354200832;20566
354217506;20567
354234180;20568
354250853;20569
354267527;20570
354300874;20571
354317548;20572
354334221;20573
354350895;20574
354367569;20575
354384242;20576
354400916;20577
354417589;20578
354434263;20579
354450937;20580
354467610;20581
354484284;20582
354500958;20583
354517631;20584
354534305;20585
354550978;20586
354567652;20587
354584326;20588
354600999;20589
354617673;20590
354634346;20591
354651020;20592
354667694;20593
354684367;20594
354701041;20595
354717715;20596
354734388;20597
354751062;20598
354767735;20599
354801083;20600
354817756;20601
354834430;20602
354851104;20603
354867777;20604
354884451;20605
354901124;20606
354917798;20607
354934472;20608
354951145;20609
354967819;20610
354984493;20611
355001166;20612
355017840;20613
355034513;20614
355051187;20615
355067861;20616
355084534;20617
355101208;20618
355117882;20619
355134555;20620
355151229;20621
355167902;20622
355184576;20623
355201250;20624
355217923;20625
355234597;20626
355251270;20627
355267944;20628
355301291;20629
355317965;20630
355334639;20631
355351312;20632
355367986;20633
355384659;20634
355401333;20635
355418007;20636
355434680;20637
355451354;20638
355468028;20639
355484701;20640
355501375;20641
355518048;20642
355534722;20643
355551396;20644
355568069;20645
355584743;20646
355601417;20647
355618090;20648
355634764;20649
355651437;20650
355668111;20651
355684785;20652
355701458;20653
355718132;20654
355734805;20655
355751479;20656
355768153;20657
355801500;20658
355818174;20659
355834847;20660
355851521;20661
355868195;20662
355884868;20663
355901542;20664
355918215;20665
355934889;20666
355951563;20667
355968236;20668
355984910;20669
356001583;20670
356018257;20671
356034931;20672
356051604;20673
356068278;20674
356084952;20675
356101625;20676
356118299;20677
356134972;20678
356151646;20679
356168320;20680
356184993;20681
356201667;20682
356218340;20683
356235014;20684
356251688;20685
356268361;20686
356301709;20687
356318382;20688
356335056;20689
356351729;20690
356368403;20691
356385077;20692
356401750;20693
356418424;20694
356435098;20695
356451771;20696
356468445;20697
356485118;20698
356501792;20699
356518466;20700
356535139;20701
356551813;20702
356568486;20703
356585160;20704
356601834;20705
356618507;20706
356635181;20707
356651855;20708
356668528;20709
356685202;20710
356701876;20711
356718549;20712
356735223;20713
356751896;20714
356768570;20715
356801917;20716
356818591;20717
356835265;20718
356851938;20719
356868612;20720
356885285;20721
356901959;20722
356918633;20723
356935306;20724
356951980;20725
356968653;20726
356985327;20727
357002001;20728
357018674;20729
357035348;20730
357052022;20731
357068695;20732
357085369;20733
357102042;20734
357118716;20735
357135390;20736
357152063;20737
357168737;20738
357185410;20739
357202084;20740
357218758;20741
357235431;20742
357252105;20743
357268779;20744
357302126;20745
357318799;20746
357335473;20747
357352147;20748
357368820;20749
357385494;20750
357402168;20751
357418841;20752
357435515;20753
357452189;20754
357468862;20755
357485536;20756
357502209;20757
357518883;20758
357535557;20759
357552230;20760
357568904;20761
357585577;20762
357602251;20763
357618925;20764
357635598;20765
357652272;20766
357668946;20767
357685619;20768
357702293;20769
357718966;20770
357735640;20771
357752314;20772
357768987;20773
357802335;20774
357819008;20775
357835682;20776
357852355;20777
357869029;20778
357885703;20779
357902376;20780
357919050;20781
357935723;20782
357952397;20783
357969071;20784
357985744;20785
358002418;20786
358019092;20787
358035765;20788
358052439;20789
358069112;20790
358085786;20791
358102460;20792
358119133;20793
358135807;20794
358152481;20795
358169154;20796
358185828;20797
358202501;20798
358219175;20799
358235849;20800
358252522;20801
358269196;20802
358302543;20803
358319217;20804
358335890;20805
358352564;20806
358369238;20807
358385911;20808
358402585;20809
358419258;20810
358435932;20811
358452606;20812
358469279;20813
358485953;20814
358502627;20815
358519300;20816
358535974;20817
358552647;20818
358569321;20819
358585995;20820
358602668;20821
358619342;20822
358636015;20823
358652689;20824
358669363;20825
358686036;20826
358702710;20827
358719384;20828
358736057;20829
358752731;20830
358769404;20831
358802752;20832
358819425;20833
358836099;20834
358852772;20835
358869446;20836
358886120;20837
358902793;20838
358919467;20839
358936141;20840
358952814;20841
358969488;20842
358986161;20843
359002835;20844
359019509;20845
359036182;20846
359052856;20847
359069530;20848
359086203;20849
359102877;20850
359119550;20851
359136224;20852
359152898;20853
359169571;20854
359186245;20855
359202919;20856
359219592;20857
359236266;20858
359252939;20859
359269613;20860
359302960;20861
359319634;20862
359336308;20863
359352981;20864
359369655;20865
359386328;20866
359403002;20867
359419676;20868
359436349;20869
359453023;20870
359469696;20871
359486370;20872
359503044;20873
359519717;20874
359536391;20875
359553065;20876
359569738;20877
359586412;20878
359603085;20879
359619759;20880
359636433;20881
359653106;20882
359669780;20883
359686453;20884
359703127;20885
359719801;20886
359736474;20887
359753148;20888
359769822;20889
359803169;20890
359819843;20891
359836516;20892
359853190;20893
359869863;20894
359886537;20895
359903211;20896
359919884;20897
359936558;20898
359953231;20899
359969905;20900
359986579;20901
360003252;20902
360019926;20903
360036599;20904
360053273;20905
360069947;20906
360086620;20907
360103294;20908
360119968;20909
360136641;20910
360153315;20911
360169988;20912
360186662;20913
360203336;20914
360220009;20915
360236683;20916
360253356;20917
360270030;20918
360303377;20919
360320051;20920
360336725;20921
360353398;20922
360370072;20923
360386745;20924
360403419;20925
360420093;20926
360436766;20927
360453440;20928
360470114;20929
360486787;20930
360503461;20931
360520134;20932
360536808;20933
360553482;20934
360570155;20935
360586829;20936
360603503;20937
360620176;20938
360636850;20939
360653523;20940
360670197;20941
360686871;20942
360703544;20943
360720218;20944
360736892;20945
360753565;20946
360770239;20947
360803586;20948
360820260;20949
360836933;20950
360853607;20951
360870281;20952
360886954;20953
360903628;20954
360920301;20955
360936975;20956
360953649;20957
360970322;20958
360986996;20959
361003669;20960
361020343;20961
361037017;20962
361053690;20963
361070364;20964
361087038;20965
361103711;20966
361120385;20967
361137058;20968
361153732;20969
361170406;20970
361187079;20971
361203753;20972
361220427;20973
361237100;20974
361253774;20975
361270447;20976
361303795;20977
361320468;20978
361337142;20979
361353815;20980
361370489;20981
361387163;20982
361403836;20983
361420510;20984
361437184;20985
361453857;20986
361470531;20987
361487204;20988
361503878;20989
361520552;20990
361537225;20991
361553899;20992
361570573;20993
361587246;20994
361603920;20995
361620593;20996
361637267;20997
361653941;20998
361670614;20999
361687288;21000
361703961;21001
361720635;21002
361737309;21003
361753982;21004
361770656;21005
361804003;21006
361820677;21007
361837350;21008
361854024;21009
361870698;21010
361887371;21011
361904045;21012
361920719;21013
361937392;21014
361954066;21015
361970739;21016
361987413;21017
362004087;21018
362020760;21019
362037434;21020
362054108;21021
362070781;21022
362087455;21023
362104129;21024
362120802;21025
362137476;21026
362154149;21027
362170823;21028
362187496;21029
362204170;21030
362220844;21031
362237517;21032
362254191;21033
362270865;21034
362304212;21035
362320886;21036
362337559;21037
362354233;21038
362370906;21039
362387580;21040
362404254;21041
362420927;21042
362437601;21043
362454275;21044
362470948;21045
362487622;21046
362504295;21047
362520969;21048
362537643;21049
362554316;21050
362570990;21051
362587664;21052
362604337;21053
362621011;21054
362637684;21055
362654358;21056
362671032;21057
362687705;21058
362704379;21059
362721052;21060
362737726;21061
362754400;21062
362771073;21063
362804420;21064
362821094;21065
362837768;21066
362854441;21067
362871115;21068
362887789;21069
362904462;21070
362921136;21071
362937810;21072
362954483;21073
362971157;21074
362987830;21075
363004504;21076
363021178;21077
363037851;21078
363054525;21079
363071199;21080
363087872;21081
363104546;21082
363121219;21083
363137893;21084
363154567;21085
363171240;21086
363187914;21087
363204587;21088
363221261;21089
363237935;21090
363254608;21091
363271282;21092
363304629;21093
363321303;21094
363337976;21095
363354650;21096
363371324;21097
363387997;21098
363404671;21099
363421344;21100
363438018;21101
363454692;21102
363471365;21103
363488039;21104
363504713;21105
363521386;21106
363538060;21107
363554734;21108
363571407;21109
363588081;21110
363604754;21111
363621428;21112
363638102;21113
363654775;21114
363671449;21115
363688123;21116
363704796;21117
363721470;21118
363738143;21119
363754817;21120
363771491;21121
363804838;21122
363821512;21123
363838185;21124
363854859;21125
363871532;21126
363888206;21127
363904880;21128
363921553;21129
363938227;21130
363954900;21131
363971574;21132
363988248;21133
364004921;21134
364021595;21135
364038269;21136
364054942;21137
364071616;21138
364088289;21139
364104963;21140
364121637;21141
364138310;21142
364154984;21143
364171657;21144
364188331;21145
364205005;21146
364221678;21147
364238352;21148
364255026;21149
364271699;21150
364305047;21151
364321720;21152
364338394;21153
364355067;21154
364371741;21155
364388415;21156
364405088;21157
364421762;21158
364438435;21159
364455109;21160
364471783;21161
364488456;21162
364505130;21163
364521804;21164
364538477;21165
364555151;21166
364571824;21167
364588498;21168
364605172;21169
364621845;21170
364638519;21171
364655193;21172
364671866;21173
364688540;21174
364705213;21175
364721887;21176
364738561;21177
364755234;21178
364771908;21179
364805255;21180
364821929;21181
364838602;21182
364855276;21183
364871950;21184
364888623;21185
364905297;21186
364921970;21187
364938644;21188
364955318;21189
364971991;21190
364988665;21191
365005339;21192
365022012;21193
365038686;21194
365055359;21195
365072033;21196
365088707;21197
365105380;21198
365122054;21199
365138728;21200
365155401;21201
365172075;21202
365188748;21203
365205422;21204
365222096;21205
365238769;21206
365255443;21207
365272117;21208
365305464;21209
365322137;21210
365338811;21211
365355485;21212
365372158;21213
365388832;21214
365405506;21215
365422179;21216
365438853;21217
365455526;21218
365472200;21219
365488874;21220
365505547;21221
365522221;21222
365538895;21223
365555568;21224
365572242;21225
365588915;21226
365605589;21227
365622263;21228
365638936;21229
365655610;21230
365672283;21231
365688957;21232
365705631;21233
365722304;21234
365738978;21235
365755652;21236
365772325;21237
365805672;21238
365822346;21239
365839020;21240
365855693;21241
365872367;21242
365889041;21243
365905714;21244
365922388;21245
365939061;21246
365955735;21247
365972409;21248
365989082;21249
366005756;21250
366022430;21251
366039103;21252
366055777;21253
366072450;21254
366089124;21255
366105798;21256
366122471;21257
366139145;21258
366155819;21259
366172492;21260
366189166;21261
366205839;21262
366222513;21263
366239187;21264
366255860;21265
366272534;21266
366305881;21267
366322555;21268
366339228;21269
366355902;21270
366372576;21271
366389249;21272
366405923;21273
366422597;21274
366439270;21275
366455944;21276
366472617;21277
366489291;21278
366505965;21279
366522638;21280
366539312;21281
366555986;21282
366572659;21283
366589333;21284
366606006;21285
366622680;21286
366639354;21287
366656027;21288
366672701;21289
366689374;21290
366706048;21291
366722722;21292
366739395;21293
366756069;21294
366772743;21295
366806090;21296
366822763;21297
366839437;21298
366856111;21299
366872784;21300
366889458;21301
366906132;21302
366922805;21303
366939479;21304
366956152;21305
366972826;21306
366989500;21307
367006173;21308
367022847;21309
367039521;21310
367056194;21311
367072868;21312
367089541;21313
367106215;21314
367122889;21315
367139562;21316
367156236;21317
367172909;21318
367189583;21319
367206257;21320
367222930;21321
367239604;21322
367256278;21323
367272951;21324
367306298;21325
367322972;21326
367339646;21327
367356319;21328
367372993;21329
367389667;21330
367406340;21331
367423014;21332
367439687;21333
367456361;21334
367473035;21335
367489708;21336
367506382;21337
367523056;21338
367539729;21339
367556403;21340
367573076;21341
367589750;21342
367606424;21343
367623097;21344
367639771;21345
367656445;21346
367673118;21347
367689792;21348
367706465;21349
367723139;21350
367739813;21351
367756486;21352
367773160;21353
367806507;21354
367823181;21355
367839854;21356
367856528;21357
367873202;21358
367889875;21359
367906549;21360
367923223;21361
367939896;21362
367956570;21363
367973243;21364
367989917;21365
368006591;21366
368023264;21367
368039938;21368
368056612;21369
368073285;21370
368089959;21371
368106632;21372
368123306;21373
368139980;21374
368156653;21375
368173327;21376
368190001;21377
368206674;21378
368223348;21379
368240021;21380
368256695;21381
368273369;21382
368306716;21383
368323389;21384
368340063;21385
368356737;21386
368373410;21387
368390084;21388
368406758;21389
368423431;21390
368440105;21391
368456778;21392
368473452;21393
368490126;21394
368506799;21395
368523473;21396
368540147;21397
368556820;21398
368573494;21399
368590167;21400
368606841;21401
368623515;21402
368640188;21403
368656862;21404
368673536;21405
368690209;21406
368706883;21407
368723556;21408
368740230;21409
368756904;21410
368773577;21411
368806925;21412
368823598;21413
368840272;21414
368856945;21415
368873619;21416
368890293;21417
368906966;21418
368923640;21419
368940313;21420
368956987;21421
368973661;21422
368990334;21423
369007008;21424
369023682;21425
369040355;21426
369057029;21427
369073702;21428
369090376;21429
369107050;21430
369123723;21431
369140397;21432
369157071;21433
369173744;21434
369190418;21435
369207091;21436
369223765;21437
369240439;21438
369257112;21439
369273786;21440
369307133;21441
369323807;21442
369340480;21443
369357154;21444
369373828;21445
369390501;21446
369407175;21447
369423849;21448
369440522;21449
369457196;21450
369473869;21451
369490543;21452
369507217;21453
369523890;21454
369540564;21455
369557238;21456
369573911;21457
369590585;21458
369607258;21459
369623932;21460
369640606;21461
369657279;21462
369673953;21463
369690626;21464
369707300;21465
369723974;21466
369740647;21467
369757321;21468
369773995;21469
369807342;21470
369824016;21471
369840689;21472
369857363;21473
369874036;21474
369890710;21475
369907384;21476
369924057;21477
369940731;21478
369957405;21479
369974078;21480
369990752;21481
370007425;21482
370024099;21483
370040773;21484
370057446;21485
370074120;21486
370090793;21487
370107467;21488
370124141;21489
370140814;21490
370157488;21491
370174162;21492
370190835;21493
370207509;21494
370224182;21495
370240856;21496
370257530;21497
370274203;21498
370307551;21499
370324224;21500
370340898;21501
370357571;21502
370374245;21503
370390919;21504
370407592;21505
370424266;21506
370440940;21507
370457613;21508
370474287;21509
370490960;21510
370507634;21511
370524308;21512
370540981;21513
370557655;21514
370574329;21515
370591002;21516
370607676;21517
370624349;21518
370641023;21519
370657697;21520
370674370;21521
370691044;21522
370707718;21523
370724391;21524
370741065;21525
370757738;21526
370774412;21527
370807759;21528
370824433;21529
370841107;21530
370857780;21531
370874454;21532
370891127;21533
370907801;21534
370924475;21535
370941148;21536
370957822;21537
370974496;21538
370991169;21539
371007843;21540
371024516;21541
371041190;21542
371057864;21543
371074537;21544
371091211;21545
371107884;21546
371124558;21547
371141232;21548
371157905;21549
371174579;21550
371191253;21551
371207926;21552
371224600;21553
371241274;21554
371257947;21555
371274621;21556
371307968;21557
371324642;21558
371341315;21559
371357989;21560
371374662;21561
371391336;21562
371408010;21563
371424683;21564
371441357;21565
371458031;21566
371474704;21567
371491378;21568
371508051;21569
371524725;21570
371541399;21571
371558072;21572
371574746;21573
371591420;21574
371608093;21575
371624767;21576
371641440;21577
371658114;21578
371674788;21579
371691461;21580
371708135;21581
371724809;21582
371741482;21583
371758156;21584
371774830;21585
371808177;21586
371824850;21587
371841524;21588
371858198;21589
371874871;21590
371891545;21591
371908218;21592
371924892;21593
371941566;21594
371958239;21595
371974913;21596
371991587;21597
372008260;21598
372024934;21599
372041607;21600
372058281;21601
372074955;21602
372091628;21603
372108302;21604
372124976;21605
372141649;21606
372158323;21607
372174997;21608
372191670;21609
372208344;21610
372225017;21611
372241691;21612
372258365;21613
372275038;21614
372308385;21615
372325059;21616
372341733;21617
372358406;21618
372375080;21619
372391754;21620
372408427;21621
372425101;21622
372441775;21623
372458448;21624
372475122;21625
372491795;21626
372508469;21627
372525143;21628
372541816;21629
372558490;21630
372575164;21631
372591837;21632
372608511;21633
372625184;21634
372641858;21635
372658532;21636
372675205;21637
372691879;21638
372708552;21639
372725226;21640
372741900;21641
372758573;21642
372775247;21643
372808594;21644
372825268;21645
372841941;21646
372858615;21647
372875289;21648
372891962;21649
372908636;21650
372925310;21651
372941983;21652
372958657;21653
372975330;21654
372992004;21655
373008678;21656
373025351;21657
373042025;21658
373058699;21659
373075372;21660
373092046;21661
373108720;21662
373125393;21663
373142067;21664
373158740;21665
373175414;21666
373192088;21667
373208761;21668
373225435;21669
373242108;21670
373258782;21671
373275456;21672
373308803;21673
373325477;21674
373342150;21675
373358824;21676
373375497;21677
373392171;21678
373408845;21679
373425518;21680
373442192;21681
373458866;21682
373475539;21683
373492213;21684
373508887;21685
373525560;21686
373542234;21687
373558907;21688
373575581;21689
373592255;21690
373608928;21691
373625602;21692
373642275;21693
373658949;21694
373675623;21695
373692296;21696
373708970;21697
373725644;21698
373742317;21699
373758991;21700
373775664;21701
373809012;21702
373825685;21703
373842359;21704
373859033;21705
373875706;21706
373892380;21707
373909053;21708
373925727;21709
373942401;21710
373959074;21711
373975748;21712
373992422;21713
374009095;21714
374025769;21715
374042442;21716
374059116;21717
374075790;21718
374092463;21719
374109137;21720
374125811;21721
374142484;21722
374159158;21723
374175831;21724
374192505;21725
374209179;21726
374225852;21727
374242526;21728
374259200;21729
374275873;21730
374309221;21731
374325894;21732
374342568;21733
374359241;21734
374375915;21735
374392589;21736
374409262;21737
374425936;21738
374442610;21739
374459283;21740
374475957;21741
374492630;21742
374509304;21743
374525978;21744
374542651;21745
374559325;21746
374575999;21747
374592672;21748
374609346;21749
374626019;21750
374642693;21751
374659367;21752
374676040;21753
374692714;21754
374709388;21755
374726061;21756
374742735;21757
374759408;21758
374776082;21759
374809429;21760
374826103;21761
374842776;21762
374859450;21763
374876124;21764
374892797;21765
374909471;21766
374926145;21767
374942818;21768
374959492;21769
374976165;21770
374992839;21771
375009513;21772
375026186;21773
375042860;21774
375059534;21775
375076207;21776
375092881;21777
375109555;21778
375126228;21779
375142902;21780
375159575;21781
375176249;21782
375192923;21783
375209596;21784
375226270;21785
375242944;21786
375259617;21787
375276291;21788
375309638;21789
375326312;21790
375342985;21791
375359659;21792
375376333;21793
375393006;21794
375409680;21795
375426353;21796
375443027;21797
375459701;21798
375476374;21799
375493048;21800
375509722;21801
375526395;21802
375543069;21803
375559742;21804
375576416;21805
375593090;21806
375609763;21807
375626437;21808
375643111;21809
375659784;21810
375676458;21811
375693131;21812
375709805;21813
375726479;21814
375743152;21815
375759826;21816
375776499;21817
375809847;21818
375826520;21819
375843194;21820
375859868;21821
375876541;21822
375893215;21823
375909889;21824
375926562;21825
375943236;21826
375959909;21827
375976583;21828
375993257;21829
376009930;21830
376026604;21831
376043278;21832
376059951;21833
376076625;21834
376093298;21835
376109972;21836
376126646;21837
376143319;21838
376159993;21839
376176667;21840
376193340;21841
376210014;21842
376226687;21843
376243361;21844
376260035;21845
376276708;21846
376310056;21847
376326729;21848
376343403;21849
376360077;21850
376376750;21851
376393424;21852
376410097;21853
376426771;21854
376443445;21855
376460118;21856
376476792;21857
376493465;21858
376510139;21859
376526813;21860
376543486;21861
376560160;21862
376576834;21863
376593507;21864
376610181;21865
376626854;21866
376643528;21867
376660202;21868
376676875;21869
376693549;21870
376710223;21871
376726896;21872
376743570;21873
376760244;21874
376776917;21875
376810264;21876
376826938;21877
376843612;21878
376860285;21879
376876959;21880
376893633;21881
376910306;21882
376926980;21883
376943653;21884
376960327;21885
376977001;21886
376993674;21887
377010348;21888
377027022;21889
377043695;21890
377060369;21891
377077042;21892
377093716;21893
377110390;21894
377127063;21895
377143737;21896
377160411;21897
377177084;21898
377193758;21899
377210431;21900
377227105;21901
377243779;21902
377260452;21903
377277126;21904
377310473;21905
377327147;21906
377343820;21907
377360494;21908
377377168;21909
377393841;21910
377410515;21911
377427188;21912
377443862;21913
377460536;21914
377477209;21915
377493883;21916
377510557;21917
377527230;21918
377543904;21919
377560577;21920
377577251;21921
377593925;21922
377610598;21923
377627272;21924
377643946;21925
377660619;21926
377677293;21927
377693967;21928
377710640;21929
377727314;21930
377743987;21931
377760661;21932
377777335;21933
377810682;21934
377827356;21935
377844029;21936
377860703;21937
377877376;21938
377894050;21939
377910724;21940
377927397;21941
377944071;21942
377960745;21943
377977418;21944
377994092;21945
378010765;21946
378027439;21947
378044113;21948
378060786;21949
378077460;21950
378094134;21951
378110807;21952
378127481;21953
378144154;21954
378160828;21955
378177502;21956
378194175;21957
378210849;21958
378227523;21959
378244196;21960
378260870;21961
378277543;21962
378310891;21963
378327564;21964
378344238;21965
378360912;21966
378377585;21967
378394259;21968
378410932;21969
378427606;21970
378444280;21971
378460953;21972
378477627;21973
378494301;21974
378510974;21975
378527648;21976
378544321;21977
378560995;21978
378577669;21979
378594342;21980
378611016;21981
378627690;21982
378644363;21983
378661037;21984
378677710;21985
378694384;21986
378711058;21987
378727731;21988
378744405;21989
378761079;21990
378777752;21991
378811099;21992
378827773;21993
378844447;21994
378861120;21995
378877794;21996
378894468;21997
378911141;21998
378927815;21999
378944489;22000
378961162;22001
378977836;22002
378994509;22003
379011183;22004
379027857;22005
379044530;22006
379061204;22007
379077878;22008
379094551;22009
379111225;22010
-1;-1
-1;-1
-1;-1
-1;-1
-1;-1
-1;-1
-1;-1
-1;-1
-1;-1
-1;-1
-1;-1
-1;-1
-1;-1
-1;-1
-1;-1
-1;-1
-1;-1
-1;-1
-1;-1
-1;-1
-1;-1
-1;-1
-1;-1
-1;-1
-1;-1
-1;-1
-1;-1
-1;-1
-1;-1
-1;-1
-1;-1
-1;-1
-1;-1
-1;-1
-1;-1
-1;-1
-1;-1
-1;-1
-1;-1
-1;-1
-1;-1
-1;-1
-1;-1
-1;-1
-1;-1
-1;-1
-1;-1
-1;-1
-1;-1
-1;-1
-1;-1
-1;-1
-1;-1
-1;-1
-1;-1
-1;-1
-1;-1
-1;-1
-1;-1
-1;-1
-1;-1
-1;-1
-1;-1
-1;-1
-1;-1
-1;-1
-1;-1
-1;-1
-1;-1
-1;-1
-1;-1
-1;-1
-1;-1
-1;-1
-1;-1
-1;-1
-1;-1
-1;-1
-1;-1
-1;-1
-1;-1
-1;-1
-1;-1
-1;-1
-1;-1
-1;-1
-1;-1
-1;-1
-1;-1
-1;-1
-1;-1
-1;-1
-1;-1
-1;-1
-1;-1
-1;-1
-1;-1
-1;-1
-1;-1
-1;-1
-1;-1
-1;-1
-1;-1
-1;-1
-1;-1
-1;-1
-1;-1
-1;-1
-1;-1
-1;-1
-1;-1
-1;-1
-1;-1
-1;-1
-1;-1
-1;-1
-1;-1
-1;-1
-1;-1
-1;-1
-1;-1
-1;-1
-1;-1
-1;-1
-1;-1
-1;-1
-1;-1
-1;-1
-1;-1
-1;-1
-1;-1
-1;-1
-1;-1
-1;-1
-1;-1
-1;-1
-1;-1
-1;-1
-1;-1
-1;-1
-1;-1
-1;-1
-1;-1
-1;-1
-1;-1
-1;-1
-1;-1
-1;-1
-1;-1
-1;-1
-1;-1
-1;-1
-1;-1
-1;-1
-1;-1
-1;-1
-1;-1
-1;-1
-1;-1
-1;-1
-1;-1
-1;-1
-1;-1
-1;-1
-1;-1
-1;-1
