296827065;17240
296843739;17241
296860412;17242
296877086;17243
296893760;17244
296910433;17245
296927107;17246
296943781;17247
296960454;17248
296977128;17249
296993801;17250
297010475;17251
297027149;17252
297043822;17253
297060496;17254
297077170;17255
297093843;17256
297110517;17257
297127190;17258
297143864;17259
297177211;17260
297193885;17261
297210559;17262
297227232;17263
297243906;17264
297260580;17265
297277253;17266
297293927;17267
297310600;17268
297327274;17269
297343948;17270
297360621;17271
297377295;17272
297393969;17273
297410642;17274
297427316;17275
297443989;17276
297460663;17277
297477337;17278
297494010;17279
297510684;17280
297527358;17281
297544031;17282
297560705;17283
297577379;17284
297594052;17285
297610726;17286
297627399;17287
297644073;17288
297677420;17289
297694094;17290
297710768;17291
297727441;17292
297744115;17293
297760788;17294
297777462;17295
297794136;17296
297810809;17297
297827483;17298
297844157;17299
297860830;17300
297877504;17301
297894178;17302
297910851;17303
297927525;17304
297944198;17305
297960872;17306
297977546;17307
297994219;17308
298010893;17309
298027567;17310
298044240;17311
298060914;17312
298077587;17313
298094261;17314
298110935;17315
298127608;17316
298144282;17317
298177629;17318
298194303;17319
298210976;17320
298227650;17321
298244324;17322
298260997;17323
298277671;17324
298294345;17325
298311018;17326
298327692;17327
298344365;17328
298361039;17329
298377713;17330
298394386;17331
298411060;17332
298427734;17333
298444407;17334
298461081;17335
298477754;17336
298494428;17337
298511102;17338
298527775;17339
298544449;17340
298561123;17341
298577796;17342
298594470;17343
298611144;17344
298627817;17345
298644491;17346
298677838;17347
298694512;17348
298711185;17349
298727859;17350
298744533;17351
298761206;17352
298777880;17353
298794554;17354
298811227;17355
298827901;17356
298844574;17357
298861248;17358
298877922;17359
298894595;17360
298911269;17361
298927943;17362
298944616;17363
298961290;17364
298977963;17365
298994637;17366
299011311;17367
299027984;17368
299044658;17369
299061332;17370
299078005;17371
299094679;17372
299111353;17373
299128026;17374
299144700;17375
299178047;17376
299194721;17377
299211394;17378
299228068;17379
299244742;17380
299261415;17381
299278089;17382
299294762;17383
299311436;17384
299328110;17385
299344783;17386
299361457;17387
299378131;17388
299394804;17389
299411478;17390
299428151;17391
299444825;17392
299461499;17393
299478172;17394
299494846;17395
299511520;17396
299528193;17397
299544867;17398
299561541;17399
299578214;17400
299594888;17401
299611561;17402
299628235;17403
299644909;17404
299678256;17405
299694930;17406
299711603;17407
299728277;17408
299744950;17409
299761624;17410
299778298;17411
299794971;17412
299811645;17413
299828319;17414
299844992;17415
299861666;17416
299878339;17417
299895013;17418
299911687;17419
299928360;17420
299945034;17421
299961708;17422
299978381;17423
299995055;17424
300011729;17425
300028402;17426
300045076;17427
300061749;17428
300078423;17429
300095097;17430
300111770;17431
300128444;17432
300145118;17433
300178465;17434
300195139;17435
300211812;17436
300228486;17437
300245159;17438
300261833;17439
300278507;17440
300295180;17441
300311854;17442
300328528;17443
300345201;17444
300361875;17445
300378548;17446
300395222;17447
300411896;17448
300428569;17449
300445243;17450
300461917;17451
300478590;17452
300495264;17453
300511938;17454
300528611;17455
300545285;17456
300561958;17457
300578632;17458
300595306;17459
300611979;17460
300628653;17461
300645327;17462
300678674;17463
300695347;17464
300712021;17465
300728695;17466
300745368;17467
300762042;17468
300778716;17469
300795389;17470
300812063;17471
300828736;17472
300845410;17473
300862084;17474
300878757;17475
300895431;17476
300912105;17477
300928778;17478
300945452;17479
300962126;17480
300978799;17481
300995473;17482
301012146;17483
301028820;17484
301045494;17485
301062167;17486
301078841;17487
301095515;17488
301112188;17489
301128862;17490
301145535;17491
301162209;17492
301195556;17493
301212230;17494
301228904;17495
301245577;17496
301262251;17497
301278925;17498
301295598;17499
301312272;17500
301328945;17501
301345619;17502
301362293;17503
301378966;17504
301395640;17505
301412314;17506
301428987;17507
301445661;17508
301462334;17509
301479008;17510
301495682;17511
301512355;17512
301529029;17513
301545703;17514
301562376;17515
301579050;17516
301595724;17517
301612397;17518
301629071;17519
301645744;17520
301662418;17521
301695765;17522
301712439;17523
301729113;17524
301745786;17525
301762460;17526
301779134;17527
301795807;17528
301812481;17529
301829154;17530
301845828;17531
301862502;17532
301879175;17533
301895849;17534
301912522;17535
301929196;17536
301945870;17537
301962543;17538
301979217;17539
301995891;17540
302012564;17541
302029238;17542
302045912;17543
302062585;17544
302079259;17545
302095933;17546
302112606;17547
302129280;17548
302145953;17549
302162627;17550
302195974;17551
302212648;17552
302229322;17553
302245995;17554
302262669;17555
302279342;17556
302296016;17557
302312690;17558
302329363;17559
302346037;17560
302362711;17561
302379384;17562
302396058;17563
302412731;17564
302429405;17565
302446079;17566
302462752;17567
302479426;17568
302496100;17569
302512773;17570
302529447;17571
302546121;17572
302562794;17573
302579468;17574
302596141;17575
302612815;17576
302629489;17577
302646162;17578
302662836;17579
302696183;17580
302712857;17581
302729531;17582
302746204;17583
302762878;17584
302779551;17585
302796225;17586
302812899;17587
302829572;17588
302846246;17589
302862920;17590
302879593;17591
302896267;17592
302912940;17593
302929614;17594
302946288;17595
302962961;17596
302979635;17597
302996309;17598
303012982;17599
303029656;17600
303046330;17601
303063003;17602
303079677;17603
303096350;17604
303113024;17605
303129698;17606
303146371;17607
303163045;17608
303196392;17609
303213066;17610
303229739;17611
303246413;17612
303263087;17613
303279760;17614
303296434;17615
303313108;17616
303329781;17617
303346455;17618
303363129;17619
303379802;17620
303396476;17621
303413149;17622
303429823;17623
303446497;17624
303463170;17625
303479844;17626
303496518;17627
303513191;17628
303529865;17629
303546539;17630
303563212;17631
303579886;17632
303596559;17633
303613233;17634
303629907;17635
303646580;17636
303663254;17637
303696601;17638
303713275;17639
303729949;17640
303746622;17641
303763296;17642
303779969;17643
303796643;17644
303813317;17645
303829990;17646
303846664;17647
303863338;17648
303880011;17649
303896685;17650
303913358;17651
303930032;17652
303946706;17653
303963379;17654
303980053;17655
303996727;17656
304013400;17657
304030074;17658
304046748;17659
304063421;17660
304080095;17661
304096768;17662
304113442;17663
304130116;17664
304146789;17665
304163463;17666
304196810;17667
304213484;17668
304230157;17669
304246831;17670
304263505;17671
304280178;17672
304296852;17673
304313526;17674
304330199;17675
304346873;17676
304363547;17677
304380220;17678
304396894;17679
304413568;17680
304430241;17681
304446915;17682
304463588;17683
304480262;17684
304496936;17685
304513609;17686
304530283;17687
304546957;17688
304563630;17689
304580304;17690
304596977;17691
304613651;17692
304630325;17693
304646998;17694
304663672;17695
304697019;17696
304713693;17697
304730367;17698
304747040;17699
304763714;17700
304780387;17701
304797061;17702
304813735;17703
304830408;17704
304847082;17705
304863756;17706
304880429;17707
304897103;17708
304913777;17709
304930450;17710
304947124;17711
304963797;17712
304980471;17713
304997145;17714
305013818;17715
305030492;17716
305047166;17717
305063839;17718
305080513;17719
305097187;17720
305113860;17721
305130534;17722
305147207;17723
305163881;17724
305197228;17725
305213902;17726
305230576;17727
305247249;17728
305263923;17729
305280597;17730
305297270;17731
305313944;17732
305330617;17733
305347291;17734
305363965;17735
305380638;17736
305397312;17737
305413986;17738
305430659;17739
305447333;17740
305464006;17741
305480680;17742
305497354;17743
305514027;17744
305530701;17745
305547375;17746
305564048;17747
305580722;17748
305597395;17749
305614069;17750
305630743;17751
305647416;17752
305664090;17753
305697437;17754
305714111;17755
305730785;17756
305747458;17757
305764132;17758
305780805;17759
305797479;17760
305814153;17761
305830826;17762
305847500;17763
305864174;17764
305880847;17765
305897521;17766
305914195;17767
305930868;17768
305947542;17769
305964216;17770
305980889;17771
305997563;17772
306014236;17773
306030910;17774
306047584;17775
306064257;17776
306080931;17777
306097605;17778
306114278;17779
306130952;17780
306147625;17781
306164299;17782
306197646;17783
306214320;17784
306230994;17785
306247667;17786
306264341;17787
306281015;17788
306297688;17789
306314362;17790
306331036;17791
306347709;17792
306364383;17793
306381056;17794
306397730;17795
306414404;17796
306431077;17797
306447751;17798
306464425;17799
306481098;17800
306497772;17801
306514446;17802
306531119;17803
306547793;17804
306564466;17805
306581140;17806
306597814;17807
306614487;17808
306631161;17809
306647835;17810
306664508;17811
306697855;17812
306714529;17813
306731203;17814
306747876;17815
306764550;17816
306781224;17817
306797897;17818
306814571;17819
306831245;17820
306847918;17821
306864592;17822
306881266;17823
306897939;17824
306914613;17825
306931286;17826
306947960;17827
306964634;17828
306981307;17829
306997981;17830
307014655;17831
307031328;17832
307048002;17833
307064675;17834
307081349;17835
307098023;17836
307114696;17837
307131370;17838
307148044;17839
307164717;17840
307198065;17841
307214738;17842
307231412;17843
307248085;17844
307264759;17845
307281433;17846
307298106;17847
307314780;17848
307331454;17849
307348127;17850
307364801;17851
307381475;17852
307398148;17853
307414822;17854
307431495;17855
307448169;17856
307464843;17857
307481516;17858
307498190;17859
307514864;17860
307531537;17861
307548211;17862
307564885;17863
307581558;17864
307598232;17865
307614906;17866
307631579;17867
307648253;17868
307664926;17869
307698274;17870
307714947;17871
307731621;17872
307748295;17873
307764968;17874
307781642;17875
307798316;17876
307814989;17877
307831663;17878
307848336;17879
307865010;17880
307881684;17881
307898357;17882
307915031;17883
307931705;17884
307948378;17885
307965052;17886
307981725;17887
307998399;17888
308015073;17889
308031746;17890
308048420;17891
308065094;17892
308081767;17893
308098441;17894
308115115;17895
308131788;17896
308148462;17897
308165135;17898
308198483;17899
308215156;17900
308231830;17901
308248504;17902
308265177;17903
308281851;17904
308298525;17905
308315198;17906
308331872;17907
308348545;17908
308365219;17909
308381893;17910
308398566;17911
308415240;17912
308431914;17913
308448587;17914
308465261;17915
308481935;17916
308498608;17917
308515282;17918
308531956;17919
308548629;17920
308565303;17921
308581976;17922
308598650;17923
308615324;17924
308631997;17925
308648671;17926
308665345;17927
308698692;17928
308715366;17929
308732039;17930
308748713;17931
308765386;17932
308782060;17933
308798734;17934
308815407;17935
308832081;17936
308848755;17937
308865428;17938
308882102;17939
308898776;17940
308915449;17941
308932123;17942
308948796;17943
308965470;17944
308982144;17945
308998817;17946
309015491;17947
309032165;17948
309048838;17949
309065512;17950
309082186;17951
309098859;17952
309115533;17953
309132206;17954
309148880;17955
309165554;17956
309198901;17957
309215575;17958
309232248;17959
309248922;17960
309265596;17961
309282269;17962
309298943;17963
309315617;17964
309332290;17965
309348964;17966
309365637;17967
309382311;17968
309398985;17969
309415658;17970
309432332;17971
309449006;17972
309465679;17973
309482353;17974
309499027;17975
309515700;17976
309532374;17977
309549047;17978
309565721;17979
309582395;17980
309599068;17981
309615742;17982
309632416;17983
309649089;17984
309665763;17985
309699110;17986
309715784;17987
309732457;17988
309749131;17989
309765805;17990
309782478;17991
309799152;17992
309815826;17993
309832499;17994
309849173;17995
309865847;17996
309882520;17997
309899194;17998
309915868;17999
309932541;18000
309949215;18001
309965888;18002
309982562;18003
309999236;18004
310015909;18005
310032583;18006
310049257;18007
310065930;18008
310082604;18009
310099278;18010
310115951;18011
310132625;18012
310149298;18013
310165972;18014
310199319;18015
310215993;18016
310232667;18017
310249340;18018
310266014;18019
310282687;18020
310299361;18021
310316035;18022
310332708;18023
310349382;18024
310366056;18025
310382729;18026
310399403;18027
310416077;18028
310432750;18029
310449424;18030
310466098;18031
310482771;18032
310499445;18033
310516118;18034
310532792;18035
310549466;18036
310566139;18037
310582813;18038
310599487;18039
310616160;18040
310632834;18041
310649508;18042
310666181;18043
310699528;18044
310716202;18045
310732876;18046
310749549;18047
310766223;18048
310782897;18049
310799570;18050
310816244;18051
310832918;18052
310849591;18053
310866265;18054
310882938;18055
310899612;18056
310916286;18057
310932959;18058
310949633;18059
310966307;18060
310982980;18061
310999654;18062
311016328;18063
311033001;18064
311049675;18065
311066349;18066
311083022;18067
311099696;18068
311116369;18069
311133043;18070
311149717;18071
311166390;18072
311199738;18073
311216411;18074
311233085;18075
311249759;18076
311266432;18077
311283106;18078
311299779;18079
311316453;18080
311333127;18081
311349800;18082
311366474;18083
311383148;18084
311399821;18085
311416495;18086
311433169;18087
311449842;18088
311466516;18089
311483190;18090
311499863;18091
311516537;18092
311533210;18093
311549884;18094
311566558;18095
311583231;18096
311599905;18097
311616579;18098
311633252;18099
311649926;18100
311666600;18101
311699947;18102
311716620;18103
311733294;18104
311749968;18105
311766641;18106
311783315;18107
311799989;18108
311816662;18109
311833336;18110
311850010;18111
311866683;18112
311883357;18113
311900031;18114
311916704;18115
311933378;18116
311950051;18117
311966725;18118
311983399;18119
312000072;18120
312016746;18121
312033420;18122
312050093;18123
312066767;18124
312083440;18125
312100114;18126
312116788;18127
312133461;18128
312150135;18129
312166809;18130
312200156;18131
312216830;18132
312233503;18133
312250177;18134
312266851;18135
312283524;18136
312300198;18137
312316872;18138
312333545;18139
312350219;18140
312366892;18141
312383566;18142
312400240;18143
312416913;18144
312433587;18145
312450261;18146
312466934;18147
312483608;18148
312500281;18149
312516955;18150
312533629;18151
312550302;18152
312566976;18153
312583650;18154
312600323;18155
312616997;18156
312633671;18157
312650344;18158
312667018;18159
312700365;18160
312717039;18161
312733712;18162
312750386;18163
312767060;18164
312783733;18165
312800407;18166
312817081;18167
312833754;18168
312850428;18169
312867102;18170
312883775;18171
312900449;18172
312917123;18173
312933796;18174
312950470;18175
312967143;18176
312983817;18177
313000491;18178
313017164;18179
313033838;18180
313050512;18181
313067185;18182
313083859;18183
313100533;18184
313117206;18185
313133880;18186
313150553;18187
313167227;18188
313200574;18189
313217248;18190
313233922;18191
313250595;18192
313267269;18193
313283943;18194
313300616;18195
313317290;18196
313333964;18197
313350637;18198
313367311;18199
313383984;18200
313400658;18201
313417332;18202
313434005;18203
313450679;18204
313467353;18205
313484026;18206
313500700;18207
313517374;18208
313534047;18209
313550721;18210
313567395;18211
313584068;18212
313600742;18213
313617415;18214
313634089;18215
313650763;18216
313667436;18217
313700784;18218
313717457;18219
313734131;18220
313750804;18221
313767478;18222
313784152;18223
313800826;18224
313817499;18225
313834173;18226
313850846;18227
313867520;18228
313884194;18229
313900867;18230
313917541;18231
313934215;18232
313950888;18233
313967562;18234
313984236;18235
314000909;18236
314017583;18237
314034256;18238
314050930;18239
314067604;18240
314084277;18241
314100951;18242
314117625;18243
314134298;18244
314150972;18245
314167646;18246
314200993;18247
314217667;18248
314234340;18249
314251014;18250
314267687;18251
314284361;18252
314301035;18253
314317708;18254
314334382;18255
314351056;18256
314367729;18257
314384403;18258
314401077;18259
314417750;18260
314434424;18261
314451098;18262
314467771;18263
314484445;18264
314501118;18265
314517792;18266
314534466;18267
314551139;18268
314567813;18269
314584487;18270
314601160;18271
314617834;18272
314634508;18273
314651181;18274
314667855;18275
314701202;18276
314717876;18277
314734549;18278
314751223;18279
314767897;18280
314784570;18281
314801244;18282
314817918;18283
314834591;18284
314851265;18285
314867939;18286
314884612;18287
314901286;18288
314917959;18289
314934633;18290
314951307;18291
314967980;18292
314984654;18293
315001328;18294
315018001;18295
315034675;18296
315051349;18297
315068022;18298
315084696;18299
315101370;18300
315118043;18301
315134717;18302
315151390;18303
315168064;18304
315201411;18305
315218085;18306
315234759;18307
315251432;18308
315268106;18309
315284780;18310
315301453;18311
315318127;18312
315334801;18313
315351474;18314
315368148;18315
315384821;18316
315401495;18317
315418169;18318
315434842;18319
315451516;18320
315468190;18321
315484863;18322
315501537;18323
315518211;18324
315534884;18325
315551558;18326
315568232;18327
315584905;18328
315601579;18329
315618252;18330
315634926;18331
315651600;18332
315668273;18333
315701621;18334
315718294;18335
315734968;18336
315751642;18337
315768315;18338
315784989;18339
315801662;18340
315818336;18341
315835010;18342
315851683;18343
315868357;18344
315885031;18345
315901704;18346
315918378;18347
315935052;18348
315951725;18349
315968399;18350
315985073;18351
316001746;18352
316018420;18353
316035093;18354
316051767;18355
316068441;18356
316085114;18357
316101788;18358
316118462;18359
316135135;18360
316151809;18361
316168483;18362
316201830;18363
316218504;18364
316235177;18365
316251851;18366
316268524;18367
316285198;18368
316301872;18369
316318545;18370
316335219;18371
316351893;18372
316368566;18373
316385240;18374
316401914;18375
316418587;18376
316435261;18377
316451935;18378
316468608;18379
316485282;18380
316501955;18381
316518629;18382
316535303;18383
316551976;18384
316568650;18385
316585324;18386
316601997;18387
316618671;18388
316635345;18389
316652018;18390
316668692;18391
316702039;18392
316718713;18393
316735386;18394
316752060;18395
316768734;18396
316785407;18397
316802081;18398
316818755;18399
316835428;18400
316852102;18401
316868776;18402
316885449;18403
316902123;18404
316918797;18405
316935470;18406
316952144;18407
316968818;18408
316985491;18409
317002165;18410
317018838;18411
317035512;18412
317052186;18413
317068859;18414
317085533;18415
317102207;18416
317118880;18417
317135554;18418
317152228;18419
317168901;18420
317202248;18421
317218922;18422
317235596;18423
317252269;18424
317268943;18425
317285617;18426
317302290;18427
317318964;18428
317335638;18429
317352311;18430
317368985;18431
317385659;18432
317402332;18433
317419006;18434
317435680;18435
317452353;18436
317469027;18437
317485700;18438
317502374;18439
317519048;18440
317535721;18441
317552395;18442
317569069;18443
317585742;18444
317602416;18445
317619090;18446
317635763;18447
317652437;18448
317669110;18449
317702458;18450
317719132;18451
317735805;18452
317752479;18453
317769152;18454
317785826;18455
317802500;18456
317819173;18457
317835847;18458
317852521;18459
317869194;18460
317885868;18461
317902541;18462
317919215;18463
317935889;18464
317952562;18465
317969236;18466
317985910;18467
318002583;18468
318019257;18469
318035931;18470
318052604;18471
318069278;18472
318085952;18473
318102625;18474
318119299;18475
318135973;18476
318152646;18477
318169320;18478
318202667;18479
318219341;18480
318236014;18481
318252688;18482
318269362;18483
318286035;18484
318302709;18485
318319383;18486
318336056;18487
318352730;18488
318369404;18489
318386077;18490
318402751;18491
318419424;18492
318436098;18493
318452772;18494
318469445;18495
318486119;18496
318502793;18497
318519466;18498
318536140;18499
318552814;18500
318569487;18501
318586161;18502
318602835;18503
318619508;18504
318636182;18505
318652856;18506
318669529;18507
318702876;18508
318719550;18509
318736224;18510
318752897;18511
318769571;18512
318786245;18513
318802918;18514
318819592;18515
318836266;18516
318852939;18517
318869613;18518
318886286;18519
318902960;18520
318919634;18521
318936307;18522
318952981;18523
318969655;18524
318986328;18525
319003002;18526
319019676;18527
319036349;18528
319053023;18529
319069697;18530
319086370;18531
319103044;18532
319119717;18533
319136391;18534
319153065;18535
319169738;18536
319203086;18537
319219759;18538
319236433;18539
319253107;18540
319269780;18541
319286454;18542
319303128;18543
319319801;18544
319336475;18545
319353149;18546
319369822;18547
319386496;18548
319403169;18549
319419843;18550
319436517;18551
319453190;18552
319469864;18553
319486538;18554
319503211;18555
319519885;18556
319536559;18557
319553232;18558
319569906;18559
319586579;18560
319603253;18561
319619927;18562
319636600;18563
319653274;18564
319669948;18565
319703295;18566
319719969;18567
319736642;18568
319753316;18569
319769990;18570
319786663;18571
319803337;18572
319820010;18573
319836684;18574
319853358;18575
319870031;18576
319886705;18577
319903379;18578
319920052;18579
319936726;18580
319953400;18581
319970073;18582
319986747;18583
320003421;18584
320020094;18585
320036768;18586
320053441;18587
320070115;18588
320086789;18589
320103462;18590
320120136;18591
320136810;18592
320153483;18593
320170157;18594
320203504;18595
320220178;18596
320236852;18597
320253525;18598
320270199;18599
320286872;18600
320303546;18601
320320220;18602
320336893;18603
320353567;18604
320370241;18605
320386914;18606
320403588;18607
320420262;18608
320436935;18609
320453609;18610
320470283;18611
320486956;18612
320503630;18613
320520304;18614
320536977;18615
320553651;18616
320570325;18617
320586998;18618
320603672;18619
320620345;18620
320637019;18621
320653693;18622
320670366;18623
320703714;18624
320720387;18625
320737061;18626
320753735;18627
320770408;18628
320787082;18629
320803755;18630
320820429;18631
320837103;18632
320853776;18633
320870450;18634
320887124;18635
320903797;18636
320920471;18637
320937145;18638
320953818;18639
320970492;18640
320987166;18641
321003839;18642
321020513;18643
321037186;18644
321053860;18645
321070534;18646
321087207;18647
321103881;18648
321120555;18649
321137228;18650
321153902;18651
321170576;18652
321203923;18653
321220597;18654
321237270;18655
321253944;18656
321270618;18657
321287291;18658
321303965;18659
321320638;18660
321337312;18661
321353986;18662
321370659;18663
321387333;18664
321404007;18665
321420680;18666
321437354;18667
321454028;18668
321470701;18669
321487375;18670
321504049;18671
321520722;18672
321537396;18673
321554069;18674
321570743;18675
321587417;18676
321604090;18677
321620764;18678
321637438;18679
321654111;18680
321670785;18681
321704132;18682
321720806;18683
321737480;18684
321754153;18685
321770827;18686
321787501;18687
321804174;18688
321820848;18689
321837521;18690
321854195;18691
321870869;18692
321887542;18693
321904216;18694
321920890;18695
321937563;18696
321954237;18697
321970911;18698
321987584;18699
322004258;18700
322020932;18701
322037605;18702
322054279;18703
322070952;18704
322087626;18705
322104300;18706
322120973;18707
322137647;18708
322154321;18709
322170994;18710
322204342;18711
322221015;18712
322237689;18713
322254363;18714
322271036;18715
322287710;18716
322304384;18717
322321057;18718
322337731;18719
322354404;18720
322371078;18721
322387752;18722
322404425;18723
322421099;18724
322437773;18725
322454446;18726
322471120;18727
322487794;18728
322504467;18729
322521141;18730
322537815;18731
322554488;18732
322571162;18733
322587835;18734
322604509;18735
322621183;18736
322637856;18737
322654530;18738
322671204;18739
322704551;18740
322721225;18741
322737898;18742
322754572;18743
322771246;18744
322787919;18745
322804593;18746
322821266;18747
322837940;18748
322854614;18749
322871287;18750
322887961;18751
322904635;18752
322921308;18753
322937982;18754
322954656;18755
322971329;18756
322988003;18757
323004677;18758
323021350;18759
323038024;18760
323054698;18761
323071371;18762
323088045;18763
323104718;18764
323121392;18765
323138066;18766
323154739;18767
323171413;18768
323204760;18769
323221434;18770
323238108;18771
323254781;18772
323271455;18773
323288129;18774
323304802;18775
323321476;18776
323338150;18777
323354823;18778
323371497;18779
323388170;18780
323404844;18781
323421518;18782
323438191;18783
323454865;18784
323471539;18785
323488212;18786
323504886;18787
323521560;18788
323538233;18789
323554907;18790
323571581;18791
323588254;18792
323604928;18793
323621601;18794
323638275;18795
323654949;18796
323671622;18797
323704970;18798
323721643;18799
323738317;18800
323754991;18801
323771664;18802
323788338;18803
323805012;18804
323821685;18805
323838359;18806
323855033;18807
323871706;18808
323888380;18809
323905053;18810
323921727;18811
323938401;18812
323955074;18813
323971748;18814
323988422;18815
324005095;18816
324021769;18817
324038443;18818
324055116;18819
324071790;18820
324088464;18821
324105137;18822
324121811;18823
324138484;18824
324155158;18825
324171832;18826
324205179;18827
324221853;18828
324238526;18829
324255200;18830
324271874;18831
324288547;18832
324305221;18833
324321895;18834
324338568;18835
324355242;18836
324371916;18837
324388589;18838
324405263;18839
324421936;18840
324438610;18841
324455284;18842
324471957;18843
324488631;18844
324505305;18845
324521978;18846
324538652;18847
324555326;18848
324571999;18849
324588673;18850
324605347;18851
324622020;18852
324638694;18853
324655367;18854
324672041;18855
324705388;18856
324722062;18857
324738736;18858
324755409;18859
324772083;18860
324788757;18861
324805430;18862
324822104;18863
324838778;18864
324855451;18865
324872125;18866
324888798;18867
324905472;18868
324922146;18869
324938819;18870
324955493;18871
324972167;18872
324988840;18873
325005514;18874
325022188;18875
325038861;18876
325055535;18877
325072209;18878
325088882;18879
325105556;18880
325122229;18881
325138903;18882
325155577;18883
325172250;18884
325205598;18885
325222271;18886
325238945;18887
325255619;18888
325272292;18889
325288966;18890
325305640;18891
325322313;18892
325338987;18893
325355661;18894
325372334;18895
325389008;18896
325405681;18897
325422355;18898
325439029;18899
325455702;18900
325472376;18901
325489050;18902
325505723;18903
325522397;18904
325539071;18905
325555744;18906
325572418;18907
325589091;18908
325605765;18909
325622439;18910
325639112;18911
325655786;18912
325672460;18913
325705807;18914
325722481;18915
325739154;18916
325755828;18917
325772502;18918
325789175;18919
325805849;18920
325822523;18921
325839196;18922
325855870;18923
325872543;18924
325889217;18925
325905891;18926
325922565;18927
325939238;18928
325955912;18929
325972585;18930
325989259;18931
326005933;18932
326022606;18933
326039280;18934
326055954;18935
326072627;18936
326089301;18937
326105975;18938
326122648;18939
326139322;18940
326155996;18941
326172669;18942
326206016;18943
326222690;18944
326239364;18945
326256037;18946
326272711;18947
326289385;18948
326306058;18949
326322732;18950
326339406;18951
326356079;18952
326372753;18953
326389427;18954
326406100;18955
326422774;18956
326439447;18957
326456121;18958
326472795;18959
326489468;18960
326506142;18961
326522816;18962
326539489;18963
326556163;18964
326572837;18965
326589510;18966
326606184;18967
326622858;18968
326639531;18969
326656205;18970
326672879;18971
326706226;18972
326722899;18973
326739573;18974
326756247;18975
326772920;18976
326789594;18977
326806268;18978
326822941;18979
326839615;18980
326856289;18981
326872962;18982
326889636;18983
326906310;18984
326922983;18985
326939657;18986
326956330;18987
326973004;18988
326989678;18989
327006351;18990
327023025;18991
327039699;18992
327056372;18993
327073046;18994
327089720;18995
327106393;18996
327123067;18997
327139740;18998
327156414;18999
327173088;19000
327206435;19001
327223109;19002
327239782;19003
327256456;19004
327273130;19005
327289803;19006
327306477;19007
327323151;19008
327339824;19009
327356498;19010
327373172;19011
327389845;19012
327406519;19013
327423192;19014
327439866;19015
327456540;19016
327473213;19017
327489887;19018
327506561;19019
327523234;19020
327539908;19021
327556582;19022
327573255;19023
327589929;19024
327606603;19025
327623276;19026
327639950;19027
327656624;19028
327673297;19029
327706644;19030
327723318;19031
327739992;19032
327756665;19033
327773339;19034
327790013;19035
327806686;19036
327823360;19037
327840034;19038
327856707;19039
327873381;19040
327890055;19041
327906728;19042
327923402;19043
327940075;19044
327956749;19045
327973423;19046
327990096;19047
328006770;19048
328023444;19049
328040117;19050
328056791;19051
328073465;19052
328090138;19053
328106812;19054
328123486;19055
328140159;19056
328156833;19057
328173507;19058
328206854;19059
328223527;19060
328240201;19061
328256875;19062
328273548;19063
328290222;19064
328306896;19065
328323569;19066
328340243;19067
328356917;19068
328373590;19069
328390264;19070
328406938;19071
328423611;19072
328440285;19073
328456958;19074
328473632;19075
328490306;19076
328506979;19077
328523653;19078
328540327;19079
328557000;19080
328573674;19081
328590348;19082
328607021;19083
328623695;19084
328640369;19085
328657042;19086
328673716;19087
328707063;19088
328723737;19089
328740410;19090
328757084;19091
328773758;19092
328790431;19093
328807105;19094
328823779;19095
328840452;19096
328857126;19097
328873800;19098
328890473;19099
328907147;19100
328923821;19101
328940494;19102
328957168;19103
328973842;19104
328990515;19105
329007189;19106
329023862;19107
329040536;19108
329057210;19109
329073883;19110
329090557;19111
329107231;19112
329123904;19113
329140578;19114
329157252;19115
329173925;19116
329207273;19117
329223946;19118
329240620;19119
329257293;19120
329273967;19121
329290641;19122
329307314;19123
329323988;19124
329340662;19125
329357335;19126
329374009;19127
329390683;19128
329407356;19129
329424030;19130
329440704;19131
329457377;19132
329474051;19133
329490724;19134
329507398;19135
329524072;19136
329540745;19137
329557419;19138
329574093;19139
329590766;19140
329607440;19141
329624114;19142
329640787;19143
329657461;19144
329674135;19145
329707482;19146
329724156;19147
329740829;19148
329757503;19149
329774176;19150
329790850;19151
329807524;19152
329824197;19153
329840871;19154
329857545;19155
329874218;19156
329890892;19157
329907566;19158
329924239;19159
329940913;19160
329957586;19161
329974260;19162
329990934;19163
330007607;19164
330024281;19165
330040955;19166
330057628;19167
330074302;19168
330090976;19169
330107649;19170
330124323;19171
330140997;19172
330157670;19173
330174344;19174
330207691;19175
330224365;19176
330241038;19177
330257712;19178
330274386;19179
330291059;19180
330307733;19181
330324407;19182
330341080;19183
330357754;19184
330374428;19185
330391101;19186
330407775;19187
330424449;19188
330441122;19189
330457796;19190
330474470;19191
330491143;19192
330507817;19193
330524491;19194
330541164;19195
330557838;19196
330574511;19197
330591185;19198
330607859;19199
330624532;19200
330641206;19201
330657880;19202
330674553;19203
330707901;19204
330724574;19205
330741248;19206
330757922;19207
330774595;19208
330791269;19209
330807942;19210
330824616;19211
330841290;19212
330857963;19213
330874637;19214
330891311;19215
330907984;19216
330924658;19217
330941332;19218
330958005;19219
330974679;19220
330991353;19221
331008026;19222
331024700;19223
331041373;19224
331058047;19225
331074721;19226
331091394;19227
331108068;19228
331124742;19229
331141415;19230
331158089;19231
331174763;19232
331208110;19233
331224784;19234
331241457;19235
331258131;19236
331274804;19237
331291478;19238
331308152;19239
331324825;19240
331341499;19241
331358173;19242
331374846;19243
331391520;19244
331408194;19245
331424867;19246
331441541;19247
331458215;19248
331474888;19249
331491562;19250
331508236;19251
331524909;19252
331541583;19253
331558257;19254
331574930;19255
331591604;19256
331608277;19257
331624951;19258
331641625;19259
331658298;19260
331674972;19261
331708319;19262
331724993;19263
331741667;19264
331758340;19265
331775014;19266
331791687;19267
331808361;19268
331825035;19269
331841708;19270
331858382;19271
331875056;19272
331891729;19273
331908403;19274
331925077;19275
331941750;19276
331958424;19277
331975098;19278
331991771;19279
332008445;19280
332025119;19281
332041792;19282
332058466;19283
332075139;19284
332091813;19285
332108487;19286
332125160;19287
332141834;19288
332158508;19289
332175181;19290
332208529;19291
332225202;19292
332241876;19293
332258550;19294
332275223;19295
332291897;19296
332308570;19297
332325244;19298
332341918;19299
332358591;19300
332375265;19301
332391939;19302
332408612;19303
332425286;19304
332441960;19305
332458633;19306
332475307;19307
332491981;19308
332508654;19309
332525328;19310
332542002;19311
332558675;19312
332575349;19313
332592022;19314
332608696;19315
332625370;19316
332642043;19317
332658717;19318
332675391;19319
332708738;19320
332725412;19321
332742085;19322
332758759;19323
332775433;19324
332792106;19325
332808780;19326
332825453;19327
332842127;19328
332858801;19329
332875474;19330
332892148;19331
332908822;19332
332925495;19333
332942169;19334
332958843;19335
332975516;19336
332992190;19337
333008864;19338
333025537;19339
333042211;19340
333058884;19341
333075558;19342
333092232;19343
333108905;19344
333125579;19345
333142253;19346
333158926;19347
333175600;19348
333208947;19349
333225621;19350
333242295;19351
333258968;19352
333275642;19353
333292315;19354
333308989;19355
333325663;19356
333342336;19357
333359010;19358
333375684;19359
333392357;19360
333409031;19361
333425705;19362
333442378;19363
333459052;19364
333475725;19365
333492399;19366
333509073;19367
333525746;19368
333542420;19369
333559094;19370
333575767;19371
333592441;19372
333609115;19373
333625788;19374
333642462;19375
333659136;19376
333675809;19377
333709157;19378
333725830;19379
333742504;19380
333759177;19381
333775851;19382
333792525;19383
333809198;19384
333825872;19385
333842546;19386
333859219;19387
333875893;19388
333892567;19389
333909240;19390
333925914;19391
333942588;19392
333959261;19393
333975935;19394
333992609;19395
334009282;19396
334025956;19397
334042629;19398
334059303;19399
334075977;19400
334092650;19401
334109324;19402
334125998;19403
334142671;19404
334159345;19405
334176019;19406
334209366;19407
334226040;19408
334242713;19409
334259387;19410
334276060;19411
334292734;19412
334309408;19413
334326081;19414
334342755;19415
334359429;19416
334376102;19417
334392776;19418
334409450;19419
334426123;19420
334442797;19421
334459470;19422
334476144;19423
334492818;19424
334509491;19425
334526165;19426
334542839;19427
334559512;19428
334576186;19429
334592860;19430
334609533;19431
334626207;19432
334642881;19433
334659554;19434
334676228;19435
334709575;19436
334726249;19437
334742923;19438
334759596;19439
334776270;19440
334792943;19441
334809617;19442
334826291;19443
334842964;19444
334859638;19445
334876312;19446
334892985;19447
334909659;19448
334926333;19449
334943006;19450
334959680;19451
334976353;19452
334993027;19453
335009701;19454
335026374;19455
335043048;19456
335059722;19457
335076395;19458
335093069;19459
335109743;19460
335126416;19461
335143090;19462
335159764;19463
335176437;19464
335209784;19465
335226458;19466
335243132;19467
335259805;19468
335276479;19469
335293153;19470
335309826;19471
335326500;19472
335343174;19473
335359847;19474
335376521;19475
335393195;19476
335409868;19477
335426542;19478
335443215;19479
335459889;19480
335476563;19481
335493236;19482
335509910;19483
335526584;19484
335543257;19485
335559931;19486
335576605;19487
335593278;19488
335609952;19489
335626625;19490
335643299;19491
335659973;19492
335676646;19493
335693320;19494
335726667;19495
335743341;19496
335760015;19497
335776688;19498
335793362;19499
335810036;19500
335826709;19501
335843383;19502
335860056;19503
335876730;19504
335893404;19505
335910077;19506
335926751;19507
335943425;19508
335960098;19509
335976772;19510
335993446;19511
336010119;19512
336026793;19513
336043467;19514
336060140;19515
336076814;19516
336093488;19517
336110161;19518
336126835;19519
336143508;19520
336160182;19521
336176856;19522
336193529;19523
336226877;19524
336243550;19525
336260224;19526
336276897;19527
336293571;19528
336310245;19529
336326919;19530
336343592;19531
336360266;19532
336376939;19533
336393613;19534
336410287;19535
336426960;19536
336443634;19537
336460308;19538
336476981;19539
336493655;19540
336510328;19541
336527002;19542
336543676;19543
336560349;19544
336577023;19545
336593697;19546
336610370;19547
336627044;19548
336643718;19549
336660391;19550
336677065;19551
336693739;19552
336727086;19553
336743759;19554
336760433;19555
336777107;19556
336793780;19557
336810454;19558
336827128;19559
336843801;19560
336860475;19561
336877149;19562
336893822;19563
336910496;19564
336927170;19565
336943843;19566
336960517;19567
336977190;19568
336993864;19569
337010538;19570
337027211;19571
337043885;19572
337060559;19573
337077232;19574
337093906;19575
337110580;19576
337127253;19577
337143927;19578
337160601;19579
337177274;19580
337193948;19581
337227295;19582
337243969;19583
337260642;19584
337277316;19585
337293990;19586
337310663;19587
337327337;19588
337344011;19589
337360684;19590
337377358;19591
337394032;19592
337410705;19593
337427379;19594
337444052;19595
337460726;19596
337477400;19597
337494073;19598
337510747;19599
337527421;19600
337544094;19601
337560768;19602
337577442;19603
337594115;19604
337610789;19605
337627462;19606
337644136;19607
337660810;19608
337677483;19609
337694157;19610
337727504;19611
337744178;19612
337760852;19613
337777525;19614
337794199;19615
337810872;19616
337827546;19617
337844220;19618
337860893;19619
337877567;19620
337894241;19621
337910914;19622
337927588;19623
337944262;19624
337960935;19625
337977609;19626
337994283;19627
338010956;19628
338027630;19629
338044304;19630
338060977;19631
338077651;19632
338094324;19633
338110998;19634
338127672;19635
338144345;19636
338161019;19637
338177693;19638
338194366;19639
338227714;19640
338244387;19641
338261061;19642
338277734;19643
338294408;19644
338311082;19645
338327755;19646
338344429;19647
338361103;19648
338377776;19649
338394450;19650
338411124;19651
338427797;19652
338444471;19653
338461145;19654
338477818;19655
338494492;19656
338511165;19657
338527839;19658
338544513;19659
338561186;19660
338577860;19661
338594534;19662
338611207;19663
338627881;19664
338644555;19665
338661228;19666
338677902;19667
338694576;19668
338727923;19669
338744597;19670
338761270;19671
338777944;19672
338794617;19673
338811291;19674
338827965;19675
338844638;19676
338861312;19677
338877986;19678
338894659;19679
338911333;19680
338928007;19681
338944680;19682
338961354;19683
338978027;19684
338994701;19685
339011375;19686
339028048;19687
339044722;19688
339061396;19689
339078069;19690
339094743;19691
339111417;19692
339128090;19693
339144764;19694
339161437;19695
339178111;19696
339194785;19697
339228132;19698
339244806;19699
339261479;19700
339278153;19701
339294827;19702
339311500;19703
339328174;19704
339344848;19705
339361521;19706
339378195;19707
339394868;19708
339411542;19709
339428216;19710
339444889;19711
339461563;19712
339478237;19713
339494910;19714
339511584;19715
339528258;19716
339544931;19717
339561605;19718
339578278;19719
339594952;19720
339611626;19721
339628299;19722
339644973;19723
339661647;19724
339678320;19725
339694994;19726
339728341;19727
339745015;19728
339761689;19729
339778362;19730
339795036;19731
339811709;19732
339828383;19733
339845057;19734
339861730;19735
339878404;19736
339895078;19737
339911751;19738
339928425;19739
339945099;19740
339961772;19741
339978446;19742
339995119;19743
340011793;19744
340028467;19745
340045140;19746
340061814;19747
340078488;19748
340095161;19749
340111835;19750
340128509;19751
340145182;19752
340161856;19753
340178529;19754
340195203;19755
340228550;19756
340245224;19757
340261898;19758
340278571;19759
340295245;19760
340311919;19761
340328592;19762
340345266;19763
340361940;19764
340378613;19765
340395287;19766
340411961;19767
340428634;19768
340445308;19769
340461981;19770
340478655;19771
340495329;19772
340512002;19773
340528676;19774
340545350;19775
340562023;19776
340578697;19777
340595370;19778
340612044;19779
340628718;19780
340645391;19781
340662065;19782
340678739;19783
340695412;19784
340728760;19785
340745433;19786
340762107;19787
340778781;19788
340795454;19789
340812128;19790
340828801;19791
340845475;19792
340862149;19793
340878822;19794
340895496;19795
340912170;19796
340928843;19797
340945517;19798
340962190;19799
340978864;19800
340995538;19801
341012211;19802
341028885;19803
341045559;19804
341062232;19805
341078906;19806
341095580;19807
341112253;19808
341128927;19809
341145601;19810
341162274;19811
341178948;19812
341195622;19813
341228969;19814
341245642;19815
341262316;19816
341278990;19817
341295663;19818
341312337;19819
341329011;19820
341345684;19821
341362358;19822
341379031;19823
341395705;19824
341412379;19825
341429052;19826
341445726;19827
341462400;19828
341479073;19829
341495747;19830
341512421;19831
341529094;19832
341545768;19833
341562442;19834
341579115;19835
341595789;19836
341612462;19837
341629136;19838
341645810;19839
341662483;19840
341679157;19841
341695831;19842
341729178;19843
341745851;19844
341762525;19845
341779199;19846
341795872;19847
341812546;19848
341829220;19849
341845893;19850
341862567;19851
341879241;19852
341895914;19853
341912588;19854
341929262;19855
341945935;19856
341962609;19857
341979283;19858
341995956;19859
342012630;19860
342029303;19861
342045977;19862
342062651;19863
342079324;19864
342095998;19865
342112672;19866
342129345;19867
342146019;19868
342162692;19869
342179366;19870
342196040;19871
342229387;19872
342246061;19873
342262734;19874
342279408;19875
342296082;19876
342312755;19877
342329429;19878
342346103;19879
342362776;19880
342379450;19881
342396123;19882
342412797;19883
342429471;19884
342446144;19885
342462818;19886
342479492;19887
342496165;19888
342512839;19889
342529513;19890
342546186;19891
342562860;19892
342579533;19893
342596207;19894
342612881;19895
342629554;19896
342646228;19897
342662902;19898
342679575;19899
342696249;19900
342729596;19901
342746270;19902
342762944;19903
342779617;19904
342796291;19905
342812964;19906
342829638;19907
342846312;19908
342862985;19909
342879659;19910
342896333;19911
342913006;19912
342929680;19913
342946354;19914
342963027;19915
342979701;19916
342996375;19917
343013048;19918
343029722;19919
343046395;19920
343063069;19921
343079743;19922
343096416;19923
343113090;19924
343129764;19925
343146437;19926
343163111;19927
343179785;19928
343196458;19929
343229805;19930
343246479;19931
343263153;19932
343279826;19933
343296500;19934
343313174;19935
343329847;19936
343346521;19937
343363195;19938
343379868;19939
343396542;19940
343413215;19941
343429889;19942
343446563;19943
343463236;19944
343479910;19945
343496584;19946
343513257;19947
343529931;19948
343546605;19949
343563278;19950
343579952;19951
343596625;19952
343613299;19953
343629973;19954
343646646;19955
343663320;19956
343679994;19957
343696667;19958
343730015;19959
343746688;19960
343763362;19961
343780036;19962
343796709;19963
343813383;19964
343830056;19965
343846730;19966
343863404;19967
343880077;19968
343896751;19969
343913425;19970
343930098;19971
343946772;19972
343963446;19973
343980119;19974
343996793;19975
344013466;19976
344030140;19977
344046814;19978
344063487;19979
344080161;19980
344096835;19981
344113508;19982
344130182;19983
344146856;19984
344163529;19985
344180203;19986
344196876;19987
344230224;19988
344246897;19989
344263571;19990
344280245;19991
344296918;19992
344313592;19993
344330266;19994
344346939;19995
344363613;19996
344380287;19997
344396960;19998
344413634;19999
344430307;20000
344446981;20001
344463655;20002
344480328;20003
344497002;20004
344513676;20005
344530349;20006
344547023;20007
344563697;20008
344580370;20009
344597044;20010
344613717;20011
344630391;20012
344647065;20013
344663738;20014
344680412;20015
344697086;20016
344730433;20017
344747107;20018
344763780;20019
344780454;20020
344797127;20021
344813801;20022
344830475;20023
344847148;20024
344863822;20025
344880496;20026
344897169;20027
344913843;20028
344930517;20029
344947190;20030
344963864;20031
344980537;20032
344997211;20033
345013885;20034
345030558;20035
345047232;20036
345063906;20037
345080579;20038
345097253;20039
345113927;20040
345130600;20041
345147274;20042
345163948;20043
345180621;20044
345197295;20045
345230642;20046
345247316;20047
345263989;20048
345280663;20049
345297337;20050
345314010;20051
345330684;20052
345347357;20053
345364031;20054
345380705;20055
345397378;20056
345414052;20057
345430726;20058
345447399;20059
345464073;20060
345480747;20061
345497420;20062
345514094;20063
345530768;20064
345547441;20065
345564115;20066
345580788;20067
345597462;20068
345614136;20069
345630809;20070
345647483;20071
345664157;20072
345680830;20073
345697504;20074
345730851;20075
345747525;20076
345764198;20077
345780872;20078
345797546;20079
345814219;20080
345830893;20081
345847567;20082
345864240;20083
345880914;20084
345897588;20085
345914261;20086
345930935;20087
345947608;20088
345964282;20089
345980956;20090
345997629;20091
346014303;20092
346030977;20093
346047650;20094
346064324;20095
346080998;20096
346097671;20097
346114345;20098
346131019;20099
346147692;20100
346164366;20101
346181039;20102
346197713;20103
346231060;20104
346247734;20105
346264408;20106
346281081;20107
346297755;20108
346314429;20109
346331102;20110
346347776;20111
346364449;20112
346381123;20113
346397797;20114
346414470;20115
346431144;20116
346447818;20117
346464491;20118
346481165;20119
346497838;20120
346514512;20121
346531186;20122
346547859;20123
346564533;20124
346581207;20125
346597880;20126
346614554;20127
346631228;20128
346647901;20129
346664575;20130
346681249;20131
346697922;20132
346731270;20133
346747943;20134
346764617;20135
346781290;20136
346797964;20137
346814638;20138
346831311;20139
346847985;20140
346864659;20141
346881332;20142
346898006;20143
346914680;20144
346931353;20145
346948027;20146
346964700;20147
346981374;20148
346998048;20149
347014721;20150
347031395;20151
347048069;20152
347064742;20153
347081416;20154
347098090;20155
347114763;20156
347131437;20157
347148110;20158
347164784;20159
347181458;20160
347198131;20161
347231479;20162
347248152;20163
347264826;20164
347281499;20165
347298173;20166
347314847;20167
347331520;20168
347348194;20169
347364868;20170
347381541;20171
347398215;20172
347414889;20173
347431562;20174
347448236;20175
347464910;20176
347481583;20177
347498257;20178
347514930;20179
347531604;20180
347548278;20181
347564951;20182
347581625;20183
347598299;20184
347614972;20185
347631646;20186
347648320;20187
347664993;20188
347681667;20189
347698341;20190
347731688;20191
347748361;20192
347765035;20193
347781709;20194
347798382;20195
347815056;20196
347831730;20197
347848403;20198
347865077;20199
347881750;20200
347898424;20201
347915098;20202
347931771;20203
347948445;20204
347965119;20205
347981792;20206
347998466;20207
348015140;20208
348031813;20209
348048487;20210
348065160;20211
348081834;20212
348098508;20213
348115181;20214
348131855;20215
348148529;20216
348165202;20217
348181876;20218
348198550;20219
348231897;20220
348248571;20221
348265244;20222
348281918;20223
348298591;20224
348315265;20225
348331939;20226
348348612;20227
348365286;20228
348381960;20229
348398633;20230
348415307;20231
348431980;20232
348448654;20233
348465328;20234
348482001;20235
348498675;20236
348515349;20237
348532022;20238
348548696;20239
348565370;20240
348582043;20241
348598717;20242
348615391;20243
348632064;20244
348648738;20245
348665411;20246
348682085;20247
348698759;20248
348732106;20249
348748780;20250
348765453;20251
348782127;20252
348798800;20253
348815474;20254
348832148;20255
348848821;20256
348865495;20257
348882169;20258
348898842;20259
348915516;20260
348932190;20261
348948863;20262
348965537;20263
348982211;20264
348998884;20265
349015558;20266
349032231;20267
349048905;20268
349065579;20269
349082252;20270
349098926;20271
349115600;20272
349132273;20273
349148947;20274
349165621;20275
349182294;20276
349198968;20277
349232315;20278
349248989;20279
349265662;20280
349282336;20281
349299010;20282
349315683;20283
349332357;20284
349349030;20285
349365704;20286
349382378;20287
349399051;20288
349415725;20289
349432399;20290
349449072;20291
349465746;20292
349482420;20293
349499093;20294
349515767;20295
349532441;20296
349549114;20297
349565788;20298
349582462;20299
349599135;20300
349615809;20301
349632482;20302
349649156;20303
349665830;20304
349682503;20305
349699177;20306
349732524;20307
349749198;20308
349765871;20309
349782545;20310
349799219;20311
349815892;20312
349832566;20313
349849240;20314
349865913;20315
349882587;20316
349899261;20317
349915934;20318
349932608;20319
349949282;20320
349965955;20321
349982629;20322
349999302;20323
350015976;20324
350032650;20325
350049323;20326
350065997;20327
350082671;20328
350099344;20329
350116018;20330
350132691;20331
350149365;20332
350166039;20333
350182712;20334
350199386;20335
350232733;20336
350249407;20337
350266081;20338
350282754;20339
350299428;20340
350316102;20341
350332775;20342
350349449;20343
350366122;20344
350382796;20345
350399470;20346
350416143;20347
350432817;20348
350449491;20349
350466164;20350
350482838;20351
350499512;20352
350516185;20353
350532859;20354
350549532;20355
350566206;20356
350582880;20357
350599553;20358
350616227;20359
350632901;20360
350649574;20361
350666248;20362
350682922;20363
350699595;20364
350732942;20365
350749616;20366
350766290;20367
350782963;20368
350799637;20369
350816311;20370
350832984;20371
350849658;20372
350866332;20373
350883005;20374
350899679;20375
350916352;20376
350933026;20377
350949700;20378
350966373;20379
350983047;20380
350999721;20381
351016394;20382
351033068;20383
351049741;20384
351066415;20385
351083089;20386
351099762;20387
351116436;20388
351133110;20389
351149783;20390
351166457;20391
351183131;20392
351199804;20393
351233152;20394
351249825;20395
351266499;20396
351283172;20397
351299846;20398
351316520;20399
351333193;20400
351349867;20401
351366541;20402
351383214;20403
351399888;20404
351416562;20405
351433235;20406
351449909;20407
351466583;20408
351483256;20409
351499930;20410
351516603;20411
351533277;20412
351549951;20413
351566624;20414
351583298;20415
351599972;20416
351616645;20417
351633319;20418
351649992;20419
351666666;20420
351683340;20421
351700013;20422
351733361;20423
351750034;20424
351766708;20425
351783381;20426
351800055;20427
351816729;20428
351833402;20429
351850076;20430
351866750;20431
351883423;20432
351900097;20433
351916771;20434
351933444;20435
351950118;20436
351966792;20437
351983465;20438
352000139;20439
352016812;20440
352033486;20441
352050160;20442
352066833;20443
352083507;20444
352100181;20445
352116854;20446
352133528;20447
352150202;20448
352166875;20449
352183549;20450
352200222;20451
352233570;20452
352250243;20453
352266917;20454
352283591;20455
352300264;20456
352316938;20457
352333612;20458
352350285;20459
352366959;20460
352383633;20461
352400306;20462
352416980;20463
352433653;20464
352450327;20465
352467001;20466
352483674;20467
352500348;20468
352517022;20469
352533695;20470
352550369;20471
352567042;20472
352583716;20473
352600390;20474
352617063;20475
352633737;20476
352650411;20477
352667084;20478
352683758;20479
352700432;20480
352733779;20481
352750452;20482
352767126;20483
352783800;20484
352800473;20485
352817147;20486
352833821;20487
352850494;20488
352867168;20489
352883842;20490
352900515;20491
352917189;20492
352933863;20493
352950536;20494
352967210;20495
352983883;20496
353000557;20497
353017231;20498
353033904;20499
353050578;20500
353067252;20501
353083925;20502
353100599;20503
353117272;20504
353133946;20505
353150620;20506
353167293;20507
353183967;20508
353200641;20509
353233988;20510
353250662;20511
353267335;20512
353284009;20513
353300682;20514
353317356;20515
353334030;20516
353350703;20517
353367377;20518
353384051;20519
353400724;20520
353417398;20521
353434072;20522
353450745;20523
353467419;20524
353484092;20525
353500766;20526
353517440;20527
353534113;20528
353550787;20529
353567461;20530
353584134;20531
353600808;20532
353617482;20533
353634155;20534
353650829;20535
353667502;20536
353684176;20537
353700850;20538
353734197;20539
353750871;20540
353767544;20541
353784218;20542
353800892;20543
353817565;20544
353834239;20545
353850912;20546
353867586;20547
353884260;20548
353900933;20549
353917607;20550
353934281;20551
353950954;20552
353967628;20553
353984302;20554
354000975;20555
354017649;20556
354034323;20557
354050996;20558
354067670;20559
354084343;20560
354101017;20561
354117691;20562
354134364;20563
354151038;20564
354167712;20565
354184385;20566
354201059;20567
354234406;20568
354251080;20569
354267753;20570
354284427;20571
354301101;20572
354317774;20573
354334448;20574
354351122;20575
354367795;20576
354384469;20577
354401143;20578
354417816;20579
354434490;20580
354451163;20581
354467837;20582
354484511;20583
354501184;20584
354517858;20585
354534532;20586
354551205;20587
354567879;20588
354584553;20589
354601226;20590
354617900;20591
354634574;20592
354651247;20593
354667921;20594
354684594;20595
354701268;20596
354734615;20597
354751289;20598
354767963;20599
354784636;20600
354801310;20601
354817983;20602
354834657;20603
354851331;20604
354868004;20605
354884678;20606
354901352;20607
354918025;20608
354934699;20609
354951373;20610
354968046;20611
354984720;20612
355001393;20613
355018067;20614
355034741;20615
355051414;20616
355068088;20617
355084762;20618
355101435;20619
355118109;20620
355134783;20621
355151456;20622
355168130;20623
355184803;20624
355201477;20625
355234824;20626
355251498;20627
355268172;20628
355284845;20629
355301519;20630
355318193;20631
355334866;20632
355351540;20633
355368214;20634
355384887;20635
355401561;20636
355418234;20637
355434908;20638
355451582;20639
355468255;20640
355484929;20641
355501603;20642
355518276;20643
355534950;20644
355551623;20645
355568297;20646
355584971;20647
355601644;20648
355618318;20649
355634992;20650
355651665;20651
355668339;20652
355685013;20653
355701686;20654
355735033;20655
355751707;20656
355768381;20657
355785054;20658
355801728;20659
355818402;20660
355835075;20661
355851749;20662
355868423;20663
355885096;20664
355901770;20665
355918443;20666
355935117;20667
355951791;20668
355968464;20669
355985138;20670
356001812;20671
356018485;20672
356035159;20673
356051833;20674
356068506;20675
356085180;20676
356101854;20677
356118527;20678
356135201;20679
356151874;20680
356168548;20681
356185222;20682
356201895;20683
356235243;20684
356251916;20685
356268590;20686
356285263;20687
356301937;20688
356318611;20689
356335284;20690
356351958;20691
356368632;20692
356385305;20693
356401979;20694
356418653;20695
356435326;20696
356452000;20697
356468673;20698
356485347;20699
356502021;20700
356518694;20701
356535368;20702
356552042;20703
356568715;20704
356585389;20705
356602063;20706
356618736;20707
356635410;20708
356652084;20709
356668757;20710
356685431;20711
356702104;20712
356735452;20713
356752125;20714
356768799;20715
356785473;20716
356802146;20717
356818820;20718
356835493;20719
356852167;20720
356868841;20721
356885515;20722
356902188;20723
356918862;20724
356935535;20725
356952209;20726
356968883;20727
356985556;20728
357002230;20729
357018904;20730
357035577;20731
357052251;20732
357068924;20733
357085598;20734
357102272;20735
357118945;20736
357135619;20737
357152293;20738
357168966;20739
357185640;20740
357202314;20741
357235661;20742
357252334;20743
357269008;20744
357285682;20745
357302355;20746
357319029;20747
357335703;20748
357352376;20749
357369050;20750
357385724;20751
357402397;20752
357419071;20753
357435744;20754
357452418;20755
357469092;20756
357485765;20757
357502439;20758
357519113;20759
357535786;20760
357552460;20761
357569133;20762
357585807;20763
357602481;20764
357619154;20765
357635828;20766
357652502;20767
357669175;20768
357685849;20769
357702523;20770
357735870;20771
357752544;20772
357769217;20773
357785891;20774
357802564;20775
357819238;20776
357835912;20777
357852585;20778
357869259;20779
357885933;20780
357902606;20781
357919280;20782
357935954;20783
357952627;20784
357969301;20785
357985974;20786
358002648;20787
358019322;20788
358035995;20789
358052669;20790
358069343;20791
358086016;20792
358102690;20793
358119363;20794
358136037;20795
358152711;20796
358169384;20797
358186058;20798
358202732;20799
358236079;20800
358252753;20801
358269426;20802
358286100;20803
358302774;20804
358319447;20805
358336121;20806
358352794;20807
358369468;20808
358386142;20809
358402815;20810
358419489;20811
358436163;20812
358452836;20813
358469510;20814
358486183;20815
358502857;20816
358519531;20817
358536204;20818
358552878;20819
358569552;20820
358586225;20821
358602899;20822
358619573;20823
358636246;20824
358652920;20825
358669593;20826
358686267;20827
358702941;20828
358736288;20829
358752962;20830
358769635;20831
358786309;20832
358802983;20833
358819656;20834
358836330;20835
358853003;20836
358869677;20837
358886351;20838
358903024;20839
358919698;20840
358936372;20841
358953045;20842
358969719;20843
358986393;20844
359003066;20845
359019740;20846
359036413;20847
359053087;20848
359069761;20849
359086434;20850
359103108;20851
359119782;20852
359136455;20853
359153129;20854
359169803;20855
359186476;20856
359203150;20857
359236497;20858
359253171;20859
359269844;20860
359286518;20861
359303192;20862
359319865;20863
359336539;20864
359353213;20865
359369886;20866
359386560;20867
359403233;20868
359419907;20869
359436581;20870
359453254;20871
359469928;20872
359486602;20873
359503275;20874
359519949;20875
359536623;20876
359553296;20877
359569970;20878
359586643;20879
359603317;20880
359619991;20881
359636664;20882
359653338;20883
359670012;20884
359686685;20885
359703359;20886
359736706;20887
359753380;20888
359770053;20889
359786727;20890
359803401;20891
359820074;20892
359836748;20893
359853422;20894
359870095;20895
359886769;20896
359903442;20897
359920116;20898
359936790;20899
359953463;20900
359970137;20901
359986811;20902
360003484;20903
360020158;20904
360036832;20905
360053505;20906
360070179;20907
360086853;20908
360103526;20909
360120200;20910
360136873;20911
360153547;20912
360170221;20913
360186894;20914
360203568;20915
360236915;20916
360253589;20917
360270262;20918
360286936;20919
360303610;20920
360320283;20921
360336957;20922
360353631;20923
360370304;20924
360386978;20925
360403652;20926
360420325;20927
360436999;20928
360453672;20929
360470346;20930
360487020;20931
360503693;20932
360520367;20933
360537041;20934
360553714;20935
360570388;20936
360587062;20937
360603735;20938
360620409;20939
360637083;20940
360653756;20941
360670430;20942
360687103;20943
360703777;20944
360737124;20945
360753798;20946
360770472;20947
360787145;20948
360803819;20949
360820492;20950
360837166;20951
360853840;20952
360870513;20953
360887187;20954
360903861;20955
360920534;20956
360937208;20957
360953882;20958
360970555;20959
360987229;20960
361003902;20961
361020576;20962
361037250;20963
361053923;20964
361070597;20965
361087271;20966
361103944;20967
361120618;20968
361137292;20969
361153965;20970
361170639;20971
361187312;20972
361203986;20973
361237333;20974
361254007;20975
361270681;20976
361287354;20977
361304028;20978
361320702;20979
361337375;20980
361354049;20981
361370723;20982
361387396;20983
361404070;20984
361420743;20985
361437417;20986
361454091;20987
361470764;20988
361487438;20989
361504112;20990
361520785;20991
361537459;20992
361554133;20993
361570806;20994
361587480;20995
361604153;20996
361620827;20997
361637501;20998
361654174;20999
361670848;21000
361687522;21001
361704195;21002
361737543;21003
361754216;21004
361770890;21005
361787563;21006
361804237;21007
361820911;21008
361837584;21009
361854258;21010
361870932;21011
361887605;21012
361904279;21013
361920953;21014
361937626;21015
361954300;21016
361970973;21017
361987647;21018
362004321;21019
362020994;21020
362037668;21021
362054342;21022
362071015;21023
362087689;21024
362104363;21025
362121036;21026
362137710;21027
362154383;21028
362171057;21029
362187731;21030
362204404;21031
362237752;21032
362254425;21033
362271099;21034
362287772;21035
362304446;21036
362321120;21037
362337793;21038
362354467;21039
362371141;21040
362387814;21041
362404488;21042
362421162;21043
362437835;21044
362454509;21045
362471183;21046
362487856;21047
362504530;21048
362521203;21049
362537877;21050
362554551;21051
362571224;21052
362587898;21053
362604572;21054
362621245;21055
362637919;21056
362654593;21057
362671266;21058
362687940;21059
362704613;21060
362737961;21061
362754634;21062
362771308;21063
362787982;21064
362804655;21065
362821329;21066
362838002;21067
362854676;21068
362871350;21069
362888023;21070
362904697;21071
362921371;21072
362938044;21073
362954718;21074
362971392;21075
362988065;21076
363004739;21077
363021413;21078
363038086;21079
363054760;21080
363071434;21081
363088107;21082
363104781;21083
363121454;21084
363138128;21085
363154802;21086
363171475;21087
363188149;21088
363204823;21089
363238170;21090
363254843;21091
363271517;21092
363288191;21093
363304864;21094
363321538;21095
363338212;21096
363354885;21097
363371559;21098
363388233;21099
363404906;21100
363421580;21101
363438253;21102
363454927;21103
363471601;21104
363488274;21105
363504948;21106
363521622;21107
363538295;21108
363554969;21109
363571643;21110
363588316;21111
363604990;21112
363621663;21113
363638337;21114
363655011;21115
363671684;21116
363688358;21117
363705032;21118
363738379;21119
363755053;21120
363771726;21121
363788400;21122
363805074;21123
363821747;21124
363838421;21125
363855094;21126
363871768;21127
363888442;21128
363905115;21129
363921789;21130
363938463;21131
363955136;21132
363971810;21133
363988484;21134
364005157;21135
364021831;21136
364038504;21137
364055178;21138
364071852;21139
364088525;21140
364105199;21141
364121873;21142
364138546;21143
364155220;21144
364171894;21145
364188567;21146
364205241;21147
364238588;21148
364255262;21149
364271935;21150
364288609;21151
364305283;21152
364321956;21153
364338630;21154
364355304;21155
364371977;21156
364388651;21157
364405325;21158
364421998;21159
364438672;21160
364455345;21161
364472019;21162
364488693;21163
364505366;21164
364522040;21165
364538714;21166
364555387;21167
364572061;21168
364588735;21169
364605408;21170
364622082;21171
364638755;21172
364655429;21173
364672103;21174
364688776;21175
364705450;21176
364738797;21177
364755471;21178
364772144;21179
364788818;21180
364805492;21181
364822165;21182
364838839;21183
364855513;21184
364872186;21185
364888860;21186
364905534;21187
364922207;21188
364938881;21189
364955554;21190
364972228;21191
364988902;21192
365005575;21193
365022249;21194
365038923;21195
365055596;21196
365072270;21197
365088944;21198
365105617;21199
365122291;21200
365138965;21201
365155638;21202
365172312;21203
365188985;21204
365205659;21205
365239006;21206
365255680;21207
365272354;21208
365289027;21209
365305701;21210
365322375;21211
365339048;21212
365355722;21213
365372395;21214
365389069;21215
365405743;21216
365422416;21217
365439090;21218
365455764;21219
365472437;21220
365489111;21221
365505785;21222
365522458;21223
365539132;21224
365555805;21225
365572479;21226
365589153;21227
365605826;21228
365622500;21229
365639174;21230
365655847;21231
365672521;21232
365689195;21233
365705868;21234
365739215;21235
365755889;21236
365772563;21237
365789236;21238
365805910;21239
365822584;21240
365839257;21241
365855931;21242
365872605;21243
365889278;21244
365905952;21245
365922625;21246
365939299;21247
365955973;21248
365972646;21249
365989320;21250
366005994;21251
366022667;21252
366039341;21253
366056015;21254
366072688;21255
366089362;21256
366106036;21257
366122709;21258
366139383;21259
366156056;21260
366172730;21261
366189404;21262
366206077;21263
366239425;21264
366256098;21265
366272772;21266
366289446;21267
366306119;21268
366322793;21269
366339466;21270
366356140;21271
366372814;21272
366389487;21273
366406161;21274
366422835;21275
366439508;21276
366456182;21277
366472856;21278
366489529;21279
366506203;21280
366522876;21281
366539550;21282
366556224;21283
366572897;21284
366589571;21285
366606245;21286
366622918;21287
366639592;21288
366656266;21289
366672939;21290
366689613;21291
366706286;21292
366739634;21293
366756307;21294
366772981;21295
366789655;21296
366806328;21297
366823002;21298
366839676;21299
366856349;21300
366873023;21301
366889696;21302
366906370;21303
366923044;21304
366939717;21305
366956391;21306
366973065;21307
366989738;21308
367006412;21309
367023086;21310
367039759;21311
367056433;21312
367073107;21313
367089780;21314
367106454;21315
367123127;21316
367139801;21317
367156475;21318
367173148;21319
367189822;21320
367206496;21321
367239843;21322
367256517;21323
367273190;21324
367289864;21325
367306537;21326
367323211;21327
367339885;21328
367356558;21329
367373232;21330
367389906;21331
367406579;21332
367423253;21333
367439927;21334
367456600;21335
367473274;21336
367489947;21337
367506621;21338
367523295;21339
367539968;21340
367556642;21341
367573316;21342
367589989;21343
367606663;21344
367623337;21345
367640010;21346
367656684;21347
367673357;21348
367690031;21349
367706705;21350
367740052;21351
367756726;21352
367773399;21353
367790073;21354
367806747;21355
367823420;21356
367840094;21357
367856768;21358
367873441;21359
367890115;21360
367906788;21361
367923462;21362
367940136;21363
367956809;21364
367973483;21365
367990157;21366
368006830;21367
368023504;21368
368040178;21369
368056851;21370
368073525;21371
368090198;21372
368106872;21373
368123546;21374
368140219;21375
368156893;21376
368173567;21377
368190240;21378
368206914;21379
368240261;21380
368256935;21381
368273609;21382
368290282;21383
368306956;21384
368323629;21385
368340303;21386
368356977;21387
368373650;21388
368390324;21389
368406998;21390
368423671;21391
368440345;21392
368457018;21393
368473692;21394
368490366;21395
368507039;21396
368523713;21397
368540387;21398
368557060;21399
368573734;21400
368590408;21401
368607081;21402
368623755;21403
368640429;21404
368657102;21405
368673776;21406
368690449;21407
368707123;21408
368740470;21409
368757144;21410
368773818;21411
368790491;21412
368807165;21413
368823839;21414
368840512;21415
368857186;21416
368873859;21417
368890533;21418
368907207;21419
368923880;21420
368940554;21421
368957228;21422
368973901;21423
368990575;21424
369007249;21425
369023922;21426
369040596;21427
369057269;21428
369073943;21429
369090617;21430
369107290;21431
369123964;21432
369140638;21433
369157311;21434
369173985;21435
369190659;21436
369207332;21437
369240680;21438
369257353;21439
369274027;21440
369290700;21441
369307374;21442
369324048;21443
369340721;21444
369357395;21445
369374069;21446
369390742;21447
369407416;21448
369424090;21449
369440763;21450
369457437;21451
369474110;21452
369490784;21453
369507458;21454
369524131;21455
369540805;21456
369557479;21457
369574152;21458
369590826;21459
369607500;21460
369624173;21461
369640847;21462
369657521;21463
369674194;21464
369690868;21465
369707542;21466
369740889;21467
369757562;21468
369774236;21469
369790910;21470
369807583;21471
369824257;21472
369840930;21473
369857604;21474
369874278;21475
369890951;21476
369907625;21477
369924299;21478
369940972;21479
369957646;21480
369974320;21481
369990993;21482
370007667;21483
370024341;21484
370041014;21485
370057688;21486
370074361;21487
370091035;21488
370107709;21489
370124382;21490
370141056;21491
370157730;21492
370174403;21493
370191077;21494
370207751;21495
370241098;21496
370257771;21497
370274445;21498
370291119;21499
370307792;21500
370324466;21501
370341140;21502
370357813;21503
370374487;21504
370391161;21505
370407834;21506
370424508;21507
370441182;21508
370457855;21509
370474529;21510
370491202;21511
370507876;21512
370524550;21513
370541223;21514
370557897;21515
370574571;21516
370591244;21517
370607918;21518
370624592;21519
370641265;21520
370657939;21521
370674613;21522
370691286;21523
370707960;21524
370741307;21525
370757981;21526
370774654;21527
370791328;21528
370808002;21529
370824675;21530
370841349;21531
370858023;21532
370874696;21533
370891370;21534
370908043;21535
370924717;21536
370941391;21537
370958064;21538
370974738;21539
370991412;21540
371008085;21541
371024759;21542
371041433;21543
371058106;21544
371074780;21545
371091454;21546
371108127;21547
371124801;21548
371141474;21549
371158148;21550
371174822;21551
371191495;21552
371208169;21553
371241516;21554
371258190;21555
371274864;21556
371291537;21557
371308211;21558
371324884;21559
371341558;21560
371358232;21561
371374905;21562
371391579;21563
371408253;21564
371424926;21565
371441600;21566
371458273;21567
371474947;21568
371491621;21569
371508295;21570
371524968;21571
371541642;21572
371558315;21573
371574989;21574
371591663;21575
371608336;21576
371625010;21577
371641684;21578
371658357;21579
371675031;21580
371691705;21581
371708378;21582
371741725;21583
371758399;21584
371775073;21585
371791746;21586
371808420;21587
371825094;21588
371841767;21589
371858441;21590
371875115;21591
371891788;21592
371908462;21593
371925135;21594
371941809;21595
371958483;21596
371975156;21597
371991830;21598
372008504;21599
372025177;21600
372041851;21601
372058525;21602
372075198;21603
372091872;21604
372108546;21605
372125219;21606
372141893;21607
372158566;21608
372175240;21609
372191914;21610
372208587;21611
372241935;21612
372258608;21613
372275282;21614
372291956;21615
372308629;21616
372325303;21617
372341977;21618
372358650;21619
372375324;21620
372391997;21621
372408671;21622
372425345;21623
372442018;21624
372458692;21625
372475366;21626
372492039;21627
372508713;21628
372525387;21629
372542060;21630
372558734;21631
372575407;21632
372592081;21633
372608755;21634
372625428;21635
372642102;21636
372658776;21637
372675449;21638
372692123;21639
372708797;21640
372742144;21641
372758817;21642
372775491;21643
372792165;21644
372808838;21645
372825512;21646
372842186;21647
372858859;21648
372875533;21649
372892207;21650
372908880;21651
372925554;21652
372942228;21653
372958901;21654
372975575;21655
372992248;21656
373008922;21657
373025596;21658
373042269;21659
373058943;21660
373075617;21661
373092290;21662
373108964;21663
373125638;21664
373142311;21665
373158985;21666
373175659;21667
373192332;21668
373209006;21669
373242353;21670
373259027;21671
373275700;21672
373292374;21673
373309048;21674
373325721;21675
373342395;21676
373359068;21677
373375742;21678
373392416;21679
373409089;21680
373425763;21681
373442437;21682
373459110;21683
373475784;21684
373492458;21685
373509131;21686
373525805;21687
373542479;21688
373559152;21689
373575826;21690
373592500;21691
373609173;21692
373625847;21693
373642520;21694
373659194;21695
373675868;21696
373692541;21697
373709215;21698
373742562;21699
373759236;21700
373775910;21701
373792583;21702
373809257;21703
373825930;21704
373842604;21705
373859278;21706
373875951;21707
373892625;21708
373909299;21709
373925972;21710
373942646;21711
373959320;21712
373975993;21713
373992667;21714
374009341;21715
374026014;21716
374042688;21717
374059361;21718
374076035;21719
374092709;21720
374109382;21721
374126056;21722
374142730;21723
374159403;21724
374176077;21725
374192751;21726
374209424;21727
374242772;21728
374259445;21729
374276119;21730
374292792;21731
374309466;21732
374326140;21733
374342813;21734
374359487;21735
374376161;21736
374392834;21737
374409508;21738
374426182;21739
374442855;21740
374459529;21741
374476203;21742
374492876;21743
374509550;21744
374526223;21745
374542897;21746
374559571;21747
374576244;21748
374592918;21749
374609592;21750
374626265;21751
374642939;21752
374659613;21753
374676286;21754
374692960;21755
374709633;21756
374742981;21757
374759654;21758
374776328;21759
374793002;21760
374809675;21761
374826349;21762
374843023;21763
374859696;21764
374876370;21765
374893044;21766
374909717;21767
374926391;21768
374943065;21769
374959738;21770
374976412;21771
374993085;21772
375009759;21773
375026433;21774
375043106;21775
375059780;21776
375076454;21777
375093127;21778
375109801;21779
375126474;21780
375143148;21781
375159822;21782
375176495;21783
375193169;21784
375209843;21785
375243190;21786
375259864;21787
375276537;21788
375293211;21789
375309885;21790
375326558;21791
375343232;21792
375359906;21793
375376579;21794
375393253;21795
375409926;21796
375426600;21797
375443274;21798
375459947;21799
375476621;21800
375493295;21801
375509968;21802
375526642;21803
375543316;21804
375559989;21805
375576663;21806
375593336;21807
375610010;21808
375626684;21809
375643357;21810
375660031;21811
375676705;21812
375693378;21813
375710052;21814
375743399;21815
375760073;21816
375776747;21817
375793420;21818
375810094;21819
375826767;21820
375843441;21821
375860115;21822
375876788;21823
375893462;21824
375910136;21825
375926809;21826
375943483;21827
375960157;21828
375976830;21829
375993504;21830
376010178;21831
376026851;21832
376043525;21833
376060198;21834
376076872;21835
376093546;21836
376110219;21837
376126893;21838
376143567;21839
376160240;21840
376176914;21841
376193588;21842
376210261;21843
376243608;21844
376260282;21845
376276956;21846
376293629;21847
376310303;21848
376326977;21849
376343650;21850
376360324;21851
376376998;21852
376393671;21853
376410345;21854
376427019;21855
376443692;21856
376460366;21857
376477040;21858
376493713;21859
376510387;21860
376527060;21861
376543734;21862
376560408;21863
376577081;21864
376593755;21865
376610429;21866
376627102;21867
376643776;21868
376660450;21869
376677123;21870
376693797;21871
376710470;21872
376743818;21873
376760491;21874
376777165;21875
376793839;21876
376810512;21877
376827186;21878
376843860;21879
376860533;21880
376877207;21881
376893880;21882
376910554;21883
376927228;21884
376943901;21885
376960575;21886
376977249;21887
376993922;21888
377010596;21889
377027270;21890
377043943;21891
377060617;21892
377077291;21893
377093964;21894
377110638;21895
377127311;21896
377143985;21897
377160659;21898
377177332;21899
377194006;21900
377210680;21901
377244027;21902
377260701;21903
377277374;21904
377294048;21905
377310722;21906
377327395;21907
377344069;21908
377360742;21909
377377416;21910
377394090;21911
377410763;21912
377427437;21913
377444111;21914
377460784;21915
377477458;21916
377494132;21917
377510805;21918
377527479;21919
377544153;21920
377560826;21921
377577500;21922
377594174;21923
377610847;21924
377627521;21925
377644194;21926
377660868;21927
377677542;21928
377694215;21929
377710889;21930
377744236;21931
377760910;21932
377777583;21933
377794257;21934
377810931;21935
377827604;21936
377844278;21937
377860952;21938
377877625;21939
377894299;21940
377910973;21941
377927646;21942
377944320;21943
377960994;21944
377977667;21945
377994341;21946
378011015;21947
378027688;21948
378044362;21949
378061035;21950
378077709;21951
378094383;21952
378111056;21953
378127730;21954
378144404;21955
378161077;21956
378177751;21957
378194425;21958
378211098;21959
378244446;21960
378261119;21961
378277793;21962
378294466;21963
378311140;21964
378327814;21965
378344487;21966
378361161;21967
378377835;21968
378394508;21969
378411182;21970
378427856;21971
378444529;21972
378461203;21973
378477876;21974
378494550;21975
378511224;21976
378527897;21977
378544571;21978
378561245;21979
378577918;21980
378594592;21981
378611266;21982
378627939;21983
378644613;21984
378661287;21985
378677960;21986
378694634;21987
378711307;21988
378744655;21989
378761328;21990
378778002;21991
378794676;21992
378811349;21993
378828023;21994
378844697;21995
378861370;21996
378878044;21997
378894718;21998
378911391;21999
378928065;22000
378944738;22001
378961412;22002
378978086;22003
378994759;22004
379011433;22005
379028107;22006
379044780;22007
379061454;22008
379078128;22009
379094801;22010
379111475;22011
-1;-1
-1;-1
-1;-1
-1;-1
-1;-1
-1;-1
-1;-1
-1;-1
-1;-1
-1;-1
-1;-1
-1;-1
-1;-1
-1;-1
-1;-1
-1;-1
-1;-1
-1;-1
-1;-1
-1;-1
-1;-1
-1;-1
-1;-1
-1;-1
-1;-1
-1;-1
-1;-1
-1;-1
-1;-1
-1;-1
-1;-1
-1;-1
-1;-1
-1;-1
-1;-1
-1;-1
-1;-1
-1;-1
-1;-1
-1;-1
-1;-1
-1;-1
-1;-1
-1;-1
-1;-1
-1;-1
-1;-1
-1;-1
-1;-1
-1;-1
-1;-1
-1;-1
-1;-1
-1;-1
-1;-1
-1;-1
-1;-1
-1;-1
-1;-1
-1;-1
-1;-1
-1;-1
-1;-1
-1;-1
-1;-1
-1;-1
-1;-1
-1;-1
-1;-1
-1;-1
-1;-1
-1;-1
-1;-1
-1;-1
-1;-1
-1;-1
-1;-1
-1;-1
-1;-1
-1;-1
-1;-1
-1;-1
-1;-1
-1;-1
-1;-1
-1;-1
-1;-1
-1;-1
-1;-1
-1;-1
-1;-1
-1;-1
-1;-1
-1;-1
-1;-1
-1;-1
-1;-1
-1;-1
-1;-1
-1;-1
-1;-1
-1;-1
-1;-1
-1;-1
-1;-1
-1;-1
-1;-1
-1;-1
-1;-1
-1;-1
-1;-1
-1;-1
-1;-1
-1;-1
-1;-1
-1;-1
-1;-1
-1;-1
-1;-1
-1;-1
-1;-1
-1;-1
-1;-1
-1;-1
-1;-1
-1;-1
-1;-1
-1;-1
-1;-1
-1;-1
-1;-1
-1;-1
-1;-1
-1;-1
-1;-1
-1;-1
-1;-1
-1;-1
-1;-1
-1;-1
-1;-1
-1;-1
-1;-1
-1;-1
-1;-1
-1;-1
-1;-1
-1;-1
-1;-1
-1;-1
-1;-1
-1;-1
-1;-1
-1;-1
-1;-1
-1;-1
-1;-1
-1;-1
-1;-1
-1;-1
-1;-1
-1;-1
-1;-1
-1;-1
-1;-1
-1;-1
