115034555;6700
115051228;6701
115067902;6702
115084576;6703
115101249;6704
115117923;6705
115134597;6706
115151270;6707
115167944;6708
115184618;6709
115201292;6710
115217965;6711
115234639;6712
115251313;6713
115267986;6714
115284660;6715
115318007;6716
115334681;6717
115351355;6718
115368029;6719
115384702;6720
115401376;6721
115418050;6722
115434723;6723
115451397;6724
115468071;6725
115484744;6726
115501418;6727
115518092;6728
115534766;6729
115551439;6730
115568113;6731
115584787;6732
115601460;6733
115618134;6734
115634808;6735
115651481;6736
115668155;6737
115684829;6738
115701503;6739
115718176;6740
115734850;6741
115751524;6742
115768197;6743
115784871;6744
115818218;6745
115834892;6746
115851566;6747
115868240;6748
115884913;6749
115901587;6750
115918261;6751
115934934;6752
115951608;6753
115968282;6754
115984956;6755
116001629;6756
116018303;6757
116034977;6758
116051650;6759
116068324;6760
116084998;6761
116101671;6762
116118345;6763
116135019;6764
116151693;6765
116168366;6766
116185040;6767
116201714;6768
116218387;6769
116235061;6770
116251735;6771
116268408;6772
116285082;6773
116318429;6774
116335103;6775
116351777;6776
116368451;6777
116385124;6778
116401798;6779
116418472;6780
116435145;6781
116451819;6782
116468493;6783
116485167;6784
116501840;6785
116518514;6786
116535188;6787
116551861;6788
116568535;6789
116585209;6790
116601882;6791
116618556;6792
116635230;6793
116651904;6794
116668577;6795
116685251;6796
116701925;6797
116718598;6798
116735272;6799
116751946;6800
116768619;6801
116785293;6802
116818641;6803
116835314;6804
116851988;6805
116868662;6806
116885335;6807
116902009;6808
116918683;6809
116935356;6810
116952030;6811
116968704;6812
116985378;6813
117002051;6814
117018725;6815
117035399;6816
117052072;6817
117068746;6818
117085420;6819
117102093;6820
117118767;6821
117135441;6822
117152115;6823
117168788;6824
117185462;6825
117202136;6826
117218809;6827
117235483;6828
117252157;6829
117268831;6830
117285504;6831
117318852;6832
117335525;6833
117352199;6834
117368873;6835
117385546;6836
117402220;6837
117418894;6838
117435568;6839
117452241;6840
117468915;6841
117485589;6842
117502262;6843
117518936;6844
117535610;6845
117552283;6846
117568957;6847
117585631;6848
117602305;6849
117618978;6850
117635652;6851
117652326;6852
117668999;6853
117685673;6854
117702347;6855
117719020;6856
117735694;6857
117752368;6858
117769042;6859
117785715;6860
117819063;6861
117835736;6862
117852410;6863
117869084;6864
117885757;6865
117902431;6866
117919105;6867
117935779;6868
117952452;6869
117969126;6870
117985800;6871
118002473;6872
118019147;6873
118035821;6874
118052494;6875
118069168;6876
118085842;6877
118102516;6878
118119189;6879
118135863;6880
118152537;6881
118169210;6882
118185884;6883
118202558;6884
118219231;6885
118235905;6886
118252579;6887
118269253;6888
118285926;6889
118319274;6890
118335947;6891
118352621;6892
118369295;6893
118385968;6894
118402642;6895
118419316;6896
118435990;6897
118452663;6898
118469337;6899
118486011;6900
118502684;6901
118519358;6902
118536032;6903
118552706;6904
118569379;6905
118586053;6906
118602727;6907
118619400;6908
118636074;6909
118652748;6910
118669421;6911
118686095;6912
118702769;6913
118719443;6914
118736116;6915
118752790;6916
118769464;6917
118786137;6918
118819485;6919
118836158;6920
118852832;6921
118869506;6922
118886180;6923
118902853;6924
118919527;6925
118936201;6926
118952874;6927
118969548;6928
118986222;6929
119002895;6930
119019569;6931
119036243;6932
119052917;6933
119069590;6934
119086264;6935
119102938;6936
119119611;6937
119136285;6938
119152959;6939
119169632;6940
119186306;6941
119202980;6942
119219654;6943
119236327;6944
119253001;6945
119269675;6946
119286348;6947
119319696;6948
119336370;6949
119353043;6950
119369717;6951
119386391;6952
119403064;6953
119419738;6954
119436412;6955
119453085;6956
119469759;6957
119486433;6958
119503107;6959
119519780;6960
119536454;6961
119553128;6962
119569801;6963
119586475;6964
119603149;6965
119619823;6966
119636496;6967
119653170;6968
119669844;6969
119686517;6970
119703191;6971
119719865;6972
119736538;6973
119753212;6974
119769886;6975
119786559;6976
119819907;6977
119836581;6978
119853254;6979
119869928;6980
119886602;6981
119903275;6982
119919949;6983
119936623;6984
119953296;6985
119969970;6986
119986644;6987
120003318;6988
120019991;6989
120036665;6990
120053339;6991
120070012;6992
120086686;6993
120103360;6994
120120034;6995
120136707;6996
120153381;6997
120170055;6998
120186728;6999
120203402;7000
120220076;7001
120236749;7002
120253423;7003
120270097;7004
120286771;7005
120320118;7006
120336792;7007
120353465;7008
120370139;7009
120386813;7010
120403486;7011
120420160;7012
120436834;7013
120453508;7014
120470181;7015
120486855;7016
120503529;7017
120520202;7018
120536876;7019
120553550;7020
120570224;7021
120586897;7022
120603571;7023
120620245;7024
120636918;7025
120653592;7026
120670266;7027
120686939;7028
120703613;7029
120720287;7030
120736961;7031
120753634;7032
120770308;7033
120786982;7034
120820329;7035
120837003;7036
120853676;7037
120870350;7038
120887024;7039
120903698;7040
120920371;7041
120937045;7042
120953719;7043
120970392;7044
120987066;7045
121003740;7046
121020413;7047
121037087;7048
121053761;7049
121070435;7050
121087108;7051
121103782;7052
121120456;7053
121137129;7054
121153803;7055
121170477;7056
121187150;7057
121203824;7058
121220498;7059
121237172;7060
121253845;7061
121270519;7062
121287193;7063
121320540;7064
121337214;7065
121353888;7066
121370561;7067
121387235;7068
121403909;7069
121420582;7070
121437256;7071
121453930;7072
121470603;7073
121487277;7074
121503951;7075
121520624;7076
121537298;7077
121553972;7078
121570646;7079
121587319;7080
121603993;7081
121620667;7082
121637340;7083
121654014;7084
121670688;7085
121687362;7086
121704035;7087
121720709;7088
121737383;7089
121754056;7090
121770730;7091
121787404;7092
121820751;7093
121837425;7094
121854099;7095
121870772;7096
121887446;7097
121904120;7098
121920793;7099
121937467;7100
121954141;7101
121970815;7102
121987488;7103
122004162;7104
122020836;7105
122037509;7106
122054183;7107
122070857;7108
122087530;7109
122104204;7110
122120878;7111
122137551;7112
122154225;7113
122170899;7114
122187573;7115
122204246;7116
122220920;7117
122237594;7118
122254267;7119
122270941;7120
122287615;7121
122304289;7122
122337636;7123
122354310;7124
122370983;7125
122387657;7126
122404331;7127
122421004;7128
122437678;7129
122454352;7130
122471026;7131
122487699;7132
122504373;7133
122521047;7134
122537720;7135
122554394;7136
122571068;7137
122587741;7138
122604415;7139
122621089;7140
122637763;7141
122654436;7142
122671110;7143
122687784;7144
122704457;7145
122721131;7146
122737805;7147
122754478;7148
122771152;7149
122787826;7150
122804500;7151
122837847;7152
122854521;7153
122871194;7154
122887868;7155
122904542;7156
122921216;7157
122937889;7158
122954563;7159
122971237;7160
122987910;7161
123004584;7162
123021258;7163
123037931;7164
123054605;7165
123071279;7166
123087953;7167
123104626;7168
123121300;7169
123137974;7170
123154647;7171
123171321;7172
123187995;7173
123204668;7174
123221342;7175
123238016;7176
123254689;7177
123271363;7178
123288037;7179
123304711;7180
123338058;7181
123354732;7182
123371405;7183
123388079;7184
123404753;7185
123421427;7186
123438100;7187
123454774;7188
123471448;7189
123488121;7190
123504795;7191
123521469;7192
123538142;7193
123554816;7194
123571490;7195
123588164;7196
123604837;7197
123621511;7198
123638185;7199
123654858;7200
123671532;7201
123688206;7202
123704880;7203
123721553;7204
123738227;7205
123754901;7206
123771574;7207
123788248;7208
123804922;7209
123838269;7210
123854943;7211
123871616;7212
123888290;7213
123904964;7214
123921638;7215
123938311;7216
123954985;7217
123971659;7218
123988332;7219
124005006;7220
124021680;7221
124038353;7222
124055027;7223
124071701;7224
124088375;7225
124105048;7226
124121722;7227
124138396;7228
124155069;7229
124171743;7230
124188417;7231
124205091;7232
124221764;7233
124238438;7234
124255112;7235
124271785;7236
124288459;7237
124305133;7238
124338480;7239
124355154;7240
124371828;7241
124388501;7242
124405175;7243
124421849;7244
124438522;7245
124455196;7246
124471870;7247
124488543;7248
124505217;7249
124521891;7250
124538565;7251
124555238;7252
124571912;7253
124588586;7254
124605259;7255
124621933;7256
124638607;7257
124655281;7258
124671954;7259
124688628;7260
124705302;7261
124721975;7262
124738649;7263
124755323;7264
124771996;7265
124788670;7266
124805344;7267
124838691;7268
124855365;7269
124872039;7270
124888712;7271
124905386;7272
124922060;7273
124938733;7274
124955407;7275
124972081;7276
124988754;7277
125005428;7278
125022102;7279
125038776;7280
125055449;7281
125072123;7282
125088797;7283
125105470;7284
125122144;7285
125138818;7286
125155491;7287
125172165;7288
125188839;7289
125205513;7290
125222186;7291
125238860;7292
125255534;7293
125272207;7294
125288881;7295
125305555;7296
125338902;7297
125355576;7298
125372250;7299
125388923;7300
125405597;7301
125422271;7302
125438944;7303
125455618;7304
125472292;7305
125488965;7306
125505639;7307
125522313;7308
125538987;7309
125555660;7310
125572334;7311
125589008;7312
125605681;7313
125622355;7314
125639029;7315
125655703;7316
125672376;7317
125689050;7318
125705724;7319
125722397;7320
125739071;7321
125755745;7322
125772418;7323
125789092;7324
125805766;7325
125839113;7326
125855787;7327
125872461;7328
125889134;7329
125905808;7330
125922482;7331
125939155;7332
125955829;7333
125972503;7334
125989176;7335
126005850;7336
126022524;7337
126039198;7338
126055871;7339
126072545;7340
126089219;7341
126105892;7342
126122566;7343
126139240;7344
126155914;7345
126172587;7346
126189261;7347
126205935;7348
126222608;7349
126239282;7350
126255956;7351
126272629;7352
126289303;7353
126305977;7354
126339324;7355
126355998;7356
126372672;7357
126389345;7358
126406019;7359
126422693;7360
126439366;7361
126456040;7362
126472714;7363
126489387;7364
126506061;7365
126522735;7366
126539409;7367
126556082;7368
126572756;7369
126589430;7370
126606103;7371
126622777;7372
126639451;7373
126656124;7374
126672798;7375
126689472;7376
126706146;7377
126722819;7378
126739493;7379
126756167;7380
126772840;7381
126789514;7382
126806188;7383
126839535;7384
126856209;7385
126872883;7386
126889556;7387
126906230;7388
126922904;7389
126939577;7390
126956251;7391
126972925;7392
126989598;7393
127006272;7394
127022946;7395
127039619;7396
127056293;7397
127072967;7398
127089641;7399
127106314;7400
127122988;7401
127139662;7402
127156335;7403
127173009;7404
127189683;7405
127206357;7406
127223030;7407
127239704;7408
127256378;7409
127273051;7410
127289725;7411
127306399;7412
127339746;7413
127356420;7414
127373094;7415
127389767;7416
127406441;7417
127423115;7418
127439788;7419
127456462;7420
127473136;7421
127489809;7422
127506483;7423
127523157;7424
127539830;7425
127556504;7426
127573178;7427
127589852;7428
127606525;7429
127623199;7430
127639873;7431
127656546;7432
127673220;7433
127689894;7434
127706567;7435
127723241;7436
127739915;7437
127756589;7438
127773262;7439
127789936;7440
127806610;7441
127839957;7442
127856631;7443
127873305;7444
127889978;7445
127906652;7446
127923326;7447
127939999;7448
127956673;7449
127973347;7450
127990020;7451
128006694;7452
128023368;7453
128040041;7454
128056715;7455
128073389;7456
128090063;7457
128106736;7458
128123410;7459
128140084;7460
128156757;7461
128173431;7462
128190105;7463
128206778;7464
128223452;7465
128240126;7466
128256800;7467
128273473;7468
128290147;7469
128306821;7470
128340168;7471
128356842;7472
128373515;7473
128390189;7474
128406863;7475
128423536;7476
128440210;7477
128456884;7478
128473558;7479
128490231;7480
128506905;7481
128523579;7482
128540252;7483
128556926;7484
128573600;7485
128590274;7486
128606947;7487
128623621;7488
128640295;7489
128656968;7490
128673642;7491
128690316;7492
128706989;7493
128723663;7494
128740337;7495
128757011;7496
128773684;7497
128790358;7498
128807032;7499
128823705;7500
128857053;7501
128873726;7502
128890400;7503
128907074;7504
128923748;7505
128940421;7506
128957095;7507
128973769;7508
128990442;7509
129007116;7510
129023790;7511
129040463;7512
129057137;7513
129073811;7514
129090485;7515
129107158;7516
129123832;7517
129140506;7518
129157179;7519
129173853;7520
129190527;7521
129207200;7522
129223874;7523
129240548;7524
129257221;7525
129273895;7526
129290569;7527
129307243;7528
129323916;7529
129357264;7530
129373937;7531
129390611;7532
129407285;7533
129423958;7534
129440632;7535
129457306;7536
129473980;7537
129490653;7538
129507327;7539
129524001;7540
129540674;7541
129557348;7542
129574022;7543
129590695;7544
129607369;7545
129624043;7546
129640717;7547
129657390;7548
129674064;7549
129690738;7550
129707411;7551
129724085;7552
129740759;7553
129757432;7554
129774106;7555
129790780;7556
129807454;7557
129824127;7558
129857475;7559
129874148;7560
129890822;7561
129907496;7562
129924169;7563
129940843;7564
129957517;7565
129974191;7566
129990864;7567
130007538;7568
130024212;7569
130040885;7570
130057559;7571
130074233;7572
130090906;7573
130107580;7574
130124254;7575
130140927;7576
130157601;7577
130174275;7578
130190949;7579
130207622;7580
130224296;7581
130240970;7582
130257643;7583
130274317;7584
130290991;7585
130307665;7586
130324338;7587
130357686;7588
130374359;7589
130391033;7590
130407707;7591
130424380;7592
130441054;7593
130457728;7594
130474401;7595
130491075;7596
130507749;7597
130524423;7598
130541096;7599
130557770;7600
130574444;7601
130591117;7602
130607791;7603
130624465;7604
130641138;7605
130657812;7606
130674486;7607
130691160;7608
130707833;7609
130724507;7610
130741181;7611
130757854;7612
130774528;7613
130791202;7614
130807876;7615
130824549;7616
130857897;7617
130874570;7618
130891244;7619
130907918;7620
130924591;7621
130941265;7622
130957939;7623
130974612;7624
130991286;7625
131007960;7626
131024634;7627
131041307;7628
131057981;7629
131074655;7630
131091328;7631
131108002;7632
131124676;7633
131141349;7634
131158023;7635
131174697;7636
131191371;7637
131208044;7638
131224718;7639
131241392;7640
131258065;7641
131274739;7642
131291413;7643
131308086;7644
131324760;7645
131358107;7646
131374781;7647
131391455;7648
131408129;7649
131424802;7650
131441476;7651
131458150;7652
131474823;7653
131491497;7654
131508171;7655
131524844;7656
131541518;7657
131558192;7658
131574866;7659
131591539;7660
131608213;7661
131624887;7662
131641560;7663
131658234;7664
131674908;7665
131691581;7666
131708255;7667
131724929;7668
131741603;7669
131758276;7670
131774950;7671
131791624;7672
131808297;7673
131824971;7674
131858318;7675
131874992;7676
131891666;7677
131908339;7678
131925013;7679
131941687;7680
131958361;7681
131975034;7682
131991708;7683
132008382;7684
132025055;7685
132041729;7686
132058403;7687
132075076;7688
132091750;7689
132108424;7690
132125098;7691
132141771;7692
132158445;7693
132175119;7694
132191792;7695
132208466;7696
132225140;7697
132241813;7698
132258487;7699
132275161;7700
132291835;7701
132308508;7702
132325182;7703
132358529;7704
132375203;7705
132391877;7706
132408550;7707
132425224;7708
132441898;7709
132458571;7710
132475245;7711
-1;-1
132508593;7713
132525266;7714
132541940;7715
132558614;7716
132575287;7717
132591961;7718
132608635;7719
132625308;7720
132641982;7721
132658656;7722
132675330;7723
132692003;7724
132708677;7725
132725351;7726
132742024;7727
132758698;7728
132775372;7729
132792045;7730
132808719;7731
132825393;7732
132858740;7733
132875414;7734
132892088;7735
132908761;7736
132925435;7737
132942109;7738
132958782;7739
132975456;7740
132992130;7741
133008803;7742
133025477;7743
133042151;7744
133058825;7745
133075498;7746
133092172;7747
133108846;7748
133125519;7749
133142193;7750
133158867;7751
133175541;7752
133192214;7753
133208888;7754
133225562;7755
133242235;7756
133258909;7757
133275583;7758
133292256;7759
133308930;7760
133325604;7761
133358951;7762
133375625;7763
133392299;7764
133408972;7765
133425646;7766
133442320;7767
133458993;7768
133475667;7769
133492341;7770
133509014;7771
133525688;7772
133542362;7773
133559036;7774
133575709;7775
133592383;7776
133609057;7777
133625730;7778
133642404;7779
133659078;7780
133675751;7781
133692425;7782
133709099;7783
133725772;7784
133742446;7785
133759120;7786
133775794;7787
133792467;7788
133809141;7789
133825815;7790
133859162;7791
133875836;7792
133892509;7793
133909183;7794
133925857;7795
133942531;7796
133959204;7797
133975878;7798
133992552;7799
134009225;7800
134025899;7801
134042573;7802
134059246;7803
134075920;7804
134092594;7805
134109267;7806
134125941;7807
134142615;7808
134159289;7809
134175962;7810
134192636;7811
134209310;7812
134225983;7813
134242657;7814
134259331;7815
134276004;7816
134292678;7817
134309352;7818
134326026;7819
134359373;7820
134376047;7821
134392720;7822
134409394;7823
134426068;7824
134442741;7825
134459415;7826
134476089;7827
134492762;7828
134509436;7829
134526110;7830
134542784;7831
134559457;7832
134576131;7833
134592805;7834
134609478;7835
134626152;7836
134642826;7837
134659499;7838
134676173;7839
134692847;7840
134709521;7841
134726194;7842
134742868;7843
134759542;7844
134776215;7845
134792889;7846
134809563;7847
134826236;7848
134859584;7849
134876257;7850
134892931;7851
134909605;7852
134926279;7853
134942952;7854
134959626;7855
134976300;7856
134992973;7857
135009647;7858
135026321;7859
135042994;7860
135059668;7861
135076342;7862
135093015;7863
135109689;7864
135126363;7865
135143037;7866
135159710;7867
135176384;7868
135193058;7869
135209731;7870
135226405;7871
135243079;7872
135259753;7873
135276426;7874
135293100;7875
135309774;7876
135326447;7877
135359795;7878
135376468;7879
135393142;7880
135409816;7881
135426489;7882
135443163;7883
135459837;7884
135476511;7885
135493184;7886
135509858;7887
135526532;7888
135543205;7889
135559879;7890
135576553;7891
135593226;7892
135609900;7893
135626574;7894
135643247;7895
135659921;7896
135676595;7897
135693269;7898
135709942;7899
135726616;7900
135743290;7901
135759963;7902
135776637;7903
135793311;7904
135809984;7905
135826658;7906
135860005;7907
135876679;7908
135893353;7909
135910027;7910
135926700;7911
135943374;7912
135960048;7913
135976721;7914
135993395;7915
136010069;7916
136026742;7917
136043416;7918
136060090;7919
136076763;7920
136093437;7921
136110111;7922
136126785;7923
136143458;7924
136160132;7925
136176806;7926
136193479;7927
136210153;7928
136226827;7929
136243500;7930
136260174;7931
136276848;7932
136293522;7933
136310195;7934
136326869;7935
136360216;7936
136376890;7937
136393564;7938
136410237;7939
136426911;7940
136443585;7941
136460258;7942
136476932;7943
136493606;7944
136510280;7945
136526953;7946
136543627;7947
136560301;7948
136576974;7949
136593648;7950
136610322;7951
136626995;7952
136643669;7953
136660343;7954
136677016;7955
136693690;7956
136710364;7957
136727038;7958
136743711;7959
136760385;7960
136777059;7961
136793732;7962
136810406;7963
136827080;7964
136860427;7965
136877101;7966
136893774;7967
136910448;7968
136927122;7969
136943796;7970
136960469;7971
136977143;7972
136993817;7973
137010490;7974
137027164;7975
137043838;7976
137060511;7977
137077185;7978
137093859;7979
137110533;7980
137127206;7981
137143880;7982
137160554;7983
137177227;7984
137193901;7985
137210575;7986
137227248;7987
137243922;7988
137260596;7989
137277269;7990
137293943;7991
137310617;7992
137327291;7993
137360638;7994
137377312;7995
137393985;7996
137410659;7997
137427333;7998
137444006;7999
137460680;8000
137477354;8001
137494028;8002
137510701;8003
137527375;8004
137544049;8005
137560722;8006
137577396;8007
137594070;8008
137610743;8009
137627417;8010
137644091;8011
137660764;8012
137677438;8013
137694112;8014
137710786;8015
137727459;8016
137744133;8017
137760807;8018
137777480;8019
137794154;8020
137810828;8021
137827501;8022
137860849;8023
137877522;8024
137894196;8025
137910870;8026
137927544;8027
137944217;8028
137960891;8029
137977565;8030
137994238;8031
138010912;8032
138027586;8033
138044259;8034
138060933;8035
138077607;8036
138094280;8037
138110954;8038
138127628;8039
138144302;8040
138160975;8041
138177649;8042
138194323;8043
138210996;8044
138227670;8045
138244344;8046
138261017;8047
138277691;8048
138294365;8049
138311039;8050
138327712;8051
138361060;8052
138377733;8053
138394407;8054
138411081;8055
138427754;8056
138444428;8057
138461102;8058
138477775;8059
138494449;8060
138511123;8061
138527796;8062
138544470;8063
138561144;8064
138577818;8065
138594491;8066
138611165;8067
138627839;8068
138644512;8069
138661186;8070
138677860;8071
138694533;8072
138711207;8073
138727881;8074
138744555;8075
138761228;8076
138777902;8077
138794576;8078
138811249;8079
138827923;8080
138861270;8081
138877944;8082
138894618;8083
138911291;8084
138927965;8085
138944639;8086
138961313;8087
138977986;8088
138994660;8089
139011334;8090
139028007;8091
139044681;8092
139061355;8093
139078028;8094
139094702;8095
139111376;8096
139128049;8097
139144723;8098
139161397;8099
139178071;8100
139194744;8101
139211418;8102
139228092;8103
139244765;8104
139261439;8105
139278113;8106
139294786;8107
139311460;8108
139328134;8109
139361481;8110
139378155;8111
139394829;8112
139411502;8113
139428176;8114
139444850;8115
139461523;8116
139478197;8117
139494871;8118
139511544;8119
139528218;8120
139544892;8121
139561565;8122
139578239;8123
139594913;8124
139611587;8125
139628260;8126
139644934;8127
139661608;8128
139678281;8129
139694955;8130
139711629;8131
139728302;8132
139744976;8133
139761650;8134
139778323;8135
139794997;8136
139811671;8137
139828345;8138
139861692;8139
139878366;8140
139895039;8141
139911713;8142
139928387;8143
139945060;8144
139961734;8145
139978408;8146
139995082;8147
140011755;8148
140028429;8149
140045103;8150
140061776;8151
140078450;8152
140095124;8153
140111797;8154
140128471;8155
140145145;8156
140161818;8157
140178492;8158
140195166;8159
140211839;8160
140228513;8161
140245187;8162
140261861;8163
140278534;8164
140295208;8165
140311882;8166
140328555;8167
140361903;8168
140378576;8169
140395250;8170
140411924;8171
140428597;8172
140445271;8173
140461945;8174
140478619;8175
140495292;8176
140511966;8177
140528640;8178
140545313;8179
140561987;8180
140578661;8181
140595334;8182
140612008;8183
140628682;8184
140645355;8185
140662029;8186
140678703;8187
140695377;8188
140712050;8189
140728724;8190
140745398;8191
140762071;8192
140778745;8193
140795419;8194
140812092;8195
140828766;8196
140862114;8197
140878787;8198
140895461;8199
140912135;8200
140928808;8201
140945482;8202
140962156;8203
140978829;8204
140995503;8205
141012177;8206
141028850;8207
141045524;8208
141062198;8209
141078871;8210
141095545;8211
141112219;8212
141128893;8213
141145566;8214
141162240;8215
141178914;8216
141195587;8217
141212261;8218
141228935;8219
141245608;8220
141262282;8221
141278956;8222
141295629;8223
141312303;8224
141328977;8225
141362324;8226
141378998;8227
141395672;8228
141412345;8229
141429019;8230
141445693;8231
141462366;8232
141479040;8233
141495714;8234
141512387;8235
141529061;8236
141545735;8237
141562409;8238
141579082;8239
141595756;8240
141612430;8241
141629103;8242
141645777;8243
141662451;8244
141679124;8245
141695798;8246
141712472;8247
141729145;8248
141745819;8249
141762493;8250
141779167;8251
141795840;8252
141812514;8253
141829188;8254
141862535;8255
141879209;8256
141895882;8257
141912556;8258
141929230;8259
141945903;8260
141962577;8261
141979251;8262
141995925;8263
142012598;8264
142029272;8265
142045946;8266
142062619;8267
142079293;8268
142095967;8269
142112640;8270
142129314;8271
142145988;8272
142162661;8273
142179335;8274
142196009;8275
142212682;8276
142229356;8277
142246030;8278
142262703;8279
142279377;8280
142296051;8281
142312725;8282
142329398;8283
142362746;8284
142379419;8285
142396093;8286
142412767;8287
142429440;8288
142446114;8289
142462788;8290
142479461;8291
142496135;8292
142512809;8293
142529483;8294
142546156;8295
142562830;8296
142579504;8297
142596177;8298
142612851;8299
142629525;8300
142646198;8301
142662872;8302
142679546;8303
142696219;8304
142712893;8305
142729567;8306
142746241;8307
142762914;8308
142779588;8309
142796262;8310
142812935;8311
142829609;8312
142862956;8313
142879630;8314
142896304;8315
142912977;8316
142929651;8317
142946325;8318
142962998;8319
142979672;8320
142996346;8321
143013020;8322
143029693;8323
143046367;8324
143063041;8325
143079714;8326
143096388;8327
143113062;8328
143129735;8329
143146409;8330
143163083;8331
143179756;8332
143196430;8333
143213104;8334
143229778;8335
143246451;8336
143263125;8337
143279799;8338
143296472;8339
143313146;8340
143329820;8341
143363167;8342
143379841;8343
143396514;8344
143413188;8345
143429862;8346
143446535;8347
143463209;8348
143479883;8349
143496556;8350
143513230;8351
143529904;8352
143546578;8353
143563251;8354
143579925;8355
143596599;8356
143613272;8357
143629946;8358
143646620;8359
143663293;8360
143679967;8361
143696641;8362
143713314;8363
143729988;8364
143746662;8365
143763335;8366
143780009;8367
143796683;8368
143813357;8369
143830030;8370
143863378;8371
143880051;8372
143896725;8373
143913399;8374
143930072;8375
143946746;8376
143963420;8377
143980093;8378
143996767;8379
144013441;8380
144030115;8381
144046788;8382
144063462;8383
144080136;8384
144096809;8385
144113483;8386
144130157;8387
144146830;8388
144163504;8389
144180178;8390
144196851;8391
144213525;8392
144230199;8393
144246872;8394
144263546;8395
144280220;8396
144296893;8397
144313567;8398
144330241;8399
144363588;8400
144380262;8401
144396936;8402
144413609;8403
144430283;8404
144446957;8405
144463630;8406
144480304;8407
144496978;8408
144513651;8409
144530325;8410
144546999;8411
144563673;8412
144580346;8413
144597020;8414
144613694;8415
144630367;8416
144647041;8417
144663715;8418
144680388;8419
144697062;8420
144713736;8421
144730409;8422
144747083;8423
144763757;8424
144780430;8425
144797104;8426
144813778;8427
144830452;8428
144863799;8429
144880473;8430
144897146;8431
144913820;8432
144930494;8433
144947167;8434
144963841;8435
144980515;8436
144997188;8437
145013862;8438
145030536;8439
145047209;8440
145063883;8441
145080557;8442
145097231;8443
145113904;8444
145130578;8445
145147252;8446
145163925;8447
145180599;8448
145197273;8449
145213946;8450
145230620;8451
145247294;8452
145263967;8453
145280641;8454
145297315;8455
145313988;8456
145330662;8457
145364010;8458
145380683;8459
145397357;8460
145414031;8461
145430704;8462
145447378;8463
145464052;8464
145480725;8465
145497399;8466
145514073;8467
145530746;8468
145547420;8469
145564094;8470
145580767;8471
145597441;8472
145614115;8473
145630789;8474
145647462;8475
145664136;8476
145680810;8477
145697483;8478
145714157;8479
145730831;8480
145747504;8481
145764178;8482
145780852;8483
145797525;8484
145814199;8485
145830873;8486
145864220;8487
145880894;8488
145897567;8489
145914241;8490
145930915;8491
145947589;8492
145964262;8493
145980936;8494
145997610;8495
146014283;8496
146030957;8497
146047631;8498
146064304;8499
146080978;8500
146097652;8501
146114325;8502
146130999;8503
146147673;8504
146164347;8505
146181020;8506
146197694;8507
146214368;8508
146231041;8509
146247715;8510
146264389;8511
146281062;8512
146297736;8513
146314410;8514
146331083;8515
146364431;8516
146381104;8517
146397778;8518
146414452;8519
146431125;8520
146447799;8521
146464473;8522
146481146;8523
146497820;8524
146514494;8525
146531168;8526
146547841;8527
146564515;8528
146581189;8529
146597862;8530
146614536;8531
146631210;8532
146647883;8533
146664557;8534
146681231;8535
146697904;8536
146714578;8537
146731252;8538
146747926;8539
146764599;8540
146781273;8541
146797947;8542
146814620;8543
146831294;8544
146864641;8545
146881315;8546
146897989;8547
146914662;8548
146931336;8549
146948010;8550
146964683;8551
146981357;8552
146998031;8553
147014704;8554
147031378;8555
147048052;8556
147064725;8557
147081399;8558
147098073;8559
147114747;8560
147131420;8561
147148094;8562
147164768;8563
147181441;8564
147198115;8565
147214789;8566
147231462;8567
147248136;8568
147264810;8569
147281483;8570
147298157;8571
147314831;8572
147331504;8573
147364852;8574
147381526;8575
147398199;8576
147414873;8577
147431547;8578
147448220;8579
147464894;8580
147481568;8581
147498241;8582
147514915;8583
147531589;8584
147548262;8585
147564936;8586
147581610;8587
147598283;8588
147614957;8589
147631631;8590
147648304;8591
147664978;8592
147681652;8593
147698325;8594
147714999;8595
147731673;8596
147748347;8597
147765020;8598
-1;-1
-1;-1
-1;-1
-1;-1
-1;-1
-1;-1
-1;-1
-1;-1
-1;-1
-1;-1
-1;-1
-1;-1
-1;-1
-1;-1
-1;-1
-1;-1
-1;-1
-1;-1
-1;-1
-1;-1
-1;-1
-1;-1
-1;-1
-1;-1
-1;-1
-1;-1
-1;-1
-1;-1
-1;-1
-1;-1
-1;-1
-1;-1
-1;-1
-1;-1
-1;-1
-1;-1
-1;-1
-1;-1
-1;-1
-1;-1
-1;-1
-1;-1
-1;-1
-1;-1
-1;-1
-1;-1
-1;-1
-1;-1
-1;-1
-1;-1
-1;-1
-1;-1
-1;-1
-1;-1
-1;-1
-1;-1
-1;-1
-1;-1
-1;-1
-1;-1
-1;-1
-1;-1
-1;-1
-1;-1
-1;-1
