115034670;6698
115051343;6699
115068017;6700
115084691;6701
115101364;6702
115118038;6703
115134712;6704
115151385;6705
115168059;6706
115184733;6707
115201406;6708
115218080;6709
115234754;6710
115251427;6711
115268101;6712
115301448;6713
115318122;6714
115334795;6715
115351469;6716
115368143;6717
115384816;6718
115401490;6719
115418164;6720
115434837;6721
115451511;6722
115468185;6723
115484858;6724
115501532;6725
115518206;6726
115534879;6727
115551553;6728
115568227;6729
115584900;6730
115601574;6731
115618247;6732
115634921;6733
115651595;6734
115668268;6735
115684942;6736
115701616;6737
115718289;6738
115734963;6739
115751637;6740
115768310;6741
115801658;6742
115818331;6743
115835005;6744
115851679;6745
115868352;6746
115885026;6747
115901700;6748
115918373;6749
115935047;6750
115951721;6751
115968394;6752
115985068;6753
116001741;6754
116018415;6755
116035089;6756
116051762;6757
116068436;6758
116085110;6759
116101783;6760
116118457;6761
116135131;6762
116151804;6763
116168478;6764
116185152;6765
116201825;6766
116218499;6767
116235173;6768
116251846;6769
116268520;6770
116301867;6771
116318541;6772
116335214;6773
116351888;6774
116368562;6775
116385235;6776
116401909;6777
116418583;6778
116435256;6779
116451930;6780
116468604;6781
116485277;6782
116501951;6783
116518625;6784
116535298;6785
116551972;6786
116568646;6787
116585319;6788
116601993;6789
116618666;6790
116635340;6791
116652014;6792
116668688;6793
116685361;6794
116702035;6795
116718708;6796
116735382;6797
116752056;6798
116768729;6799
116802077;6800
116818750;6801
116835424;6802
116852098;6803
116868771;6804
116885445;6805
116902119;6806
116918792;6807
116935466;6808
116952139;6809
116968813;6810
116985487;6811
117002160;6812
117018834;6813
117035508;6814
117052181;6815
117068855;6816
117085529;6817
117102202;6818
117118876;6819
117135550;6820
117152223;6821
117168897;6822
117185571;6823
117202244;6824
117218918;6825
117235592;6826
117252265;6827
117268939;6828
117302286;6829
117318960;6830
117335633;6831
117352307;6832
117368981;6833
117385654;6834
117402328;6835
117419002;6836
117435675;6837
117452349;6838
117469023;6839
117485696;6840
117502370;6841
117519044;6842
117535717;6843
117552391;6844
117569065;6845
117585738;6846
117602412;6847
117619085;6848
117635759;6849
117652433;6850
117669107;6851
117685780;6852
117702454;6853
117719127;6854
117735801;6855
117752475;6856
117769148;6857
117802496;6858
117819169;6859
117835843;6860
117852517;6861
117869190;6862
117885864;6863
117902538;6864
117919211;6865
117935885;6866
117952559;6867
117969232;6868
117985906;6869
118002579;6870
118019253;6871
118035927;6872
118052600;6873
118069274;6874
118085948;6875
118102621;6876
118119295;6877
118135969;6878
118152642;6879
118169316;6880
118185990;6881
118202663;6882
118219337;6883
118236011;6884
118252684;6885
118269358;6886
118302705;6887
118319379;6888
118336053;6889
118352726;6890
118369400;6891
118386073;6892
118402747;6893
118419421;6894
118436094;6895
118452768;6896
118469442;6897
118486115;6898
118502789;6899
118519463;6900
118536136;6901
118552810;6902
118569484;6903
118586157;6904
118602831;6905
118619505;6906
118636178;6907
118652852;6908
118669525;6909
118686199;6910
118702873;6911
118719546;6912
118736220;6913
118752894;6914
118769567;6915
118802915;6916
118819588;6917
118836262;6918
118852936;6919
118869609;6920
118886283;6921
118902957;6922
118919630;6923
118936304;6924
118952978;6925
118969651;6926
118986325;6927
119002999;6928
119019672;6929
119036346;6930
119053019;6931
119069693;6932
119086367;6933
119103040;6934
119119714;6935
119136388;6936
119153061;6937
119169735;6938
119186409;6939
119203082;6940
119219756;6941
119236430;6942
119253103;6943
119269777;6944
119303124;6945
119319798;6946
119336472;6947
119353145;6948
119369819;6949
119386492;6950
119403166;6951
119419840;6952
119436513;6953
119453187;6954
119469861;6955
119486534;6956
119503208;6957
119519882;6958
119536555;6959
119553229;6960
119569903;6961
119586576;6962
119603250;6963
119619924;6964
119636597;6965
119653271;6966
119669944;6967
119686618;6968
119703292;6969
119719966;6970
119736639;6971
119753313;6972
119769986;6973
119803334;6974
119820007;6975
119836681;6976
119853355;6977
119870028;6978
119886702;6979
119903376;6980
119920049;6981
119936723;6982
119953397;6983
119970070;6984
119986744;6985
120003418;6986
120020091;6987
120036765;6988
120053438;6989
120070112;6990
120086786;6991
120103459;6992
120120133;6993
120136807;6994
120153480;6995
120170154;6996
120186828;6997
120203501;6998
120220175;6999
120236849;7000
120253522;7001
120270196;7002
120303543;7003
120320217;7004
120336891;7005
120353564;7006
120370238;7007
120386912;7008
120403585;7009
120420259;7010
120436933;7011
120453606;7012
120470280;7013
120486953;7014
120503627;7015
120520301;7016
120536974;7017
120553648;7018
120570322;7019
120586995;7020
120603669;7021
120620343;7022
120637016;7023
120653690;7024
120670364;7025
120687037;7026
120703711;7027
120720385;7028
120737058;7029
120753732;7030
120770405;7031
120803753;7032
120820426;7033
120837100;7034
120853774;7035
120870447;7036
120887121;7037
120903795;7038
120920468;7039
120937142;7040
120953816;7041
120970489;7042
120987163;7043
121003837;7044
121020510;7045
121037184;7046
121053858;7047
121070531;7048
121087205;7049
121103878;7050
121120552;7051
121137226;7052
121153899;7053
121170573;7054
121187247;7055
121203920;7056
121220594;7057
121237268;7058
121253941;7059
121270615;7060
121303962;7061
121320636;7062
121337310;7063
121353983;7064
121370657;7065
121387330;7066
121404004;7067
121420678;7068
121437351;7069
121454025;7070
121470699;7071
121487372;7072
121504046;7073
121520720;7074
121537393;7075
121554067;7076
121570741;7077
121587414;7078
121604088;7079
121620762;7080
121637435;7081
121654109;7082
121670783;7083
121687456;7084
121704130;7085
121720804;7086
121737477;7087
121754151;7088
121770824;7089
121804172;7090
121820845;7091
121837519;7092
121854193;7093
121870866;7094
121887540;7095
121904214;7096
121920887;7097
121937561;7098
121954235;7099
121970908;7100
121987582;7101
122004256;7102
122020929;7103
122037603;7104
122054277;7105
122070950;7106
122087624;7107
122104297;7108
122120971;7109
122137645;7110
122154318;7111
122170992;7112
122187666;7113
122204339;7114
122221013;7115
122237687;7116
122254360;7117
122271034;7118
122304381;7119
122321055;7120
122337729;7121
122354402;7122
122371076;7123
122387750;7124
122404423;7125
122421097;7126
122437771;7127
122454444;7128
122471118;7129
122487791;7130
122504465;7131
122521139;7132
122537812;7133
122554486;7134
122571160;7135
122587833;7136
122604507;7137
122621181;7138
122637854;7139
122654528;7140
122671202;7141
122687875;7142
122704549;7143
122721223;7144
122737896;7145
122754570;7146
122771244;7147
122804591;7148
122821264;7149
122837938;7150
122854612;7151
122871285;7152
122887959;7153
122904633;7154
122921306;7155
122937980;7156
122954654;7157
122971327;7158
122988001;7159
123004675;7160
123021348;7161
123038022;7162
123054696;7163
123071369;7164
123088043;7165
123104716;7166
123121390;7167
123138064;7168
123154737;7169
123171411;7170
123188085;7171
123204758;7172
123221432;7173
123238106;7174
123254779;7175
123271453;7176
123304800;7177
123321474;7178
123338148;7179
123354821;7180
123371495;7181
123388169;7182
123404842;7183
123421516;7184
123438190;7185
123454863;7186
123471537;7187
123488210;7188
123504884;7189
123521558;7190
123538231;7191
123554905;7192
123571579;7193
123588252;7194
123604926;7195
123621600;7196
123638273;7197
123654947;7198
123671621;7199
123688294;7200
123704968;7201
123721642;7202
123738315;7203
123754989;7204
123771663;7205
123805010;7206
123821683;7207
123838357;7208
123855031;7209
123871704;7210
123888378;7211
123905052;7212
123921725;7213
123938399;7214
123955073;7215
123971746;7216
123988420;7217
124005094;7218
124021767;7219
124038441;7220
124055115;7221
124071788;7222
124088462;7223
124105136;7224
124121809;7225
124138483;7226
124155157;7227
124171830;7228
124188504;7229
124205177;7230
124221851;7231
124238525;7232
124255198;7233
124271872;7234
124305219;7235
124321893;7236
124338567;7237
124355240;7238
124371914;7239
124388588;7240
124405261;7241
124421935;7242
124438608;7243
124455282;7244
124471956;7245
124488629;7246
124505303;7247
124521977;7248
124538650;7249
124555324;7250
124571998;7251
124588671;7252
124605345;7253
124622019;7254
124638692;7255
124655366;7256
124672040;7257
124688713;7258
124705387;7259
124722061;7260
124738734;7261
124755408;7262
124772082;7263
124805429;7264
124822102;7265
124838776;7266
124855450;7267
124872123;7268
124888797;7269
124905471;7270
124922144;7271
124938818;7272
124955492;7273
124972165;7274
124988839;7275
125005513;7276
125022186;7277
125038860;7278
125055534;7279
125072207;7280
125088881;7281
125105554;7282
125122228;7283
125138902;7284
125155575;7285
125172249;7286
125188923;7287
125205596;7288
125222270;7289
125238944;7290
125255617;7291
125272291;7292
125305638;7293
125322312;7294
125338985;7295
125355659;7296
125372333;7297
125389006;7298
125405680;7299
125422354;7300
125439027;7301
125455701;7302
125472375;7303
125489048;7304
125505722;7305
125522396;7306
125539069;7307
125555743;7308
125572417;7309
125589090;7310
125605764;7311
125622437;7312
125639111;7313
125655785;7314
125672459;7315
125689132;7316
125705806;7317
125722479;7318
125739153;7319
125755827;7320
125772500;7321
125805848;7322
125822521;7323
125839195;7324
125855869;7325
125872542;7326
125889216;7327
125905890;7328
125922563;7329
125939237;7330
125955910;7331
125972584;7332
125989258;7333
126005931;7334
126022605;7335
126039279;7336
126055952;7337
126072626;7338
126089300;7339
126105973;7340
126122647;7341
126139321;7342
126155994;7343
126172668;7344
126189342;7345
126206015;7346
126222689;7347
126239363;7348
126256036;7349
126272710;7350
126306057;7351
126322731;7352
126339404;7353
126356078;7354
126372752;7355
126389425;7356
126406099;7357
126422773;7358
126439446;7359
126456120;7360
126472794;7361
126489467;7362
126506141;7363
126522814;7364
126539488;7365
126556162;7366
126572835;7367
126589509;7368
126606183;7369
126622856;7370
126639530;7371
126656204;7372
126672877;7373
126689551;7374
126706225;7375
126722898;7376
126739572;7377
126756246;7378
126772919;7379
126806266;7380
126822940;7381
126839614;7382
126856288;7383
126872961;7384
126889635;7385
126906308;7386
126922982;7387
126939656;7388
126956329;7389
126973003;7390
126989677;7391
127006350;7392
127023024;7393
127039698;7394
127056371;7395
127073045;7396
127089719;7397
127106392;7398
127123066;7399
127139739;7400
127156413;7401
127173087;7402
127189760;7403
127206434;7404
127223108;7405
127239781;7406
127256455;7407
127273129;7408
127306476;7409
127323150;7410
127339823;7411
127356497;7412
127373171;7413
127389844;7414
127406518;7415
127423191;7416
127439865;7417
127456539;7418
127473212;7419
127489886;7420
127506560;7421
127523233;7422
127539907;7423
127556581;7424
127573254;7425
127589928;7426
127606602;7427
127623275;7428
127639949;7429
127656623;7430
127673296;7431
127689970;7432
127706643;7433
127723317;7434
127739991;7435
127756664;7436
127773338;7437
127806685;7438
127823359;7439
127840033;7440
127856706;7441
127873380;7442
127890054;7443
127906727;7444
127923401;7445
127940074;7446
127956748;7447
127973422;7448
127990095;7449
128006769;7450
128023443;7451
128040116;7452
128056790;7453
128073464;7454
128090137;7455
128106811;7456
128123485;7457
128140158;7458
128156832;7459
128173506;7460
128190179;7461
128206853;7462
128223527;7463
128240200;7464
128256874;7465
128273547;7466
128306895;7467
128323568;7468
128340242;7469
128356916;7470
128373589;7471
128390263;7472
128406937;7473
128423610;7474
128440284;7475
128456958;7476
128473631;7477
128490305;7478
128506979;7479
128523652;7480
128540326;7481
128556999;7482
128573673;7483
128590347;7484
128607020;7485
128623694;7486
128640368;7487
128657041;7488
128673715;7489
128690389;7490
128707062;7491
128723736;7492
128740410;7493
128757083;7494
128773757;7495
128807104;7496
128823778;7497
128840451;7498
128857125;7499
128873799;7500
128890472;7501
128907146;7502
128923820;7503
128940493;7504
128957167;7505
128973841;7506
128990514;7507
129007188;7508
129023862;7509
129040535;7510
129057209;7511
129073882;7512
129090556;7513
129107230;7514
129123903;7515
129140577;7516
129157251;7517
129173924;7518
129190598;7519
129207272;7520
129223945;7521
129240619;7522
129257293;7523
129273966;7524
129307314;7525
129323987;7526
129340661;7527
129357335;7528
129374008;7529
129390682;7530
129407355;7531
129424029;7532
129440703;7533
129457376;7534
129474050;7535
129490724;7536
129507397;7537
129524071;7538
129540745;7539
129557418;7540
129574092;7541
129590765;7542
129607439;7543
129624113;7544
129640786;7545
129657460;7546
129674134;7547
129690807;7548
129707481;7549
129724155;7550
129740828;7551
129757502;7552
129774176;7553
129807523;7554
129824197;7555
129840870;7556
129857544;7557
129874218;7558
129890891;7559
129907565;7560
129924238;7561
129940912;7562
129957586;7563
129974259;7564
129990933;7565
130007607;7566
130024280;7567
130040954;7568
130057628;7569
130074301;7570
130090975;7571
130107649;7572
130124322;7573
130140996;7574
130157670;7575
130174343;7576
130191017;7577
130207690;7578
130224364;7579
130241038;7580
130257711;7581
130274385;7582
130307732;7583
130324406;7584
130341080;7585
130357753;7586
130374427;7587
130391101;7588
130407774;7589
130424448;7590
130441121;7591
130457795;7592
130474469;7593
130491142;7594
130507816;7595
130524490;7596
130541163;7597
130557837;7598
130574511;7599
130591184;7600
130607858;7601
130624532;7602
130641205;7603
130657879;7604
130674553;7605
130691226;7606
130707900;7607
130724573;7608
130741247;7609
130757921;7610
130774594;7611
130807942;7612
130824615;7613
130841289;7614
130857963;7615
130874636;7616
130891310;7617
130907984;7618
130924657;7619
130941331;7620
130958004;7621
130974678;7622
130991352;7623
131008025;7624
131024699;7625
131041373;7626
131058046;7627
131074720;7628
131091394;7629
131108067;7630
131124741;7631
131141415;7632
131158088;7633
131174762;7634
131191436;7635
131208109;7636
131224783;7637
131241456;7638
131258130;7639
131274804;7640
131308151;7641
131324825;7642
131341498;7643
131358172;7644
131374846;7645
131391519;7646
131408193;7647
131424867;7648
131441540;7649
131458214;7650
131474887;7651
131491561;7652
131508235;7653
131524908;7654
131541582;7655
131558256;7656
131574929;7657
131591603;7658
131608277;7659
131624950;7660
131641624;7661
131658298;7662
131674971;7663
131691645;7664
131708318;7665
131724992;7666
131741666;7667
131758339;7668
131775013;7669
131808360;7670
131825034;7671
131841708;7672
131858381;7673
131875055;7674
131891729;7675
131908402;7676
131925076;7677
131941750;7678
131958423;7679
131975097;7680
131991771;7681
132008444;7682
132025118;7683
132041791;7684
132058465;7685
132075139;7686
132091812;7687
132108486;7688
132125160;7689
132141833;7690
132158507;7691
132175181;7692
132191854;7693
132208528;7694
132225202;7695
132241875;7696
132258549;7697
132275222;7698
132308570;7699
132325243;7700
132341917;7701
132358591;7702
132375264;7703
132391938;7704
132408612;7705
132425285;7706
132441959;7707
132458633;7708
132475306;7709
-1;-1
132508654;7711
132525327;7712
132542001;7713
132558674;7714
132575348;7715
132592022;7716
132608695;7717
132625369;7718
132642043;7719
132658716;7720
132675390;7721
132692064;7722
132708737;7723
132725411;7724
132742085;7725
132758758;7726
132775432;7727
132808779;7728
132825453;7729
132842126;7730
132858800;7731
132875474;7732
132892147;7733
132908821;7734
132925495;7735
132942168;7736
132958842;7737
132975516;7738
132992189;7739
133008863;7740
133025537;7741
133042210;7742
133058884;7743
133075557;7744
133092231;7745
133108905;7746
133125578;7747
133142252;7748
133158926;7749
133175599;7750
133192273;7751
133208947;7752
133225620;7753
133242294;7754
133258968;7755
133275641;7756
133308989;7757
133325662;7758
133342336;7759
133359009;7760
133375683;7761
133392357;7762
133409030;7763
133425704;7764
133442378;7765
133459051;7766
133475725;7767
133492399;7768
133509072;7769
133525746;7770
133542420;7771
133559093;7772
133575767;7773
133592440;7774
133609114;7775
133625788;7776
133642461;7777
133659135;7778
133675809;7779
133692482;7780
133709156;7781
133725830;7782
133742503;7783
133759177;7784
133775850;7785
133809198;7786
133825872;7787
133842545;7788
133859219;7789
133875892;7790
133892566;7791
133909240;7792
133925913;7793
133942587;7794
133959261;7795
133975934;7796
133992608;7797
134009281;7798
134025955;7799
134042629;7800
134059302;7801
134075976;7802
134092650;7803
134109323;7804
134125997;7805
134142671;7806
134159344;7807
134176018;7808
134192692;7809
134209365;7810
134226039;7811
134242713;7812
134259386;7813
134276060;7814
134309407;7815
134326081;7816
134342754;7817
134359428;7818
134376102;7819
134392775;7820
134409449;7821
134426123;7822
134442796;7823
134459470;7824
134476144;7825
134492817;7826
134509491;7827
134526164;7828
134542838;7829
134559512;7830
134576185;7831
134592859;7832
134609533;7833
134626206;7834
134642880;7835
134659554;7836
134676227;7837
134692901;7838
134709575;7839
134726248;7840
134742922;7841
134759595;7842
134776269;7843
134809616;7844
134826290;7845
134842964;7846
134859637;7847
134876311;7848
134892985;7849
134909658;7850
134926332;7851
134943006;7852
134959679;7853
134976353;7854
134993027;7855
135009700;7856
135026374;7857
135043047;7858
135059721;7859
135076395;7860
135093068;7861
135109742;7862
135126416;7863
135143089;7864
135159763;7865
135176437;7866
135193110;7867
135209784;7868
135226458;7869
135243131;7870
135259805;7871
135276478;7872
135309826;7873
135326499;7874
135343173;7875
135359847;7876
135376520;7877
135393194;7878
135409868;7879
135426541;7880
135443215;7881
135459888;7882
135476562;7883
135493236;7884
135509909;7885
135526583;7886
135543257;7887
135559930;7888
135576604;7889
135593278;7890
135609951;7891
135626625;7892
135643299;7893
135659972;7894
135676646;7895
135693319;7896
135709993;7897
135726667;7898
135743340;7899
135760014;7900
135776688;7901
135810035;7902
135826709;7903
135843382;7904
135860056;7905
135876730;7906
135893403;7907
135910077;7908
135926750;7909
135943424;7910
135960098;7911
135976771;7912
135993445;7913
136010119;7914
136026792;7915
136043466;7916
136060140;7917
136076813;7918
136093487;7919
136110161;7920
136126834;7921
136143508;7922
136160181;7923
136176855;7924
136193529;7925
136210202;7926
136226876;7927
136243550;7928
136260223;7929
136276897;7930
136310244;7931
136326918;7932
136343591;7933
136360265;7934
136376939;7935
136393612;7936
136410286;7937
136426960;7938
136443633;7939
136460307;7940
136476981;7941
136493654;7942
136510328;7943
136527002;7944
136543675;7945
136560349;7946
136577023;7947
136593696;7948
136610370;7949
136627043;7950
136643717;7951
136660391;7952
136677064;7953
136693738;7954
136710412;7955
136727085;7956
136743759;7957
136760433;7958
136777106;7959
136810453;7960
136827127;7961
136843801;7962
136860474;7963
136877148;7964
136893822;7965
136910495;7966
136927169;7967
136943843;7968
136960516;7969
136977190;7970
136993864;7971
137010537;7972
137027211;7973
137043884;7974
137060558;7975
137077232;7976
137093905;7977
137110579;7978
137127253;7979
137143926;7980
137160600;7981
137177274;7982
137193947;7983
137210621;7984
137227295;7985
137243968;7986
137260642;7987
137277315;7988
137293989;7989
137327336;7990
137344010;7991
137360684;7992
137377357;7993
137394031;7994
137410705;7995
137427378;7996
137444052;7997
137460726;7998
137477399;7999
137494073;8000
137510746;8001
137527420;8002
137544094;8003
137560767;8004
137577441;8005
137594115;8006
137610788;8007
137627462;8008
137644136;8009
137660809;8010
137677483;8011
137694156;8012
137710830;8013
137727504;8014
137744177;8015
137760851;8016
137777525;8017
137794198;8018
137827546;8019
137844219;8020
137860893;8021
137877567;8022
137894240;8023
137910914;8024
137927587;8025
137944261;8026
137960935;8027
137977608;8028
137994282;8029
138010956;8030
138027629;8031
138044303;8032
138060977;8033
138077650;8034
138094324;8035
138110997;8036
138127671;8037
138144345;8038
138161018;8039
138177692;8040
138194366;8041
138211039;8042
138227713;8043
138244387;8044
138261060;8045
138277734;8046
138294408;8047
138327755;8048
138344428;8049
138361102;8050
138377776;8051
138394449;8052
138411123;8053
138427797;8054
138444470;8055
138461144;8056
138477818;8057
138494491;8058
138511165;8059
138527838;8060
138544512;8061
138561186;8062
138577859;8063
138594533;8064
138611207;8065
138627880;8066
138644554;8067
138661228;8068
138677901;8069
138694575;8070
138711249;8071
138727922;8072
138744596;8073
138761269;8074
138777943;8075
138794617;8076
138827964;8077
138844638;8078
138861311;8079
138877985;8080
138894659;8081
138911332;8082
138928006;8083
138944680;8084
138961353;8085
138978027;8086
138994700;8087
139011374;8088
139028048;8089
139044721;8090
139061395;8091
139078069;8092
139094742;8093
139111416;8094
139128090;8095
139144763;8096
139161437;8097
139178110;8098
139194784;8099
139211458;8100
139228131;8101
139244805;8102
139261479;8103
139278152;8104
139294826;8105
139328173;8106
139344847;8107
139361521;8108
139378194;8109
139394868;8110
139411541;8111
139428215;8112
139444889;8113
139461562;8114
139478236;8115
139494910;8116
139511583;8117
139528257;8118
139544931;8119
139561604;8120
139578278;8121
139594952;8122
139611625;8123
139628299;8124
139644972;8125
139661646;8126
139678320;8127
139694993;8128
139711667;8129
139728341;8130
139745014;8131
139761688;8132
139778362;8133
139795035;8134
139828383;8135
139845056;8136
139861730;8137
139878403;8138
139895077;8139
139911751;8140
139928424;8141
139945098;8142
139961772;8143
139978445;8144
139995119;8145
140011793;8146
140028466;8147
140045140;8148
140061813;8149
140078487;8150
140095161;8151
140111834;8152
140128508;8153
140145182;8154
140161855;8155
140178529;8156
140195203;8157
140211876;8158
140228550;8159
140245223;8160
140261897;8161
140278571;8162
140295244;8163
140328592;8164
140345265;8165
140361939;8166
140378613;8167
140395286;8168
140411960;8169
140428634;8170
140445307;8171
140461981;8172
140478654;8173
140495328;8174
140512002;8175
140528675;8176
140545349;8177
140562023;8178
140578696;8179
140595370;8180
140612044;8181
140628717;8182
140645391;8183
140662065;8184
140678738;8185
140695412;8186
140712085;8187
140728759;8188
140745433;8189
140762106;8190
140778780;8191
140795454;8192
140828801;8193
140845475;8194
140862148;8195
140878822;8196
140895495;8197
140912169;8198
140928843;8199
140945516;8200
140962190;8201
140978864;8202
140995537;8203
141012211;8204
141028885;8205
141045558;8206
141062232;8207
141078906;8208
141095579;8209
141112253;8210
141128926;8211
141145600;8212
141162274;8213
141178947;8214
141195621;8215
141212295;8216
141228968;8217
141245642;8218
141262316;8219
141278989;8220
141295663;8221
141329010;8222
141345684;8223
141362357;8224
141379031;8225
141395705;8226
141412378;8227
141429052;8228
141445725;8229
141462399;8230
141479073;8231
141495747;8232
141512420;8233
141529094;8234
141545767;8235
141562441;8236
141579115;8237
141595788;8238
141612462;8239
141629136;8240
141645809;8241
141662483;8242
141679157;8243
141695830;8244
141712504;8245
141729177;8246
141745851;8247
141762525;8248
141779198;8249
141795872;8250
141829219;8251
141845893;8252
141862567;8253
141879240;8254
141895914;8255
141912587;8256
141929261;8257
141945935;8258
141962608;8259
141979282;8260
141995956;8261
142012629;8262
142029303;8263
142045977;8264
142062650;8265
142079324;8266
142095997;8267
142112671;8268
142129345;8269
142146018;8270
142162692;8271
142179366;8272
142196039;8273
142212713;8274
142229387;8275
142246060;8276
142262734;8277
142279407;8278
142296081;8279
142329428;8280
142346102;8281
142362776;8282
142379449;8283
142396123;8284
142412797;8285
142429470;8286
142446144;8287
142462817;8288
142479491;8289
142496165;8290
142512838;8291
142529512;8292
142546186;8293
142562859;8294
142579533;8295
142596207;8296
142612880;8297
142629554;8298
142646227;8299
142662901;8300
142679575;8301
142696248;8302
142712922;8303
142729596;8304
142746269;8305
142762943;8306
142779617;8307
142796290;8308
142829637;8309
142846311;8310
142862985;8311
142879658;8312
142896332;8313
142913006;8314
142929679;8315
142946353;8316
142963027;8317
142979700;8318
142996374;8319
143013047;8320
143029721;8321
143046395;8322
143063068;8323
143079742;8324
143096416;8325
143113089;8326
143129763;8327
143146437;8328
143163110;8329
143179784;8330
143196457;8331
143213131;8332
143229805;8333
143246478;8334
143263152;8335
143279826;8336
143296499;8337
143329846;8338
143346520;8339
143363194;8340
143379867;8341
143396541;8342
143413215;8343
143429888;8344
143446562;8345
143463236;8346
143479909;8347
143496583;8348
143513257;8349
143529930;8350
143546604;8351
143563277;8352
143579951;8353
143596625;8354
143613298;8355
143629972;8356
143646646;8357
143663319;8358
143679993;8359
143696666;8360
143713340;8361
143730014;8362
143746687;8363
143763361;8364
143780035;8365
143796708;8366
143830056;8367
143846729;8368
143863403;8369
143880077;8370
143896750;8371
143913424;8372
143930097;8373
143946771;8374
143963445;8375
143980118;8376
143996792;8377
144013466;8378
144030139;8379
144046813;8380
144063487;8381
144080160;8382
144096834;8383
144113507;8384
144130181;8385
144146855;8386
144163528;8387
144180202;8388
144196876;8389
144213549;8390
144230223;8391
144246897;8392
144263570;8393
144280244;8394
144296917;8395
144330265;8396
144346938;8397
144363612;8398
144380286;8399
144396959;8400
144413633;8401
144430306;8402
144446980;8403
144463654;8404
144480327;8405
144497001;8406
144513675;8407
144530348;8408
144547022;8409
144563696;8410
144580369;8411
144597043;8412
144613716;8413
144630390;8414
144647064;8415
144663737;8416
144680411;8417
144697085;8418
144713758;8419
144730432;8420
144747106;8421
144763779;8422
144780453;8423
144797126;8424
144830474;8425
144847147;8426
144863821;8427
144880495;8428
144897168;8429
144913842;8430
144930516;8431
144947189;8432
144963863;8433
144980536;8434
144997210;8435
145013884;8436
145030557;8437
145047231;8438
145063905;8439
145080578;8440
145097252;8441
145113925;8442
145130599;8443
145147273;8444
145163946;8445
145180620;8446
145197294;8447
145213967;8448
145230641;8449
145247315;8450
145263988;8451
145280662;8452
145297335;8453
145330683;8454
145347356;8455
145364030;8456
145380704;8457
145397377;8458
145414051;8459
145430724;8460
145447398;8461
145464072;8462
145480745;8463
145497419;8464
145514093;8465
145530766;8466
145547440;8467
145564114;8468
145580787;8469
145597461;8470
145614135;8471
145630808;8472
145647482;8473
145664155;8474
145680829;8475
145697503;8476
145714176;8477
145730850;8478
145747524;8479
145764197;8480
145780871;8481
145797545;8482
145830892;8483
145847565;8484
145864239;8485
145880913;8486
145897586;8487
145914260;8488
145930934;8489
145947607;8490
145964281;8491
145980955;8492
145997628;8493
146014302;8494
146030975;8495
146047649;8496
146064323;8497
146080996;8498
146097670;8499
146114344;8500
146131017;8501
146147691;8502
146164364;8503
146181038;8504
146197712;8505
146214385;8506
146231059;8507
146247733;8508
146264406;8509
146281080;8510
146297753;8511
146331101;8512
146347774;8513
146364448;8514
146381122;8515
146397795;8516
146414469;8517
146431143;8518
146447816;8519
146464490;8520
146481163;8521
146497837;8522
146514511;8523
146531184;8524
146547858;8525
146564532;8526
146581205;8527
146597879;8528
146614553;8529
146631226;8530
146647900;8531
146664573;8532
146681247;8533
146697921;8534
146714594;8535
146731268;8536
146747942;8537
146764615;8538
146781289;8539
146797963;8540
146831310;8541
146847983;8542
146864657;8543
146881331;8544
146898004;8545
146914678;8546
146931352;8547
146948025;8548
146964699;8549
146981372;8550
146998046;8551
147014720;8552
147031393;8553
147048067;8554
147064741;8555
147081414;8556
147098088;8557
147114762;8558
147131435;8559
147148109;8560
147164782;8561
147181456;8562
147198130;8563
147214803;8564
147231477;8565
147248151;8566
147264824;8567
147281498;8568
147298171;8569
147331519;8570
147348192;8571
147364866;8572
147381540;8573
147398213;8574
147414887;8575
147431561;8576
147448234;8577
147464908;8578
147481581;8579
147498255;8580
147514929;8581
147531602;8582
147548276;8583
147564950;8584
147581623;8585
147598297;8586
147614971;8587
147631644;8588
147648318;8589
147664991;8590
147681665;8591
147698339;8592
147715012;8593
147731686;8594
147748360;8595
147765033;8596
-1;-1
-1;-1
-1;-1
-1;-1
-1;-1
-1;-1
-1;-1
-1;-1
-1;-1
-1;-1
-1;-1
-1;-1
-1;-1
-1;-1
-1;-1
-1;-1
-1;-1
-1;-1
-1;-1
-1;-1
-1;-1
-1;-1
-1;-1
-1;-1
-1;-1
-1;-1
-1;-1
-1;-1
-1;-1
-1;-1
-1;-1
-1;-1
-1;-1
-1;-1
-1;-1
-1;-1
-1;-1
-1;-1
-1;-1
-1;-1
-1;-1
-1;-1
-1;-1
-1;-1
-1;-1
-1;-1
-1;-1
-1;-1
-1;-1
-1;-1
-1;-1
-1;-1
-1;-1
-1;-1
-1;-1
-1;-1
-1;-1
-1;-1
-1;-1
-1;-1
-1;-1
-1;-1
-1;-1
-1;-1
-1;-1
